#  Index into NumPy file "pose_data_ycbv-21-epos.npz".
#  Created at  6:52PM EDT on Sep 11, 2023
#    DATASET:   ycbv
#    OBJECT:    21
#    ESTIMATOR: epos
#  The errors reported in this file have taken discrete and continuous object symmetries into account.
#  Bounding boxes are recorded in pixel coordinates as ((upper-left x, y), (lower-right x, y)) with the origin in the upper-left.
#
#  When a row is marked as a TP, it does not necessarily mean that the bounding boxes overlap.
#  For each ground-truth instance, the prediction best overlapping that instance belongs to that ground-truth.
#  All TPs are in the corresponding *.npz file.
#
#  When a row is marked as a FN, it means that there is a ground-truth but the predictor failed to make a prediction at all.
#  FNs are NOT recorded in the *.npz at all.
#
#  When a row is marked as a FP, it means the predictor hallucinated; there is no corresponding ground-truth instance.
#  FPs are NOT recorded in the *.npz at all.
#
#  Scene  <t>  Frame  <t>  Index  <t>  Error cat.  <t>  Visibility ratio  <t>  Score  <t>  R_err(degrees)  <t>  t_err(meters)  <t>  Gr.Tr.BBox  <t>  Pred.BBox
000057	1	0	TP	0.9162934894936273	0.0	32.73985653264992	0.07065987257662175	331.0,205.0,426.0,299.0	57.0,1.0,78.0,1.0
000057	24	1	TP	0.8914097679251819	0.0	13.443185642441616	0.14333372993094562	331.0,210.0,425.0,303.0	57.0,24.0,78.0,24.0
000057	38	2	TP	0.9187826086956522	0.0	110.32723351427576	0.16348391843304877	331.0,215.0,425.0,308.0	57.0,38.0,78.0,38.0
000057	49	3	TP	0.8920236851271334	0.0	108.38815002544196	0.12906439859596322	320.0,225.0,414.0,318.0	57.0,49.0,78.0,49.0
000057	61	4	TP	0.9122990915443746	0.0	108.70854987029179	0.11081289142080912	321.0,232.0,414.0,325.0	57.0,61.0,78.0,61.0
000057	74	5	TP	0.8917929952953476	0.0	107.75456265498087	0.10070471554588341	320.0,243.0,413.0,336.0	57.0,74.0,78.0,74.0
000057	81	6	TP	0.8567221067221067	0.0	106.5335809708935	0.2006640478648791	310.0,226.0,402.0,319.0	57.0,81.0,78.0,81.0
000057	88	7	TP	0.8855704115297794	0.0	113.2741364026854	0.1644759530533557	298.0,220.0,391.0,313.0	57.0,88.0,78.0,88.0
000057	119	8	TP	0.8890990371389271	0.0	110.79672097633262	0.1530469478193158	295.0,214.0,387.0,308.0	57.0,119.0,78.0,119.0
000057	246	9	TP	0.8707538013587836	0.0	9.605461072379622	0.08468361910349155	297.0,188.0,390.0,285.0	57.0,246.0,78.0,246.0
000057	483	10	TP	0.9196655218754666	0.0	16.14851104266901	0.06374002325438259	308.0,254.0,402.0,353.0	57.0,483.0,78.0,483.0
000057	518	11	TP	0.9145261293179805	0.0	16.83745272754045	0.03985862060857976	291.0,263.0,385.0,363.0	57.0,518.0,78.0,518.0
000057	526	12	TP	0.949187289500659	0.0	9.98555032718222	0.03417183855258276	283.0,266.0,377.0,366.0	57.0,526.0,78.0,526.0
000057	528	13	TP	0.9059529033201696	0.0	13.719857890229035	0.041155115245994946	281.0,267.0,374.0,367.0	57.0,528.0,78.0,528.0
000057	537	14	TP	0.9084323384526224	0.0	14.69295388594755	0.0385735537399463	278.0,262.0,372.0,363.0	57.0,537.0,78.0,537.0
000057	541	15	TP	0.9025804581037982	0.0	12.012910543815035	0.04301901752166235	282.0,259.0,376.0,359.0	57.0,541.0,78.0,541.0
000057	553	16	TP	0.9113741339491916	0.0	12.290744081191903	0.05494951471835411	287.0,246.0,380.0,347.0	57.0,553.0,78.0,553.0
000057	554	17	TP	0.9222782984859409	0.0	17.931271200342312	0.01936767341743715	286.0,245.0,380.0,346.0	57.0,554.0,78.0,554.0
000057	565	18	TP	0.9009943181818182	0.0	9.894956257763269	0.024925300759697726	283.0,245.0,377.0,347.0	57.0,565.0,78.0,565.0
000057	574	19	TP	0.9071000139489469	0.0	9.084810187296116	0.04312901506909225	288.0,240.0,382.0,343.0	57.0,574.0,78.0,574.0
000057	575	20	TP	0.9274193548387096	0.0	8.293054702357598	0.044276491991187626	288.0,239.0,383.0,342.0	57.0,575.0,78.0,575.0
000057	584	21	TP	0.8969564623993449	0.0	10.423792680585985	0.048614188913496025	285.0,240.0,381.0,345.0	57.0,584.0,78.0,584.0
000057	592	22	TP	0.9209779818992301	0.0	10.626616168904492	0.03695894297349315	282.0,255.0,378.0,360.0	57.0,592.0,78.0,592.0
000057	597	23	TP	0.9089321692411014	0.0	11.008067903916379	0.039098985385939956	284.0,255.0,380.0,361.0	57.0,597.0,78.0,597.0
000057	606	24	TP	0.9208852372117678	0.0	17.00184309139205	0.030055794243365665	285.0,251.0,381.0,357.0	57.0,606.0,78.0,606.0
000057	610	25	TP	0.92448632377961	0.0	8.814806103832913	0.04926149759972153	289.0,246.0,386.0,354.0	57.0,610.0,78.0,610.0
000057	613	26	TP	0.925369266649391	0.0	10.929828409087586	0.0318316395548316	289.0,247.0,387.0,355.0	57.0,613.0,78.0,613.0
000057	621	27	TP	0.9047619047619048	0.0	2.0162953168532742	0.006687877264382222	293.0,249.0,392.0,358.0	57.0,621.0,78.0,621.0
000057	790	28	TP	0.9126825680361459	0.0	3.1769775144778793	0.01111044210946238	346.0,258.0,452.0,378.0	57.0,790.0,78.0,790.0
000057	844	29	TP	0.9524553571428571	0.0	1.9665361721272425	0.021882273865667982	295.0,275.0,389.0,393.0	57.0,844.0,78.0,844.0
000057	978	30	TP	0.9412189833774994	0.0	1.84073966936068	0.014283274549788914	365.0,245.0,446.0,357.0	57.0,978.0,78.0,978.0
000057	1026	31	TP	0.9521244030855883	0.0	1.1303467725433836	0.016464863521495846	338.0,262.0,414.0,376.0	57.0,1026.0,78.0,1026.0
000057	1028	32	TP	0.9473619782103072	0.0	2.3206741190738773	0.011285796014176546	338.0,261.0,414.0,376.0	57.0,1028.0,78.0,1028.0
000057	1035	33	TP	0.9469826533105302	0.0	3.2687191262553976	0.013334328825358802	325.0,257.0,401.0,373.0	57.0,1035.0,78.0,1035.0
000057	1040	34	TP	0.9532034791130711	0.0	1.62847467029509	0.013917108899057916	318.0,253.0,394.0,369.0	57.0,1040.0,78.0,1040.0
000057	1046	35	TP	0.9432839446198689	0.0	2.542774986175381	0.004734222951744325	320.0,250.0,396.0,367.0	57.0,1046.0,78.0,1046.0
000057	1054	36	TP	0.9526485710869306	0.0	2.2635508832793194	0.009340405916426792	327.0,249.0,403.0,367.0	57.0,1054.0,78.0,1054.0
000057	1057	37	TP	0.9579072532699168	0.0	1.6566352515601832	0.011760876684293731	326.0,248.0,402.0,366.0	57.0,1057.0,78.0,1057.0
000057	1066	38	TP	0.9476813317479191	0.0	2.0884807812781867	0.009457992061776811	351.0,248.0,426.0,365.0	57.0,1066.0,78.0,1066.0
000057	1071	39	TP	0.955124389953577	0.0	1.9819244522264967	0.01692002424497015	357.0,252.0,431.0,369.0	57.0,1071.0,78.0,1071.0
000057	1073	40	TP	0.9557733683958881	0.0	1.4723020997355636	0.013262700131972418	355.0,256.0,429.0,373.0	57.0,1073.0,78.0,1073.0
000057	1076	41	TP	0.9541892706449668	0.0	2.201728752179263	0.010072686576216901	355.0,262.0,428.0,378.0	57.0,1076.0,78.0,1076.0
000057	1078	42	TP	0.9576189326249698	0.0	1.6872416974734028	0.015614642391564895	351.0,265.0,424.0,381.0	57.0,1078.0,78.0,1078.0
000057	1081	43	TP	0.964194683820852	0.0	1.5650716684647232	0.01300355710606629	343.0,268.0,415.0,384.0	57.0,1081.0,78.0,1081.0
000057	1082	44	TP	0.9645931854007518	0.0	1.895155763267201	0.013719831831631113	340.0,268.0,412.0,383.0	57.0,1082.0,78.0,1082.0
000057	1083	45	TP	0.9584292812992364	0.0	1.4756596349841042	0.020924472988163263	336.0,268.0,409.0,383.0	57.0,1083.0,78.0,1083.0
000057	1086	46	TP	0.9616461707049799	0.0	1.8579315604332924	0.019070055582894152	327.0,269.0,400.0,384.0	57.0,1086.0,78.0,1086.0
000057	1087	47	TP	0.96492292753975	0.0	2.0587520368910104	0.013645903664954169	325.0,269.0,397.0,384.0	57.0,1087.0,78.0,1087.0
000057	1092	48	TP	0.952531261381571	0.0	1.6787381101387393	0.0145161881254696	321.0,269.0,394.0,383.0	57.0,1092.0,78.0,1092.0
000057	1093	49	TP	0.9613326848249028	0.0	1.4496445727919358	0.01633489883450966	321.0,269.0,394.0,384.0	57.0,1093.0,78.0,1093.0
000057	1099	50	TP	0.9626495829807808	0.0	2.046386995755974	0.011823210243004197	325.0,275.0,400.0,389.0	57.0,1099.0,78.0,1099.0
000057	1101	51	TP	0.9522543212861114	0.0	2.7061877904534857	0.018864024091468652	329.0,276.0,404.0,391.0	57.0,1101.0,78.0,1101.0
000057	1108	52	TP	0.9995186522262335	0.0	2.063120217671829	0.014033760261695194	333.0,282.0,410.0,398.0	57.0,1108.0,78.0,1108.0
000057	1116	53	TP	0.9724170728807514	0.0	2.1210941544777175	0.01288308358187505	331.0,284.0,410.0,400.0	57.0,1116.0,78.0,1116.0
000057	1118	54	TP	0.9695605827312567	0.0	1.966096582238831	0.019243624846477403	332.0,283.0,411.0,399.0	57.0,1118.0,78.0,1118.0
000057	1159	55	TP	0.973988770482411	0.0	1.3521177840819072	0.009590090135019389	333.0,293.0,418.0,412.0	57.0,1159.0,78.0,1159.0
000057	1290	56	TP	0.969303934284479	0.0	3.738780710584916	0.02006638408504284	288.0,260.0,385.0,380.0	57.0,1290.0,78.0,1290.0
000057	1440	57	TP	0.9735438669873471	0.0	1.9725483616118007	0.030258278543073357	249.0,232.0,354.0,351.0	57.0,1440.0,78.0,1440.0
000057	1527	58	TP	0.9175627240143369	0.0	5.832577147499949	0.04391883092581598	296.0,265.0,407.0,382.0	57.0,1527.0,78.0,1527.0
000057	1538	59	TP	0.8939155932558384	0.0	93.33004603163528	0.044064021332801545	290.0,254.0,402.0,371.0	57.0,1538.0,78.0,1538.0
000057	1539	60	TP	0.8742533794404276	0.0	97.60308819914289	0.05548736856936042	289.0,254.0,401.0,371.0	57.0,1539.0,78.0,1539.0
000057	1549	61	TP	0.8649476910070802	0.0	96.06768112967072	0.00329627622619322	292.0,252.0,404.0,368.0	57.0,1549.0,78.0,1549.0
000057	1560	62	TP	0.8619612068965518	0.0	5.461303097594947	0.01878374223457894	298.0,246.0,409.0,361.0	57.0,1560.0,78.0,1560.0
000057	1563	63	TP	0.8365970409051349	0.0	97.36545119145127	0.04370312498268111	303.0,247.0,414.0,361.0	57.0,1563.0,78.0,1563.0
000057	1566	64	TP	0.8419728783902012	0.0	100.57532612031045	0.051070344758057495	307.0,251.0,417.0,364.0	57.0,1566.0,78.0,1566.0
000057	1570	65	TP	0.8242916758181419	0.0	4.9825917806854445	0.00876919576508244	312.0,253.0,422.0,366.0	57.0,1570.0,78.0,1570.0
000057	1585	66	TP	0.8171189058018972	0.0	95.96314152716134	0.027348323912735475	321.0,252.0,431.0,364.0	57.0,1585.0,78.0,1585.0
000057	1589	67	TP	0.8096292197011622	0.0	93.8775948899962	0.04562480866243969	314.0,252.0,423.0,364.0	57.0,1589.0,78.0,1589.0
000057	1593	68	TP	0.7741757025890684	0.0	7.142858726115146	0.01010066837328855	304.0,252.0,414.0,364.0	57.0,1593.0,78.0,1593.0
000057	1602	69	TP	0.7676812396236856	0.0	5.170055454879248	0.0165740824267114	299.0,246.0,409.0,358.0	57.0,1602.0,78.0,1602.0
000057	1612	70	TP	0.767439293598234	0.0	99.89960737726695	0.04219862940440907	320.0,229.0,431.0,340.0	57.0,1612.0,78.0,1612.0
000057	1621	71	TP	0.7834579752204487	0.0	3.591862298527097	0.026287288597229768	359.0,224.0,470.0,333.0	57.0,1621.0,78.0,1621.0
000057	1628	72	TP	0.7804110973829046	0.0	3.6247841345764322	0.004813052602131595	388.0,219.0,500.0,328.0	57.0,1628.0,78.0,1628.0
000057	1712	73	TP	0.6513124297824533	0.0	102.55287347772226	0.2036812023227527	379.0,173.0,496.0,286.0	57.0,1712.0,78.0,1712.0
000057	1827	74	TP	0.3512830482115086	0.0	90.02336884540655	0.08289266115942064	328.0,202.0,450.0,319.0	57.0,1827.0,78.0,1827.0
