#  Index into NumPy file "pose_data_ycbv-3-epos.npz".
#  Created at  6:52PM EDT on Sep 11, 2023
#    DATASET:   ycbv
#    OBJECT:    3
#    ESTIMATOR: epos
#  The errors reported in this file have taken discrete and continuous object symmetries into account.
#  Bounding boxes are recorded in pixel coordinates as ((upper-left x, y), (lower-right x, y)) with the origin in the upper-left.
#
#  When a row is marked as a TP, it does not necessarily mean that the bounding boxes overlap.
#  For each ground-truth instance, the prediction best overlapping that instance belongs to that ground-truth.
#  All TPs are in the corresponding *.npz file.
#
#  When a row is marked as a FN, it means that there is a ground-truth but the predictor failed to make a prediction at all.
#  FNs are NOT recorded in the *.npz at all.
#
#  When a row is marked as a FP, it means the predictor hallucinated; there is no corresponding ground-truth instance.
#  FPs are NOT recorded in the *.npz at all.
#
#  Scene  <t>  Frame  <t>  Index  <t>  Error cat.  <t>  Visibility ratio  <t>  Score  <t>  R_err(degrees)  <t>  t_err(meters)  <t>  Gr.Tr.BBox  <t>  Pred.BBox
000049	1	0	TP	0.9989705882352942	0.0	1.2173184295216886	0.00722613857982002	232.0,131.0,429.0,339.0	49.0,1.0,52.0,1.0
000049	36	1	TP	0.9986489529385274	0.0	1.5054428429716942	0.00963763268212359	232.0,140.0,425.0,345.0	49.0,36.0,52.0,36.0
000049	47	2	TP	0.9993865971476767	0.0	2.1786989886167407	0.008486652032300854	230.0,144.0,420.0,346.0	49.0,47.0,52.0,47.0
000049	58	3	TP	0.9992531446540881	0.0	1.7018899058261179	0.007049022060021011	222.0,156.0,408.0,354.0	49.0,58.0,52.0,58.0
000049	65	4	TP	0.9991945876288659	0.0	2.21496005270513	0.006263954404462082	232.0,165.0,415.0,361.0	49.0,65.0,52.0,65.0
000049	73	5	TP	0.9950752950752951	0.0	2.2406796259619917	0.006069652957680029	222.0,174.0,404.0,368.0	49.0,73.0,52.0,73.0
000049	91	6	TP	0.9995472133036963	0.0	2.6924452752495394	0.0055461585695459744	217.0,172.0,398.0,364.0	49.0,91.0,52.0,91.0
000049	109	7	TP	0.9995853375352463	0.0	2.8242724489970246	0.007854181006959433	215.0,187.0,395.0,378.0	49.0,109.0,52.0,109.0
000049	125	8	TP	0.999050489204475	0.0	2.754917337637618	0.01080385441024878	189.0,198.0,373.0,389.0	49.0,125.0,52.0,125.0
000049	148	9	TP	0.9995915366391634	0.0	2.3249138686290935	0.008112375119421075	190.0,178.0,379.0,370.0	49.0,148.0,52.0,148.0
000049	231	10	TP	1.0	0.0	1.7747109456963566	0.008594940599626916	173.0,184.0,385.0,379.0	49.0,231.0,52.0,231.0
000049	357	11	TP	1.0	0.0	1.6861628820812777	0.005723884542029832	136.0,189.0,382.0,371.0	49.0,357.0,52.0,357.0
000049	521	12	TP	1.0	0.0	1.94366700022338	0.0027036359279457656	182.0,174.0,434.0,338.0	49.0,521.0,52.0,521.0
000049	526	13	TP	1.0	0.0	2.2168997970411977	0.0032221129347252235	176.0,179.0,428.0,343.0	49.0,526.0,52.0,526.0
000049	537	14	TP	0.9997182645093777	0.0	2.3181675452706547	0.0027857216208966766	174.0,184.0,427.0,347.0	49.0,537.0,52.0,537.0
000049	542	15	TP	1.0	0.0	2.21933839419003	0.0037550990086455583	174.0,185.0,427.0,347.0	49.0,542.0,52.0,542.0
000049	552	16	TP	1.0	0.0	2.2709439248767223	0.001917353929405871	179.0,184.0,433.0,344.0	49.0,552.0,52.0,552.0
000049	558	17	TP	1.0	0.0	2.0138106271592897	0.0021812596396727055	178.0,189.0,432.0,349.0	49.0,558.0,52.0,558.0
000049	564	18	TP	1.0	0.0	1.9250778810274558	0.0034089417385947643	176.0,189.0,430.0,348.0	49.0,564.0,52.0,564.0
000049	570	19	TP	1.0	0.0	2.063517262551969	0.003908459529481303	173.0,186.0,428.0,344.0	49.0,570.0,52.0,570.0
000049	576	20	TP	1.0	0.0	1.861383256697409	0.0036329614417021116	176.0,186.0,431.0,344.0	49.0,576.0,52.0,576.0
000049	591	21	TP	0.9999186264138661	0.0	1.9952491385597992	0.004014688888311008	173.0,192.0,429.0,348.0	49.0,591.0,52.0,591.0
000049	594	22	TP	1.0	0.0	2.25457375448918	0.006054792476940347	179.0,194.0,435.0,349.0	49.0,594.0,52.0,594.0
000049	617	23	TP	0.9998370937525454	0.0	1.6766657868852088	0.007843733165042967	171.0,197.0,429.0,350.0	49.0,617.0,52.0,617.0
000049	629	24	TP	0.9974894719792678	0.0	1.9523700248498033	0.007527988083899048	160.0,191.0,420.0,344.0	49.0,629.0,52.0,629.0
000049	631	25	TP	1.0	0.0	1.774728589755805	0.007157310764946951	157.0,192.0,417.0,344.0	49.0,631.0,52.0,631.0
000049	651	26	TP	1.0	0.0	1.7611265153200157	0.00694971192330816	156.0,200.0,418.0,350.0	49.0,651.0,52.0,651.0
000049	669	27	TP	1.0	0.0	1.543354199012671	0.006338112293556887	153.0,191.0,417.0,341.0	49.0,669.0,52.0,669.0
000049	762	28	TP	0.9999603583604217	0.0	1.6529699757847571	0.00590311220875923	147.0,205.0,417.0,350.0	49.0,762.0,52.0,762.0
000049	1024	29	TP	0.9994403134244823	0.0	0.9200206222039025	0.006408926647397307	138.0,194.0,416.0,329.0	49.0,1024.0,52.0,1024.0
000049	1036	30	TP	0.9997188867916951	0.0	1.4282172844373804	0.008466962967764405	128.0,200.0,407.0,336.0	49.0,1036.0,52.0,1036.0
000049	1052	31	TP	1.0	0.0	0.829579795842046	0.007469888277229026	122.0,199.0,401.0,336.0	49.0,1052.0,52.0,1052.0
000049	1067	32	TP	0.9997610989448537	0.0	1.2436388498691873	0.004840918170636582	110.0,202.0,390.0,340.0	49.0,1067.0,52.0,1067.0
000049	1095	33	TP	0.9992429675671368	0.0	0.876564335252404	0.005237347286129937	95.0,200.0,375.0,336.0	49.0,1095.0,52.0,1095.0
000049	1102	34	TP	0.9998800863378368	0.0	1.084184507921099	0.00600683805562992	92.0,201.0,372.0,337.0	49.0,1102.0,52.0,1102.0
000049	1130	35	TP	1.0	0.0	0.89191192791368	0.0037678867072507985	93.0,202.0,374.0,340.0	49.0,1130.0,52.0,1130.0
000049	1144	36	TP	0.9998834544112505	0.0	0.7232061174279254	0.0028509736568498372	96.0,206.0,379.0,345.0	49.0,1144.0,52.0,1144.0
000049	1150	37	TP	0.9991484420359977	0.0	0.7851735856904343	0.001967491721799736	94.0,208.0,378.0,348.0	49.0,1150.0,52.0,1150.0
000049	1157	38	TP	0.9994226772380879	0.0	0.9020879153979574	0.0020789097563245927	89.0,210.0,374.0,350.0	49.0,1157.0,52.0,1157.0
000049	1168	39	TP	0.9982353843793156	0.0	1.075411427799516	0.00201375430568465	82.0,220.0,368.0,360.0	49.0,1168.0,52.0,1168.0
000049	1172	40	TP	0.9992732836106331	0.0	0.9082319297667981	0.0017049415647369876	78.0,219.0,364.0,360.0	49.0,1172.0,52.0,1172.0
000049	1179	41	TP	0.9990846681922196	0.0	1.156304665099705	0.0018618115988341798	78.0,220.0,365.0,362.0	49.0,1179.0,52.0,1179.0
000049	1269	42	TP	0.9993242281974676	0.0	0.49054762760283593	0.0017997795330443424	73.0,204.0,367.0,350.0	49.0,1269.0,52.0,1269.0
000049	1491	43	TP	0.9974547941042394	0.0	0.9401268894861149	0.0021110640751916838	85.0,215.0,365.0,348.0	49.0,1491.0,52.0,1491.0
000049	1554	44	TP	0.9945918993556305	0.0	0.4290504999354939	0.004515961868338773	86.0,197.0,364.0,326.0	49.0,1554.0,52.0,1554.0
000049	1557	45	TP	0.9957132468327784	0.0	0.587504943339161	0.001911085978838115	79.0,191.0,357.0,321.0	49.0,1557.0,52.0,1557.0
000049	1565	46	TP	0.997036067593056	0.0	0.7796315891136487	0.0033342787109116715	69.0,183.0,346.0,312.0	49.0,1565.0,52.0,1565.0
000049	1568	47	TP	0.9967622571692877	0.0	0.3125131497489941	0.003368421621507579	63.0,181.0,339.0,310.0	49.0,1568.0,52.0,1568.0
000049	1575	48	TP	0.9947049047269354	0.0	0.553703368768156	0.003958911178744957	55.0,183.0,331.0,312.0	49.0,1575.0,52.0,1575.0
000049	1582	49	TP	0.9969360843934223	0.0	0.5136392193736952	0.002661368512336994	58.0,189.0,332.0,317.0	49.0,1582.0,52.0,1582.0
000049	1587	50	TP	0.9960295834955235	0.0	0.6927740468769188	0.002701123154410535	60.0,191.0,334.0,321.0	49.0,1587.0,52.0,1587.0
000049	1592	51	TP	0.996720927509076	0.0	0.509462442885872	0.004656367863090015	60.0,191.0,334.0,320.0	49.0,1592.0,52.0,1592.0
000049	1595	52	TP	0.9967435655994978	0.0	0.6094819208255727	0.0016380891687992984	59.0,190.0,332.0,319.0	49.0,1595.0,52.0,1595.0
000049	1614	53	TP	0.9987039000824791	0.0	0.48002409732594803	0.003299664223204052	81.0,177.0,353.0,305.0	49.0,1614.0,52.0,1614.0
000049	1615	54	TP	0.998310744450992	0.0	0.1817323491153858	0.003209574683452846	82.0,176.0,354.0,305.0	49.0,1615.0,52.0,1615.0
000049	1618	55	TP	0.9981538944970344	0.0	0.6251092346789267	0.0037269497173188053	82.0,177.0,354.0,305.0	49.0,1618.0,52.0,1618.0
000049	1631	56	TP	0.9966161715522329	0.0	0.314484170035511	0.0050941309901780685	82.0,184.0,352.0,311.0	49.0,1631.0,52.0,1631.0
000049	1641	57	TP	0.9974056038955855	0.0	0.4734076593558807	0.0036324728173518376	87.0,194.0,356.0,320.0	49.0,1641.0,52.0,1641.0
000049	1644	58	TP	0.9981906638253387	0.0	0.6752101174741035	0.0038636726952329665	89.0,197.0,357.0,323.0	49.0,1644.0,52.0,1644.0
000049	1655	59	TP	0.9973676750496092	0.0	0.31513842308587914	0.00432103983631658	83.0,185.0,348.0,308.0	49.0,1655.0,52.0,1655.0
000049	1671	60	TP	0.9986252072297925	0.0	0.4199879848586039	0.005427854888427103	89.0,192.0,352.0,314.0	49.0,1671.0,52.0,1671.0
000049	1677	61	TP	0.999057878998894	0.0	0.4332021200243793	0.007262962959805202	80.0,190.0,343.0,313.0	49.0,1677.0,52.0,1677.0
000049	1682	62	TP	0.999214843588578	0.0	0.12359607547569357	0.005045948286124865	68.0,189.0,330.0,310.0	49.0,1682.0,52.0,1682.0
000049	1688	63	TP	0.9992541642496063	0.0	0.3111324534261369	0.004677849426071365	63.0,188.0,323.0,309.0	49.0,1688.0,52.0,1688.0
000049	1881	64	TP	1.0	0.0	0.8694339288921719	0.002627702623472157	59.0,191.0,330.0,323.0	49.0,1881.0,52.0,1881.0
000049	2061	65	TP	0.999816554153214	0.0	1.0715310404262688	0.010552084038227086	28.0,170.0,309.0,300.0	49.0,2061.0,52.0,2061.0
000049	2064	66	TP	1.0	0.0	1.5084032657182376	0.007444437022262069	27.0,169.0,309.0,299.0	49.0,2064.0,52.0,2064.0
000049	2089	67	TP	1.0	0.0	1.2884248052244303	0.005237470632143912	26.0,173.0,305.0,297.0	49.0,2089.0,52.0,2089.0
000049	2097	68	TP	1.0	0.0	1.2397429268967284	0.00755599772496371	31.0,180.0,309.0,302.0	49.0,2097.0,52.0,2097.0
000049	2119	69	TP	1.0	0.0	1.2451698610999173	0.00417511789256113	44.0,174.0,322.0,295.0	49.0,2119.0,52.0,2119.0
000049	2123	70	TP	0.9999247412982126	0.0	1.1177518190066307	0.003828992262623077	43.0,175.0,321.0,295.0	49.0,2123.0,52.0,2123.0
000049	2146	71	TP	1.0	0.0	1.0379294541389679	0.004627785465534897	41.0,177.0,316.0,296.0	49.0,2146.0,52.0,2146.0
000049	2151	72	TP	0.9998466963053809	0.0	1.524322452709821	0.004328342203536474	33.0,173.0,308.0,292.0	49.0,2151.0,52.0,2151.0
000049	2173	73	TP	0.9953837276399308	0.0	1.4370510356105461	0.005224791717045108	35.0,164.0,309.0,283.0	49.0,2173.0,52.0,2173.0
000049	2196	74	TP	0.9999621154720412	0.0	1.6088764563280868	0.003105192585041993	38.0,152.0,316.0,269.0	49.0,2196.0,52.0,2196.0
000051	1	75	TP	0.9984050159498405	0.0	2.174641288794528	0.0034731782894675644	195.0,286.0,330.0,453.0	51.0,1.0,54.0,1.0
000051	35	76	TP	1.0	0.0	2.1549068850042326	0.0016797988112022973	204.0,304.0,338.0,471.0	51.0,35.0,54.0,35.0
000051	56	77	TP	0.9991068438093111	0.0	2.1496036746130125	0.004181483354022669	193.0,307.0,327.0,474.0	51.0,56.0,54.0,56.0
000051	83	78	TP	1.0	0.0	2.355573585770227	0.004946800296379636	184.0,293.0,317.0,461.0	51.0,83.0,54.0,83.0
000051	100	79	TP	1.0	0.0	2.3189968655698907	0.003845182621323047	187.0,283.0,318.0,451.0	51.0,100.0,54.0,100.0
000051	116	80	TP	0.9994824314221634	0.0	2.395606596403005	0.008541549364578665	197.0,272.0,324.0,438.0	51.0,116.0,54.0,116.0
000051	138	81	TP	0.9999419684308264	0.0	2.8082422339361375	0.014021790073660306	210.0,248.0,335.0,413.0	51.0,138.0,54.0,138.0
000051	169	82	TP	1.0	0.0	2.551999352679837	0.012220571169366388	212.0,253.0,334.0,419.0	51.0,169.0,54.0,169.0
000051	240	83	TP	1.0	0.0	1.923946576757069	0.009489539217546873	230.0,280.0,342.0,438.0	51.0,240.0,54.0,240.0
000051	407	84	TP	0.9931459473055398	0.0	2.442454551927855	0.015567206212960516	191.0,262.0,317.0,420.0	51.0,407.0,54.0,407.0
000051	515	85	TP	0.9905348748570703	0.0	2.6318624974051215	0.02620937703753261	189.0,275.0,324.0,430.0	51.0,515.0,54.0,515.0
000051	520	86	TP	0.988136023347291	0.0	3.2235284578257475	0.013072017666983562	193.0,273.0,329.0,428.0	51.0,520.0,54.0,520.0
000051	532	87	TP	0.9908332279681376	0.0	2.5619331077892222	0.01857975464832264	193.0,275.0,331.0,431.0	51.0,532.0,54.0,532.0
000051	546	88	TP	0.9928143712574851	0.0	2.997907745661805	0.01724393687563538	200.0,273.0,340.0,429.0	51.0,546.0,54.0,546.0
000051	553	89	TP	0.9902175957860413	0.0	3.0467919743072898	0.013184459631269001	194.0,275.0,335.0,431.0	51.0,553.0,54.0,553.0
000051	571	90	TP	0.9927468848800446	0.0	3.049825892064778	0.009941829597470303	195.0,280.0,338.0,437.0	51.0,571.0,54.0,571.0
000051	582	91	TP	0.9906754186859702	0.0	2.844166887150603	0.010666371643239973	193.0,299.0,339.0,457.0	51.0,582.0,54.0,582.0
000051	601	92	TP	0.9915280063387578	0.0	11.01745239456205	0.04121266897478627	193.0,290.0,342.0,449.0	51.0,601.0,54.0,601.0
000051	611	93	TP	0.9911665053242982	0.0	4.84762876682188	0.061215974561365266	190.0,286.0,341.0,446.0	51.0,611.0,54.0,611.0
000051	618	94	TP	0.9917062323456939	0.0	11.837399741620892	0.018298245463682784	185.0,279.0,338.0,439.0	51.0,618.0,54.0,618.0
000051	636	95	TP	0.9896689363700399	0.0	1.259833764895561	0.01897718938935118	185.0,289.0,342.0,452.0	51.0,636.0,54.0,636.0
000051	637	96	TP	0.9900316641257183	0.0	2.1909350931160994	0.014283115174322084	186.0,290.0,343.0,452.0	51.0,637.0,54.0,637.0
000051	649	97	TP	0.9958081043316255	0.0	3.058731972483151	0.01162228422322204	168.0,282.0,328.0,445.0	51.0,649.0,54.0,649.0
000051	654	98	TP	0.9943689771275979	0.0	1.8842623789718704	0.01993442299683999	170.0,282.0,330.0,445.0	51.0,654.0,54.0,654.0
000051	669	99	TP	0.9934812442817932	0.0	2.40972253432114	0.025365601017302678	170.0,293.0,333.0,457.0	51.0,669.0,54.0,669.0
000051	672	100	TP	0.9973210214318285	0.0	1.6817323912858673	0.016632004772805912	174.0,294.0,337.0,458.0	51.0,672.0,54.0,672.0
000051	675	101	TP	0.9975523679417122	0.0	1.6718316693329283	0.019543684744674758	176.0,290.0,340.0,454.0	51.0,675.0,54.0,675.0
000051	681	102	TP	0.998303455296047	0.0	3.120930298988638	0.008150874391103213	176.0,290.0,341.0,454.0	51.0,681.0,54.0,681.0
000051	685	103	TP	0.9979199460310322	0.0	2.1303309601640237	0.019300887667080702	173.0,290.0,339.0,454.0	51.0,685.0,54.0,685.0
000051	694	104	TP	0.9946577629382304	0.0	2.479287173985984	0.007583581353409597	168.0,291.0,335.0,456.0	51.0,694.0,54.0,694.0
000051	698	105	TP	0.9952185032803291	0.0	2.0822282700745225	0.012167933863084542	166.0,286.0,334.0,450.0	51.0,698.0,54.0,698.0
000051	780	106	TP	0.9975330673944993	0.0	1.9430370416360263	0.00442547138065914	147.0,285.0,326.0,452.0	51.0,780.0,54.0,780.0
000051	946	107	TP	0.9994831555701734	0.0	2.7478184177739666	0.007259403151437995	135.0,269.0,339.0,436.0	51.0,946.0,54.0,946.0
000051	1038	108	TP	1.0	0.0	2.443582210384566	0.005338902730630178	138.0,270.0,353.0,436.0	51.0,1038.0,54.0,1038.0
000051	1045	109	TP	1.0	0.0	2.2614467656458364	0.007784125043230718	136.0,270.0,352.0,436.0	51.0,1045.0,54.0,1045.0
000051	1057	110	TP	1.0	0.0	2.4891903905216837	0.004918129389270763	135.0,262.0,352.0,427.0	51.0,1057.0,54.0,1057.0
000051	1063	111	TP	1.0	0.0	1.8840392645122548	0.004198050927219252	135.0,263.0,352.0,428.0	51.0,1063.0,54.0,1063.0
000051	1076	112	TP	1.0	0.0	1.8786763197533063	0.009630359601340172	136.0,276.0,355.0,442.0	51.0,1076.0,54.0,1076.0
000051	1080	113	TP	1.0	0.0	1.788870237183255	0.005659973494017994	135.0,272.0,354.0,438.0	51.0,1080.0,54.0,1080.0
000051	1091	114	TP	1.0	0.0	1.769205633749969	0.003503826154348331	120.0,266.0,339.0,431.0	51.0,1091.0,54.0,1091.0
000051	1092	115	TP	0.9999558401413116	0.0	1.8564181191562241	0.0020297547428444725	119.0,265.0,339.0,429.0	51.0,1092.0,54.0,1092.0
000051	1110	116	TP	1.0	0.0	1.3521857788809828	0.007686782234203388	106.0,261.0,328.0,425.0	51.0,1110.0,54.0,1110.0
000051	1111	117	TP	0.9999122268059335	0.0	1.8872410375844608	0.0065407562223308725	106.0,260.0,329.0,423.0	51.0,1111.0,54.0,1111.0
000051	1149	118	TP	1.0	0.0	1.8978446953877173	0.005790947395867836	95.0,251.0,320.0,412.0	51.0,1149.0,54.0,1149.0
000051	1150	119	TP	1.0	0.0	1.6088376119030194	0.0030711403833476414	94.0,251.0,320.0,412.0	51.0,1150.0,54.0,1150.0
000051	1160	120	TP	1.0	0.0	2.1029583691896536	0.005782756388389626	91.0,250.0,318.0,411.0	51.0,1160.0,54.0,1160.0
000051	1182	121	TP	1.0	0.0	1.3467918085707467	0.008415896077447346	116.0,256.0,343.0,417.0	51.0,1182.0,54.0,1182.0
000051	1220	122	TP	1.0	0.0	2.0283807312430975	0.0069867681337001655	112.0,272.0,341.0,431.0	51.0,1220.0,54.0,1220.0
000051	1528	123	TP	1.0	0.0	2.4773902335110685	0.0033085117680851763	83.0,255.0,323.0,417.0	51.0,1528.0,54.0,1528.0
000051	1536	124	TP	1.0	0.0	3.4428838193271836	0.008371997624518538	82.0,256.0,323.0,419.0	51.0,1536.0,54.0,1536.0
000051	1545	125	TP	1.0	0.0	3.4670332584544976	0.003974520367934741	84.0,270.0,326.0,436.0	51.0,1545.0,54.0,1545.0
000051	1566	126	TP	1.0	0.0	3.284641245117987	0.0023331518387660634	89.0,265.0,333.0,434.0	51.0,1566.0,54.0,1566.0
000051	1571	127	TP	1.0	0.0	3.544897807819622	0.001833815492248649	90.0,267.0,335.0,437.0	51.0,1571.0,54.0,1571.0
000051	1584	128	TP	1.0	0.0	3.646893154490491	0.002797790045322347	92.0,259.0,338.0,430.0	51.0,1584.0,54.0,1584.0
000051	1588	129	TP	1.0	0.0	3.0736886940471475	0.0026374877527935987	90.0,251.0,337.0,422.0	51.0,1588.0,54.0,1588.0
000051	1603	130	TP	1.0	0.0	0.9301923660951044	0.006124947142611043	100.0,234.0,350.0,406.0	51.0,1603.0,54.0,1603.0
000051	1611	131	TP	1.0	0.0	1.075857594764031	0.004221141640707985	91.0,227.0,343.0,402.0	51.0,1611.0,54.0,1611.0
000051	1617	132	TP	0.9999622741162711	0.0	0.8124667275485181	0.005235570946316145	88.0,224.0,341.0,400.0	51.0,1617.0,54.0,1617.0
000051	1628	133	TP	1.0	0.0	1.1284319196284525	0.003961782657156719	103.0,237.0,355.0,415.0	51.0,1628.0,54.0,1628.0
000051	1629	134	TP	1.0	0.0	0.6204555591123216	0.003662887151807403	103.0,239.0,356.0,417.0	51.0,1629.0,54.0,1629.0
000051	1645	135	TP	0.999154877824729	0.0	0.7698935270978233	0.00587404048249458	115.0,239.0,368.0,420.0	51.0,1645.0,54.0,1645.0
000051	1650	136	TP	1.0	0.0	0.6502851730502068	0.003705103187911028	117.0,237.0,370.0,419.0	51.0,1650.0,54.0,1650.0
000051	1673	137	TP	1.0	0.0	0.6199093242853414	0.0048767058713060875	150.0,238.0,405.0,424.0	51.0,1673.0,54.0,1673.0
000051	1674	138	TP	1.0	0.0	0.7450761665335586	0.0033972217139472912	153.0,240.0,408.0,426.0	51.0,1674.0,54.0,1674.0
000051	1687	139	TP	1.0	0.0	0.7053769939851002	0.0038267255758123657	151.0,235.0,409.0,423.0	51.0,1687.0,54.0,1687.0
000051	1693	140	TP	1.0	0.0	0.6152108382803746	0.005929662299100265	152.0,238.0,411.0,428.0	51.0,1693.0,54.0,1693.0
000051	1698	141	TP	1.0	0.0	0.594332893134397	0.0038774490760906024	153.0,241.0,411.0,431.0	51.0,1698.0,54.0,1698.0
000051	1699	142	TP	1.0	0.0	0.8069801883491841	0.0036850438967438288	153.0,242.0,412.0,433.0	51.0,1699.0,54.0,1699.0
000051	1700	143	TP	1.0	0.0	0.6207664844908243	0.004943896258594882	152.0,243.0,411.0,434.0	51.0,1700.0,54.0,1700.0
000051	1708	144	TP	1.0	0.0	0.5737870960527577	0.003931008159734932	156.0,238.0,416.0,431.0	51.0,1708.0,54.0,1708.0
000051	1709	145	TP	1.0	0.0	0.5630054510446812	0.0027665627074979528	155.0,238.0,417.0,431.0	51.0,1709.0,54.0,1709.0
000051	1715	146	TP	1.0	0.0	0.4699119220407653	0.003216663856511089	153.0,240.0,415.0,435.0	51.0,1715.0,54.0,1715.0
000051	1717	147	TP	1.0	0.0	0.44552316900470124	0.0030152958709356767	151.0,242.0,413.0,436.0	51.0,1717.0,54.0,1717.0
000051	1729	148	TP	1.0	0.0	0.3743629846524078	0.0057008063357794425	151.0,255.0,413.0,452.0	51.0,1729.0,54.0,1729.0
000051	1927	149	TP	1.0	0.0	0.9339046746213365	0.0021868838918878974	37.0,245.0,324.0,475.0	51.0,1927.0,54.0,1927.0
000054	1	150	TP	1.0	0.0	0.7681943044050009	0.0030291317640593935	162.0,310.0,387.0,440.0	54.0,1.0,57.0,1.0
000054	22	151	TP	0.9998638220608261	0.0	0.5755511309272335	0.004711443825494108	181.0,304.0,408.0,438.0	54.0,22.0,57.0,22.0
000054	32	152	TP	1.0	0.0	0.7411604800354463	0.003798802724772417	181.0,321.0,407.0,462.0	54.0,32.0,57.0,32.0
000054	38	153	TP	1.0	0.0	1.427451299979202	0.0050059305287497285	173.0,300.0,397.0,437.0	54.0,38.0,57.0,38.0
000054	43	154	TP	1.0	0.0	1.3106744624452424	0.004943568233834869	168.0,271.0,393.0,406.0	54.0,43.0,57.0,43.0
000054	50	155	TP	1.0	0.0	1.8288733599619602	0.0033038895266385274	160.0,270.0,385.0,405.0	54.0,50.0,57.0,50.0
000054	56	156	TP	1.0	0.0	1.7215098848324604	0.005866771590075561	149.0,280.0,375.0,415.0	54.0,56.0,57.0,56.0
000054	63	157	TP	0.9999060812397277	0.0	2.405764804872988	0.005671334597905301	158.0,270.0,386.0,406.0	54.0,63.0,57.0,63.0
000054	69	158	TP	1.0	0.0	2.0989999815310343	0.0025869222998013844	162.0,263.0,391.0,405.0	54.0,69.0,57.0,69.0
000054	81	159	TP	1.0	0.0	0.4868858606869856	0.011649931727289323	198.0,286.0,428.0,437.0	54.0,81.0,57.0,81.0
000054	86	160	TP	1.0	0.0	0.44201436107628567	0.009161385744384189	189.0,296.0,421.0,449.0	54.0,86.0,57.0,86.0
000054	90	161	TP	1.0	0.0	0.4545898627242091	0.015109828238267143	184.0,287.0,416.0,440.0	54.0,90.0,57.0,90.0
000054	135	162	TP	1.0	0.0	0.44481874855703607	0.006066246320184799	199.0,277.0,408.0,411.0	54.0,135.0,57.0,135.0
000054	202	163	TP	1.0	0.0	0.5721334047808592	0.00812300261090768	206.0,288.0,404.0,407.0	54.0,202.0,57.0,202.0
000054	390	164	TP	0.99981765134938	0.0	0.9079061824963421	0.010254249812027966	188.0,291.0,399.0,415.0	54.0,390.0,57.0,390.0
000054	479	165	TP	0.9999490809104333	0.0	1.0741860863930528	0.009499368582836109	194.0,258.0,421.0,404.0	54.0,479.0,57.0,479.0
000054	514	166	TP	0.9999528502051016	0.0	1.1362489965385845	0.009813054096489414	205.0,249.0,439.0,405.0	54.0,514.0,57.0,514.0
000054	520	167	TP	0.9999536350148368	0.0	0.7709392864546101	0.008979624028243085	207.0,252.0,443.0,410.0	54.0,520.0,57.0,520.0
000054	524	168	TP	1.0	0.0	0.7729924821950678	0.007395093911006508	202.0,252.0,439.0,411.0	54.0,524.0,57.0,524.0
000054	530	169	TP	1.0	0.0	1.0952913693602708	0.010719331316930418	195.0,257.0,434.0,418.0	54.0,530.0,57.0,530.0
000054	537	170	TP	1.0	0.0	1.0799808274879703	0.008218058496117966	195.0,274.0,436.0,436.0	54.0,537.0,57.0,537.0
000054	543	171	TP	1.0	0.0	0.5495994288631071	0.011276016994761396	198.0,282.0,440.0,445.0	54.0,543.0,57.0,543.0
000054	560	172	TP	1.0	0.0	0.7133866147755032	0.010433804410292215	202.0,288.0,446.0,455.0	54.0,560.0,57.0,560.0
000054	561	173	TP	1.0	0.0	0.7856290467595294	0.010257994506361319	202.0,288.0,446.0,456.0	54.0,561.0,57.0,561.0
000054	568	174	TP	1.0	0.0	0.8303901200509154	0.009491839136290805	191.0,289.0,437.0,456.0	54.0,568.0,57.0,568.0
000054	577	175	TP	1.0	0.0	0.6605050162477635	0.012295513149100263	184.0,292.0,432.0,459.0	54.0,577.0,57.0,577.0
000054	583	176	TP	1.0	0.0	0.9774749202276614	0.007634243754059127	184.0,292.0,433.0,459.0	54.0,583.0,57.0,583.0
000054	588	177	TP	1.0	0.0	0.42240755007240677	0.011721167432624453	187.0,296.0,436.0,463.0	54.0,588.0,57.0,588.0
000054	589	178	TP	1.0	0.0	0.5051386046824459	0.011103731795875356	187.0,298.0,436.0,464.0	54.0,589.0,57.0,589.0
000054	595	179	TP	1.0	0.0	0.6462809547183536	0.011347301649086174	189.0,303.0,440.0,469.0	54.0,595.0,57.0,595.0
000054	598	180	TP	0.9999590868177727	0.0	0.5717262704979854	0.013070798602988602	189.0,305.0,440.0,471.0	54.0,598.0,57.0,598.0
000054	604	181	TP	1.0	0.0	0.17440583207670174	0.01257847794659953	187.0,311.0,438.0,477.0	54.0,604.0,57.0,604.0
000054	681	182	TP	0.9997496348842061	0.0	0.34303745740493835	0.009571645640719363	156.0,318.0,403.0,467.0	54.0,681.0,57.0,681.0
000054	741	183	TP	1.0	0.0	0.30733481671674096	0.0022595077335081965	185.0,331.0,422.0,470.0	54.0,741.0,57.0,741.0
000054	866	184	TP	1.0	0.0	0.6456970482979898	0.0034641019742879284	237.0,340.0,465.0,461.0	54.0,866.0,57.0,866.0
000054	1012	185	TP	1.0	0.0	1.132160743990582	0.001334805890365531	280.0,344.0,511.0,462.0	54.0,1012.0,57.0,1012.0
000054	1024	186	TP	0.9998267498267498	0.0	1.0103668290463785	0.0023691588607425377	320.0,341.0,553.0,462.0	54.0,1024.0,57.0,1024.0
000054	1025	187	TP	0.999913781954563	0.0	0.7952039087146536	0.0017017306574365373	323.0,343.0,557.0,463.0	54.0,1025.0,57.0,1025.0
000054	1028	188	TP	0.9994443494614464	0.0	0.7801534447716225	0.0021785989750652134	330.0,349.0,565.0,469.0	54.0,1028.0,57.0,1028.0
000054	1029	189	TP	0.9997439836149513	0.0	0.8306606529413971	0.0013044673626463723	330.0,351.0,566.0,470.0	54.0,1029.0,57.0,1029.0
000054	1032	190	TP	1.0	0.0	1.0007542312422435	0.002419007747061444	332.0,353.0,569.0,472.0	54.0,1032.0,57.0,1032.0
000054	1033	191	TP	1.0	0.0	0.8882250988727164	0.0019073517538127297	332.0,353.0,570.0,472.0	54.0,1033.0,57.0,1033.0
000054	1039	192	TP	0.998435716399611	0.0	0.3903824357706244	0.003158922063145627	323.0,343.0,561.0,461.0	54.0,1039.0,57.0,1039.0
000054	1042	193	TP	0.9998727465535525	0.0	0.8852219415747137	0.0041554019113523915	316.0,340.0,554.0,456.0	54.0,1042.0,57.0,1042.0
000054	1063	194	TP	0.9995698924731182	0.0	0.9205477431032137	0.003590901936768392	286.0,326.0,524.0,432.0	54.0,1063.0,57.0,1063.0
000054	1068	195	TP	0.9985371310558472	0.0	1.0101988950540937	0.003908689485496327	283.0,320.0,521.0,424.0	54.0,1068.0,57.0,1068.0
000054	1080	196	TP	0.9998703095279267	0.0	1.0706362342536984	0.005006967850129555	276.0,313.0,515.0,416.0	54.0,1080.0,57.0,1080.0
000054	1083	197	TP	0.99939501318007	0.0	1.2343924180168073	0.004491330071505101	276.0,312.0,515.0,415.0	54.0,1083.0,57.0,1083.0
000054	1089	198	TP	0.9986145986665512	0.0	1.3470356303842321	0.004200964260854822	283.0,311.0,522.0,414.0	54.0,1089.0,57.0,1089.0
000054	1096	199	TP	1.0	0.0	1.202834782505712	0.005780125907141228	292.0,316.0,531.0,419.0	54.0,1096.0,57.0,1096.0
000054	1106	200	TP	0.9999141851883635	0.0	1.1890778748190316	0.007032927447450581	296.0,334.0,535.0,438.0	54.0,1106.0,57.0,1106.0
000054	1110	201	TP	1.0	0.0	1.1258490446811882	0.0031247984581617393	307.0,351.0,548.0,456.0	54.0,1110.0,57.0,1110.0
000054	1111	202	TP	1.0	0.0	0.7539819327646473	0.003272384899858516	310.0,354.0,551.0,459.0	54.0,1111.0,57.0,1111.0
000054	1134	203	TP	0.9989991898203308	0.0	2.0612128578462885	0.00526603408916299	228.0,312.0,458.0,419.0	54.0,1134.0,57.0,1134.0
000054	1178	204	TP	1.0	0.0	1.2758001633517408	0.003711443334993444	224.0,316.0,441.0,419.0	54.0,1178.0,57.0,1178.0
000054	1355	205	TP	0.9999491327127524	0.0	0.23975300310064646	0.006999740983725395	263.0,332.0,494.0,443.0	54.0,1355.0,57.0,1355.0
000054	1531	206	TP	1.0	0.0	0.40125122375657424	0.014140839152314781	286.0,329.0,524.0,452.0	54.0,1531.0,57.0,1531.0
000054	1539	207	TP	1.0	0.0	0.22706554172917923	0.014413574440937804	287.0,331.0,526.0,455.0	54.0,1539.0,57.0,1539.0
000054	1543	208	TP	1.0	0.0	0.5259912424260248	0.014495988300022942	296.0,332.0,535.0,456.0	54.0,1543.0,57.0,1543.0
000054	1547	209	TP	1.0	0.0	0.3613553554186474	0.011348222606596622	302.0,340.0,542.0,464.0	54.0,1547.0,57.0,1547.0
000054	1550	210	TP	1.0	0.0	0.7945952385553243	0.015607655792989353	306.0,342.0,545.0,467.0	54.0,1550.0,57.0,1550.0
000054	1557	211	TP	1.0	0.0	0.559073249098641	0.018294857130920526	306.0,338.0,546.0,463.0	54.0,1557.0,57.0,1557.0
000054	1559	212	TP	1.0	0.0	0.5547212054821128	0.01466744836794762	306.0,336.0,546.0,460.0	54.0,1559.0,57.0,1559.0
000054	1568	213	TP	0.9999035493827161	0.0	0.482120520616246	0.013630958798857546	297.0,337.0,537.0,460.0	54.0,1568.0,57.0,1568.0
000054	1573	214	TP	1.0	0.0	0.6535251763813239	0.01596465054406755	285.0,336.0,526.0,460.0	54.0,1573.0,57.0,1573.0
000054	1580	215	TP	1.0	0.0	0.7562275647305398	0.013500947346078072	275.0,336.0,517.0,460.0	54.0,1580.0,57.0,1580.0
000054	1585	216	TP	0.9999054328809873	0.0	0.9946213921664194	0.013477159713538826	271.0,339.0,514.0,463.0	54.0,1585.0,57.0,1585.0
000054	1595	217	TP	1.0	0.0	0.7205891886628034	0.015254455442471731	283.0,331.0,527.0,453.0	54.0,1595.0,57.0,1595.0
000054	1597	218	TP	1.0	0.0	0.7975132267624969	0.01601783812215991	286.0,329.0,530.0,451.0	54.0,1597.0,57.0,1597.0
000054	1605	219	TP	0.9998100574576191	0.0	0.7901988299368932	0.020072801918515144	301.0,325.0,545.0,447.0	54.0,1605.0,57.0,1605.0
000054	1613	220	TP	0.9988100904331271	0.0	0.41160411456729373	0.014572828428209275	307.0,329.0,551.0,451.0	54.0,1613.0,57.0,1613.0
000054	1619	221	TP	1.0	0.0	1.1135058201606889	0.01700704061157864	312.0,333.0,555.0,457.0	54.0,1619.0,57.0,1619.0
000054	1625	222	TP	0.9994784752512801	0.0	0.6946437696913357	0.01924327519298955	320.0,334.0,563.0,458.0	54.0,1625.0,57.0,1625.0
000054	1663	223	TP	1.0	0.0	1.1275581137558677	0.022873068694398892	318.0,320.0,562.0,442.0	54.0,1663.0,57.0,1663.0
000054	1844	224	TP	1.0	0.0	0.7259027846148968	0.015447741101964287	331.0,301.0,576.0,433.0	54.0,1844.0,57.0,1844.0
000055	22	225	TP	0.7827098621800609	0.0	5.9465511990569935	0.005227458309532475	110.0,293.0,307.0,409.0	55.0,22.0,58.0,22.0
000055	42	226	TP	0.7894265767647234	0.0	4.179257018978008	0.005228675904375532	136.0,302.0,334.0,417.0	55.0,42.0,58.0,42.0
000055	49	227	TP	0.7871432862721538	0.0	4.462054860143813	0.005562269293398775	142.0,292.0,339.0,405.0	55.0,49.0,58.0,49.0
000055	62	228	TP	0.7907477138246369	0.0	3.618039166511066	0.008938213551840407	135.0,270.0,332.0,380.0	55.0,62.0,58.0,62.0
000055	89	229	TP	0.7872185027388923	0.0	3.572726797023205	0.013221552189581268	104.0,285.0,302.0,397.0	55.0,89.0,58.0,89.0
000055	100	230	TP	0.7867980414676903	0.0	4.140898323139944	0.006237135371089052	95.0,290.0,295.0,403.0	55.0,100.0,58.0,100.0
000055	128	231	TP	0.786363899669814	0.0	5.552777572822292	0.007145938338960848	20.0,282.0,228.0,409.0	55.0,128.0,58.0,128.0
000055	205	232	TP	0.7937376324060063	0.0	3.6896239941771927	0.0060139659122229756	49.0,283.0,257.0,405.0	55.0,205.0,58.0,205.0
000055	360	233	TP	0.8012155645108013	0.0	1.9425054352206215	0.014828689428640133	119.0,284.0,316.0,397.0	55.0,360.0,58.0,360.0
000055	454	234	TP	0.7910721565430086	0.0	1.8196902304749787	0.01603278911565277	160.0,315.0,356.0,430.0	55.0,454.0,58.0,454.0
000055	512	235	TP	0.7866852561868247	0.0	1.0105921044639639	0.017952737328419746	142.0,303.0,337.0,419.0	55.0,512.0,58.0,512.0
000055	513	236	TP	0.7873126524921575	0.0	1.667726202959553	0.014072014594096087	143.0,303.0,338.0,418.0	55.0,513.0,58.0,513.0
000055	526	237	TP	0.7803367659337601	0.0	1.7815908157871732	0.020735638033145244	144.0,300.0,339.0,415.0	55.0,526.0,58.0,526.0
000055	530	238	TP	0.7775615181426386	0.0	1.992719311149303	0.015631703156421952	137.0,297.0,333.0,412.0	55.0,530.0,58.0,530.0
000055	546	239	TP	0.7765728189085853	0.0	1.0004265423635066	0.02349676972858918	115.0,290.0,311.0,406.0	55.0,546.0,58.0,546.0
000055	562	240	TP	0.7723960863229478	0.0	1.0438904667259186	0.019900640238517633	124.0,296.0,320.0,411.0	55.0,562.0,58.0,562.0
000055	563	241	TP	0.7795751180227715	0.0	1.0864362199648547	0.014886091858374181	127.0,295.0,323.0,410.0	55.0,563.0,58.0,563.0
000055	588	242	TP	0.7834117321527393	0.0	1.468424137198744	0.021543751267670525	101.0,305.0,297.0,420.0	55.0,588.0,58.0,588.0
000055	598	243	TP	0.7718368769606134	0.0	1.9310150650394433	0.02178844053266017	109.0,300.0,305.0,415.0	55.0,598.0,58.0,598.0
000055	603	244	TP	0.7677099343300265	0.0	0.9492159296210958	0.0228962681506995	109.0,300.0,305.0,414.0	55.0,603.0,58.0,603.0
000055	610	245	TP	0.7615395342351137	0.0	1.2076850475958851	0.016754677213083085	114.0,300.0,309.0,414.0	55.0,610.0,58.0,610.0
000055	612	246	TP	0.7619545517914401	0.0	1.906637955814454	0.020745452396655057	116.0,300.0,311.0,414.0	55.0,612.0,58.0,612.0
000055	618	247	TP	0.7738045738045738	0.0	1.3582945942300373	0.01811465484317684	116.0,307.0,312.0,423.0	55.0,618.0,58.0,618.0
000055	621	248	TP	0.7672712169458674	0.0	1.308171906079243	0.01829246416090202	111.0,314.0,308.0,429.0	55.0,621.0,58.0,621.0
000055	622	249	TP	0.7679077156869517	0.0	1.1575137412339096	0.025653528914364874	111.0,314.0,308.0,430.0	55.0,622.0,58.0,622.0
000055	638	250	TP	0.7671468946026057	0.0	1.0489237259682924	0.02624778781708877	96.0,315.0,293.0,431.0	55.0,638.0,58.0,638.0
000055	641	251	TP	0.7753428433602095	0.0	1.363171326303448	0.019022804430940586	94.0,314.0,291.0,430.0	55.0,641.0,58.0,641.0
000055	649	252	TP	0.7692095270969969	0.0	1.7698315563802827	0.026896463746576733	95.0,317.0,292.0,432.0	55.0,649.0,58.0,649.0
000055	654	253	TP	0.7645674740484429	0.0	0.9428494311662161	0.022873827658868886	97.0,320.0,293.0,435.0	55.0,654.0,58.0,654.0
000055	663	254	TP	0.7693585219015985	0.0	1.1333526354009653	0.021602732739063955	107.0,318.0,303.0,431.0	55.0,663.0,58.0,663.0
000055	793	255	TP	0.7461691747406033	0.0	2.126585376823627	0.022811670808772302	183.0,321.0,380.0,437.0	55.0,793.0,58.0,793.0
000055	920	256	TP	0.7614591505099182	0.0	0.9706559304195891	0.021028250575387583	158.0,311.0,375.0,438.0	55.0,920.0,58.0,920.0
000055	1025	257	TP	0.7387031113695842	0.0	0.8540850844124843	0.018001645394797025	130.0,300.0,343.0,430.0	55.0,1025.0,58.0,1025.0
000055	1038	258	TP	0.7328623146093659	0.0	1.0759803324103516	0.01799972054446642	143.0,296.0,355.0,427.0	55.0,1038.0,58.0,1038.0
000055	1040	259	TP	0.7327021972884525	0.0	0.9563298082495949	0.01816247184071597	146.0,297.0,358.0,427.0	55.0,1040.0,58.0,1040.0
000055	1041	260	TP	0.7285155108956008	0.0	1.2906918269903256	0.011910599382621493	148.0,297.0,360.0,428.0	55.0,1041.0,58.0,1041.0
000055	1042	261	TP	0.7278199883109293	0.0	1.1656373631769186	0.011018560926186513	148.0,297.0,360.0,428.0	55.0,1042.0,58.0,1042.0
000055	1044	262	TP	0.7290669158005372	0.0	1.3408153204079474	0.011153411039900765	149.0,298.0,361.0,429.0	55.0,1044.0,58.0,1044.0
000055	1046	263	TP	0.739267198695171	0.0	0.8962800486742413	0.015592054884125493	150.0,300.0,362.0,431.0	55.0,1046.0,58.0,1046.0
000055	1048	264	TP	0.7368635437881874	0.0	0.6541016193138135	0.01343711417126804	150.0,301.0,362.0,433.0	55.0,1048.0,58.0,1048.0
000055	1049	265	TP	0.734092625951537	0.0	1.0741680366234496	0.013224931405332468	151.0,302.0,363.0,433.0	55.0,1049.0,58.0,1049.0
000055	1053	266	TP	0.7377049180327869	0.0	1.125764589812232	0.013538270448791261	150.0,302.0,363.0,434.0	55.0,1053.0,58.0,1053.0
000055	1055	267	TP	0.7328354752807688	0.0	0.9341293492520703	0.011661255785132841	151.0,302.0,364.0,433.0	55.0,1055.0,58.0,1055.0
000055	1064	268	TP	0.7345301316093281	0.0	1.414845882730701	0.012318508336746976	155.0,297.0,368.0,430.0	55.0,1064.0,58.0,1064.0
000055	1068	269	TP	0.7304122225425195	0.0	1.0067651204234722	0.011388939581865752	155.0,297.0,368.0,429.0	55.0,1068.0,58.0,1068.0
000055	1088	270	TP	0.7297641073080481	0.0	1.0783976985814978	0.01500956431623083	155.0,295.0,367.0,429.0	55.0,1088.0,58.0,1088.0
000055	1100	271	TP	0.732222673709874	0.0	1.3355547916429351	0.009673901893772197	152.0,291.0,363.0,424.0	55.0,1100.0,58.0,1100.0
000055	1103	272	TP	0.7395996518711924	0.0	0.8533327722533134	0.01428095260308292	152.0,290.0,364.0,424.0	55.0,1103.0,58.0,1103.0
000055	1115	273	TP	0.7254072227696945	0.0	1.2841552374408394	0.010779423125465893	152.0,285.0,363.0,419.0	55.0,1115.0,58.0,1115.0
000055	1120	274	TP	0.7304040754891745	0.0	0.9975969931955577	0.006629676103654832	151.0,285.0,362.0,420.0	55.0,1120.0,58.0,1120.0
000055	1132	275	TP	0.7368969107948629	0.0	0.8262548664465827	0.008281190525819961	149.0,287.0,360.0,423.0	55.0,1132.0,58.0,1132.0
000055	1136	276	TP	0.7324098759707894	0.0	1.0122188176699765	0.008946458387631449	150.0,285.0,360.0,420.0	55.0,1136.0,58.0,1136.0
000055	1147	277	TP	0.7288742563391671	0.0	0.7690345271292055	0.009639945368454202	145.0,281.0,356.0,416.0	55.0,1147.0,58.0,1147.0
000055	1151	278	TP	0.7259800817454378	0.0	0.8531959164595195	0.006428654060131167	144.0,280.0,355.0,416.0	55.0,1151.0,58.0,1151.0
000055	1161	279	TP	0.7590092666742936	0.0	0.9619331378868466	0.005536823734813627	140.0,281.0,351.0,418.0	55.0,1161.0,58.0,1161.0
000055	1164	280	TP	0.7290141811527905	0.0	1.2017851014476966	0.007239340430255627	141.0,283.0,352.0,420.0	55.0,1164.0,58.0,1164.0
000055	1176	281	TP	0.7268752876208008	0.0	0.5595476856064392	0.005962692582811117	142.0,282.0,351.0,420.0	55.0,1176.0,58.0,1176.0
000055	1177	282	TP	0.7284916844104276	0.0	0.6686405466462547	0.00425666072996565	142.0,282.0,351.0,420.0	55.0,1177.0,58.0,1177.0
000055	1189	283	TP	0.7232555452865065	0.0	0.734691764657493	0.005381115454048884	139.0,282.0,347.0,420.0	55.0,1189.0,58.0,1189.0
000055	1347	284	TP	0.7313939259094449	0.0	1.469647850648702	0.013899867182386836	143.0,283.0,352.0,426.0	55.0,1347.0,58.0,1347.0
000055	1520	285	TP	0.7114941203596956	0.0	1.2349607754835072	0.015046536338357064	188.0,278.0,380.0,423.0	55.0,1520.0,58.0,1520.0
000055	1543	286	TP	0.7062594904673528	0.0	1.0520261550668366	0.02113898771759101	163.0,297.0,355.0,445.0	55.0,1543.0,58.0,1543.0
000055	1563	287	TP	0.7116432137993645	0.0	1.3214314053361118	0.01747006494637625	166.0,293.0,358.0,440.0	55.0,1563.0,58.0,1563.0
000055	1567	288	TP	0.7159913988229968	0.0	1.2786641104886194	0.014560079007196261	167.0,295.0,358.0,442.0	55.0,1567.0,58.0,1567.0
000055	1585	289	TP	0.7172457214813119	0.0	1.3018601868231479	0.014663500868603654	175.0,290.0,366.0,436.0	55.0,1585.0,58.0,1585.0
000055	1592	290	TP	0.733488237002614	0.0	0.7957520316898993	0.011576814380496002	181.0,284.0,372.0,428.0	55.0,1592.0,58.0,1592.0
000055	1603	291	TP	0.7184282163569653	0.0	0.6074871847010387	0.017901568106384994	195.0,279.0,386.0,420.0	55.0,1603.0,58.0,1603.0
000055	1604	292	TP	0.7143958716412598	0.0	0.43545259142429726	0.014846252107748332	197.0,278.0,388.0,419.0	55.0,1604.0,58.0,1604.0
000055	1609	293	TP	0.7158236603115414	0.0	1.2300859729265423	0.018479473657206674	208.0,276.0,398.0,415.0	55.0,1609.0,58.0,1609.0
000055	1612	294	TP	0.7174804098854731	0.0	1.3168428639964398	0.016771328151301588	211.0,279.0,401.0,418.0	55.0,1612.0,58.0,1612.0
000055	1625	295	TP	0.7155378010970666	0.0	1.3083487599246069	0.01872692944847182	201.0,286.0,391.0,426.0	55.0,1625.0,58.0,1625.0
000055	1632	296	TP	0.7146098274523852	0.0	0.9401916449868393	0.01762341679042258	207.0,287.0,396.0,427.0	55.0,1632.0,58.0,1632.0
000055	1643	297	TP	0.7376735280038296	0.0	0.916234694331392	0.018000174520442783	204.0,290.0,394.0,429.0	55.0,1643.0,58.0,1643.0
000055	1666	298	TP	0.7255102040816327	0.0	0.6896286604182965	0.014782292980290119	211.0,301.0,402.0,439.0	55.0,1666.0,58.0,1666.0
000055	1717	299	TP	0.7408681214421252	0.0	1.3634695461868696	0.019799002261265065	211.0,310.0,402.0,449.0	55.0,1717.0,58.0,1717.0
000058	30	300	TP	0.6202465705851711	0.0	4.029269199090601	0.021760967910737054	420.0,163.0,548.0,381.0	58.0,30.0,61.0,30.0
000058	77	301	TP	0.6183431952662722	0.0	3.5662982159181165	0.020254112031123525	408.0,159.0,536.0,378.0	58.0,77.0,61.0,77.0
000058	86	302	TP	0.6157100963552576	0.0	4.204334230094279	0.0172073639588475	405.0,161.0,535.0,380.0	58.0,86.0,61.0,86.0
000058	94	303	TP	0.6145424153781863	0.0	2.512226078302911	0.01382159452433435	386.0,163.0,518.0,381.0	58.0,94.0,61.0,94.0
000058	102	304	TP	0.6203506129450651	0.0	3.2554888121972496	0.014759856030359685	382.0,164.0,514.0,381.0	58.0,102.0,61.0,102.0
000058	103	305	TP	0.6158263129217486	0.0	3.075042664968993	0.017494949110005816	380.0,166.0,512.0,382.0	58.0,103.0,61.0,103.0
000058	107	306	TP	0.6187678361591405	0.0	2.7098203287761935	0.011618445260897899	381.0,170.0,512.0,386.0	58.0,107.0,61.0,107.0
000058	114	307	TP	0.6186099219340216	0.0	2.3967552621493993	0.007335082810631696	383.0,164.0,514.0,380.0	58.0,114.0,61.0,114.0
000058	116	308	TP	0.6174275958011888	0.0	2.536864922541319	0.011482480906607664	378.0,169.0,509.0,385.0	58.0,116.0,61.0,116.0
000058	121	309	TP	0.6204012671594509	0.0	2.411745343975644	0.010562626350365568	386.0,162.0,515.0,378.0	58.0,121.0,61.0,121.0
000058	124	310	TP	0.6228904961299327	0.0	3.387184455898459	0.009279073354662572	393.0,165.0,522.0,380.0	58.0,124.0,61.0,124.0
000058	135	311	TP	0.6245059288537549	0.0	3.0105829936584083	0.0046879910394576115	406.0,157.0,536.0,371.0	58.0,135.0,61.0,135.0
000058	137	312	TP	0.6226993865030674	0.0	3.1455711726103526	0.004317316995683202	409.0,157.0,540.0,371.0	58.0,137.0,61.0,137.0
000058	154	313	TP	0.6278616456536165	0.0	3.013689950999957	0.00692253885594067	410.0,150.0,544.0,363.0	58.0,154.0,61.0,154.0
000058	163	314	TP	0.6319970057390002	0.0	4.131003228079466	0.006419201148530676	415.0,159.0,547.0,372.0	58.0,163.0,61.0,163.0
000058	215	315	TP	0.6328807960359344	0.0	1.7734304108363161	0.0032815229536230584	425.0,139.0,553.0,357.0	58.0,215.0,61.0,215.0
000058	319	316	TP	0.6508606421714664	0.0	2.330383020327717	0.001753451321152566	372.0,195.0,502.0,403.0	58.0,319.0,61.0,319.0
000058	444	317	TP	0.6554096838194943	0.0	1.8655863843367373	0.010093653241395112	449.0,213.0,572.0,424.0	58.0,444.0,61.0,444.0
000058	516	318	TP	0.6593790808374405	0.0	3.2512807884561337	0.007910672432923201	421.0,213.0,545.0,430.0	58.0,516.0,61.0,516.0
000058	519	319	TP	0.6610646611486912	0.0	2.3016338722453797	0.010335492106392806	422.0,209.0,547.0,427.0	58.0,519.0,61.0,519.0
000058	529	320	TP	0.6576633165829145	0.0	3.660973250662743	0.008066412656879848	416.0,215.0,541.0,433.0	58.0,529.0,61.0,529.0
000058	531	321	TP	0.6605147520401757	0.0	3.004837604185372	0.008710502330031797	419.0,218.0,543.0,436.0	58.0,531.0,61.0,531.0
000058	541	322	TP	0.6652044951330576	0.0	3.263846752181313	0.01049077649246052	423.0,217.0,546.0,435.0	58.0,541.0,61.0,541.0
000058	553	323	TP	0.6701981230448384	0.0	2.869696379699885	0.01118193532112973	429.0,207.0,551.0,425.0	58.0,553.0,61.0,553.0
000058	561	324	TP	0.6626672819566221	0.0	2.9633579801383836	0.015515025921467638	439.0,186.0,563.0,404.0	58.0,561.0,61.0,561.0
000058	562	325	TP	0.668234108657318	0.0	4.3597199963470565	0.01483635549016364	441.0,184.0,564.0,402.0	58.0,562.0,61.0,562.0
000058	574	326	TP	0.6687693154396511	0.0	3.6003436282479577	0.01813576611848452	450.0,175.0,574.0,393.0	58.0,574.0,61.0,574.0
000058	576	327	TP	0.6678388340465196	0.0	3.2176074778954455	0.01293776618518848	450.0,176.0,574.0,394.0	58.0,576.0,61.0,576.0
000058	583	328	TP	0.678082191780822	0.0	3.826808558406517	0.019053138201669057	448.0,168.0,574.0,387.0	58.0,583.0,61.0,583.0
000058	588	329	TP	0.6741768499660556	0.0	3.4922000221296825	0.013679471430341933	451.0,171.0,577.0,390.0	58.0,588.0,61.0,588.0
000058	596	330	TP	0.6763350386875819	0.0	3.8832375513219444	0.01155492178954743	454.0,171.0,584.0,392.0	58.0,596.0,61.0,596.0
000058	603	331	TP	0.6794974493022471	0.0	3.0275388057850265	0.0168085886824008	457.0,167.0,590.0,389.0	58.0,603.0,61.0,603.0
000058	610	332	TP	0.6861959957850369	0.0	3.9331488166964736	0.020903757281821023	458.0,165.0,592.0,388.0	58.0,610.0,61.0,610.0
000058	617	333	TP	0.6823965618943288	0.0	3.976140967979634	0.016001550390411252	460.0,163.0,595.0,387.0	58.0,617.0,61.0,617.0
000058	631	334	TP	0.6811229834485648	0.0	4.179906927875696	0.016711181817857575	456.0,149.0,594.0,374.0	58.0,631.0,61.0,631.0
000058	635	335	TP	0.681136344590631	0.0	4.446545005396287	0.015619177846590424	456.0,153.0,594.0,378.0	58.0,635.0,61.0,635.0
000058	642	336	TP	0.6769282248619709	0.0	3.99782710132956	0.012226093249706384	454.0,153.0,593.0,378.0	58.0,642.0,61.0,642.0
000058	646	337	TP	0.6770798529903107	0.0	5.117294112770452	0.016421879632378903	453.0,154.0,592.0,380.0	58.0,646.0,61.0,646.0
000058	653	338	TP	0.682996273499979	0.0	3.845534208808144	0.015145156423038276	440.0,159.0,577.0,384.0	58.0,653.0,61.0,653.0
000058	655	339	TP	0.6833305397251089	0.0	5.003598146859351	0.01504568521723378	435.0,160.0,573.0,384.0	58.0,655.0,61.0,655.0
000058	660	340	TP	0.6831761994552692	0.0	4.853522738834373	0.015488848633520015	428.0,166.0,564.0,390.0	58.0,660.0,61.0,660.0
000058	662	341	TP	0.6848677869505092	0.0	4.838013615138808	0.01460328473592661	425.0,165.0,561.0,389.0	58.0,662.0,61.0,662.0
000058	670	342	TP	0.6831303187051561	0.0	4.719265870232256	0.01832915676032117	425.0,170.0,561.0,395.0	58.0,670.0,61.0,670.0
000058	677	343	TP	0.6865473823724321	0.0	5.035251441148406	0.013798234445633576	435.0,179.0,570.0,405.0	58.0,677.0,61.0,677.0
000058	691	344	TP	0.6913438231789985	0.0	4.168668156027688	0.01340908921749456	433.0,182.0,569.0,409.0	58.0,691.0,61.0,691.0
000058	826	345	TP	0.7077300150829563	0.0	4.930999956794331	0.009032305363051031	425.0,177.0,561.0,412.0	58.0,826.0,61.0,826.0
000058	940	346	TP	0.7405125332586473	0.0	2.9839359995399026	0.002084856632208775	451.0,161.0,588.0,406.0	58.0,940.0,61.0,940.0
000058	1035	347	TP	0.7276580826109128	0.0	1.6635489483806596	0.0030635979268536745	448.0,237.0,592.0,499.0	58.0,1035.0,61.0,1035.0
000058	1036	348	TP	0.7305427343625657	0.0	2.2543451133516514	0.006747675586571135	448.0,238.0,592.0,500.0	58.0,1036.0,61.0,1036.0
000058	1051	349	TP	0.7375074687883266	0.0	2.258300136702258	0.007467299456036825	449.0,230.0,594.0,494.0	58.0,1051.0,61.0,1051.0
000058	1068	350	TP	0.7283194057567317	0.0	2.5695412963590316	0.008981485829977796	441.0,232.0,589.0,498.0	58.0,1068.0,61.0,1068.0
000058	1072	351	TP	0.7302645796671915	0.0	2.357861590771749	0.009841277906805718	437.0,230.0,584.0,497.0	58.0,1072.0,61.0,1072.0
000058	1082	352	TP	0.7251766001039723	0.0	2.3437111800517836	0.012139994811730264	430.0,233.0,578.0,501.0	58.0,1082.0,61.0,1082.0
000058	1084	353	TP	0.7357153763933425	0.0	2.147697199026884	0.011337842143672745	431.0,231.0,578.0,499.0	58.0,1084.0,61.0,1084.0
000058	1094	354	TP	0.7493810760219793	0.0	1.296833343713882	0.006050111438851986	433.0,220.0,579.0,489.0	58.0,1094.0,61.0,1094.0
000058	1097	355	TP	0.7488481344294877	0.0	1.6579632562218694	0.01020437593556641	434.0,218.0,579.0,488.0	58.0,1097.0,61.0,1097.0
000058	1113	356	TP	0.7595496095405291	0.0	1.149404997974707	0.006512596450764202	418.0,191.0,560.0,459.0	58.0,1113.0,61.0,1113.0
000058	1129	357	TP	0.7584993080209399	0.0	1.8311896968520356	0.007978792490165466	418.0,179.0,557.0,447.0	58.0,1129.0,61.0,1129.0
000058	1144	358	TP	0.7637018149092545	0.0	0.8999301043811604	0.00437777099526588	413.0,175.0,553.0,443.0	58.0,1144.0,61.0,1144.0
000058	1146	359	TP	0.7655321447866018	0.0	1.6578926504526377	0.007727540350308407	412.0,176.0,551.0,443.0	58.0,1146.0,61.0,1146.0
000058	1164	360	TP	0.7682506682506682	0.0	1.5639479075652778	0.00659131240945224	413.0,177.0,553.0,445.0	58.0,1164.0,61.0,1164.0
000058	1167	361	TP	0.7700951759717733	0.0	1.598438282261654	0.008501974347394282	412.0,177.0,553.0,446.0	58.0,1167.0,61.0,1167.0
000058	1177	362	TP	0.7697559817134715	0.0	2.822750574324971	0.00925414973308834	400.0,171.0,544.0,438.0	58.0,1177.0,61.0,1177.0
000058	1180	363	TP	0.767711859374072	0.0	1.691382262367947	0.00829957038887006	398.0,171.0,541.0,438.0	58.0,1180.0,61.0,1180.0
000058	1278	364	TP	0.7764142977765269	0.0	1.8651001697664789	0.005932378117736446	375.0,160.0,520.0,437.0	58.0,1278.0,61.0,1278.0
000058	1511	365	TP	0.8051773729626078	0.0	2.054253356411881	0.0026692654198644796	358.0,150.0,500.0,438.0	58.0,1511.0,61.0,1511.0
000058	1529	366	TP	0.8029673424993725	0.0	2.099266551090068	0.0019028488786839283	341.0,161.0,481.0,448.0	58.0,1529.0,61.0,1529.0
000058	1549	367	TP	0.806997297905877	0.0	2.0321591796746308	0.0016873550249024275	333.0,165.0,473.0,451.0	58.0,1549.0,61.0,1549.0
000058	1584	368	TP	0.8101617430051213	0.0	1.7812913089765428	0.0020781299970386077	331.0,202.0,472.0,486.0	58.0,1584.0,61.0,1584.0
000058	1599	369	TP	0.8166802136553646	0.0	1.8729111578423745	0.0025708487497648268	341.0,196.0,487.0,479.0	58.0,1599.0,61.0,1599.0
000058	1614	370	TP	0.8170860152135752	0.0	1.6737224755839177	0.003502545098430033	353.0,191.0,498.0,473.0	58.0,1614.0,61.0,1614.0
000058	1639	371	TP	0.8138267441510343	0.0	1.7161506812601826	0.006288300765491834	360.0,193.0,500.0,472.0	58.0,1639.0,61.0,1639.0
000058	1669	372	TP	0.8165035655851572	0.0	2.010277382962983	0.0060869968266934376	361.0,188.0,498.0,464.0	58.0,1669.0,61.0,1669.0
000058	1672	373	TP	0.8130308102411505	0.0	2.3886425501315887	0.004901348286840967	363.0,189.0,500.0,465.0	58.0,1672.0,61.0,1672.0
000058	1684	374	TP	0.8071198019491711	0.0	1.0235249919249703	0.0034756474926448404	361.0,179.0,498.0,453.0	58.0,1684.0,61.0,1684.0
