#  Index into NumPy file "pose_data_ycbv-1-epos.npz".
#  Created at  6:52PM EDT on Sep 11, 2023
#    DATASET:   ycbv
#    OBJECT:    1
#    ESTIMATOR: epos
#  The errors reported in this file have taken discrete and continuous object symmetries into account.
#  Bounding boxes are recorded in pixel coordinates as ((upper-left x, y), (lower-right x, y)) with the origin in the upper-left.
#
#  When a row is marked as a TP, it does not necessarily mean that the bounding boxes overlap.
#  For each ground-truth instance, the prediction best overlapping that instance belongs to that ground-truth.
#  All TPs are in the corresponding *.npz file.
#
#  When a row is marked as a FN, it means that there is a ground-truth but the predictor failed to make a prediction at all.
#  FNs are NOT recorded in the *.npz at all.
#
#  When a row is marked as a FP, it means the predictor hallucinated; there is no corresponding ground-truth instance.
#  FPs are NOT recorded in the *.npz at all.
#
#  Scene  <t>  Frame  <t>  Index  <t>  Error cat.  <t>  Visibility ratio  <t>  Score  <t>  R_err(degrees)  <t>  t_err(meters)  <t>  Gr.Tr.BBox  <t>  Pred.BBox
000048	1	0	TP	0.9351437424685832	0.0	6.0727311428497925	0.008405716836033543	206.0,126.0,338.0,320.0	48.0,1.0,49.0,1.0
000048	36	1	TP	0.9419062539695982	0.0	6.203498733914449	0.008307282250691814	186.0,122.0,318.0,316.0	48.0,36.0,49.0,36.0
000048	47	2	TP	0.9358348806079709	0.0	6.172884867880972	0.005034304773494454	216.0,122.0,346.0,314.0	48.0,47.0,49.0,47.0
000048	83	3	TP	0.9406132803882639	0.0	6.750135068309223	0.0075658231732451614	244.0,133.0,371.0,322.0	48.0,83.0,49.0,83.0
000048	112	4	TP	0.939858016698665	0.0	6.804049235600435	0.006652439754204265	257.0,121.0,384.0,309.0	48.0,112.0,49.0,112.0
000048	1024	5	TP	0.8873319339649401	0.0	3.0513565785806276	0.009919372838652544	334.0,149.0,446.0,319.0	48.0,1024.0,49.0,1024.0
000048	1027	6	TP	0.885398454683887	0.0	2.4009412239662002	0.010329262539005218	346.0,155.0,459.0,325.0	48.0,1027.0,49.0,1027.0
000048	1059	7	TP	0.8828839057621345	0.0	1.648368890712377	0.017532775651027163	354.0,138.0,470.0,308.0	48.0,1059.0,49.0,1059.0
000048	1074	8	TP	0.8815384615384615	0.0	2.1787699397135736	0.012750535664703154	332.0,170.0,444.0,337.0	48.0,1074.0,49.0,1074.0
000048	1075	9	TP	0.8834721976008982	0.0	2.186722897995781	0.013610695698816901	332.0,165.0,444.0,332.0	48.0,1075.0,49.0,1075.0
000048	1083	10	TP	0.8847665555026203	0.0	2.76329553104398	0.014838805808262075	340.0,164.0,453.0,330.0	48.0,1083.0,49.0,1083.0
000048	1087	11	TP	0.8806500150466446	0.0	1.3533552465607954	0.022491740350697634	338.0,170.0,451.0,335.0	48.0,1087.0,49.0,1087.0
000048	1090	12	TP	0.8795795613342244	0.0	0.7973903222144276	0.017878992055872414	333.0,170.0,445.0,334.0	48.0,1090.0,49.0,1090.0
000048	1094	13	TP	0.8666297390448056	0.0	1.1949378916592523	0.012024051157242739	323.0,169.0,433.0,333.0	48.0,1094.0,49.0,1094.0
000048	1097	14	TP	0.8758403750077098	0.0	1.7395775010364702	0.014396999593087444	326.0,167.0,435.0,330.0	48.0,1097.0,49.0,1097.0
000048	1103	15	TP	0.8769391775424772	0.0	1.3187715073624784	0.010098823808377365	338.0,161.0,448.0,325.0	48.0,1103.0,49.0,1103.0
000048	1104	16	TP	0.8799335016316729	0.0	0.6257366605716235	0.01588071485247859	337.0,160.0,446.0,323.0	48.0,1104.0,49.0,1104.0
000048	1107	17	TP	0.8741955445544555	0.0	0.8049311155521962	0.018412585346062556	335.0,157.0,444.0,320.0	48.0,1107.0,49.0,1107.0
000048	1113	18	TP	0.8727125606871654	0.0	1.1669689066840945	0.021300467764689673	347.0,165.0,458.0,327.0	48.0,1113.0,49.0,1113.0
000048	1119	19	TP	0.8654233870967742	0.0	1.2130758412750595	0.021452993833603117	352.0,162.0,463.0,323.0	48.0,1119.0,49.0,1119.0
000048	1120	20	TP	0.8688648853515255	0.0	1.0872970896553122	0.01742678032797479	352.0,162.0,463.0,323.0	48.0,1120.0,49.0,1120.0
000048	1122	21	TP	0.8733198072533603	0.0	1.5731771803964278	0.021279903805822224	353.0,162.0,463.0,323.0	48.0,1122.0,49.0,1122.0
000048	1124	22	TP	0.8703632642619595	0.0	2.4523481255381054	0.02650744262048407	352.0,160.0,461.0,320.0	48.0,1124.0,49.0,1124.0
000048	1126	23	TP	0.8698925423074448	0.0	1.9147011940786853	0.019911279172016363	352.0,161.0,461.0,320.0	48.0,1126.0,49.0,1126.0
000048	1128	24	TP	0.8662786938247656	0.0	1.5172371550080317	0.03340210332813837	352.0,161.0,458.0,320.0	48.0,1128.0,49.0,1128.0
000048	1132	25	TP	0.8686980971686392	0.0	2.385676027744844	0.022509218433138932	350.0,168.0,456.0,325.0	48.0,1132.0,49.0,1132.0
000048	1133	26	TP	0.8648205262812521	0.0	1.0320528079751714	0.023920495076299238	349.0,168.0,454.0,325.0	48.0,1133.0,49.0,1133.0
000048	1137	27	TP	0.8563857975622682	0.0	1.3743584699397589	0.02130163424673335	343.0,171.0,447.0,328.0	48.0,1137.0,49.0,1137.0
000048	1540	28	TP	0.8075934230194319	0.0	2.669090597439661	0.040704510303894686	344.0,177.0,466.0,345.0	48.0,1540.0,49.0,1540.0
000048	1542	29	TP	0.7969591763438285	0.0	0.9982035317795035	0.040480398689985375	345.0,179.0,467.0,347.0	48.0,1542.0,49.0,1542.0
000048	1543	30	TP	0.8093697579678888	0.0	0.7695544251026176	0.034329248171968314	343.0,182.0,466.0,350.0	48.0,1543.0,49.0,1543.0
000048	1568	31	TP	0.7958590628405376	0.0	1.6162614008515865	0.03816016808246355	332.0,202.0,456.0,369.0	48.0,1568.0,49.0,1568.0
000048	1569	32	TP	0.7889663534404365	0.0	2.2644078732615958	0.03782901709436669	332.0,202.0,455.0,369.0	48.0,1569.0,49.0,1569.0
000048	1571	33	TP	0.7892629663330301	0.0	3.165570583603524	0.03892302854358812	333.0,205.0,457.0,372.0	48.0,1571.0,49.0,1571.0
000048	1572	34	TP	0.7956558670064312	0.0	4.675044906678199	0.033138778475438134	335.0,203.0,458.0,370.0	48.0,1572.0,49.0,1572.0
000048	1576	35	TP	0.7972792420745779	0.0	4.9083762376449975	0.03156720031164491	340.0,214.0,464.0,381.0	48.0,1576.0,49.0,1576.0
000048	1577	36	TP	0.7971208163761161	0.0	5.227252556966855	0.030181242630167825	341.0,215.0,465.0,382.0	48.0,1577.0,49.0,1577.0
000048	1579	37	TP	0.799453219927096	0.0	4.2139556212680205	0.030031710806136137	341.0,214.0,464.0,381.0	48.0,1579.0,49.0,1579.0
000048	1580	38	TP	0.7955222972561903	0.0	3.592567324912427	0.026037731946634647	341.0,214.0,464.0,381.0	48.0,1580.0,49.0,1580.0
000048	1583	39	TP	0.7906552290563972	0.0	3.2324210285091337	0.03964761373404383	343.0,216.0,465.0,383.0	48.0,1583.0,49.0,1583.0
000048	1586	40	TP	0.7963525835866262	0.0	5.696054414216301	0.038377862503977976	344.0,216.0,466.0,383.0	48.0,1586.0,49.0,1586.0
000048	1587	41	TP	0.7943822957198443	0.0	3.5476658583318517	0.04597910886175395	344.0,215.0,467.0,382.0	48.0,1587.0,49.0,1587.0
000048	1588	42	TP	0.7910075444146994	0.0	3.0907015084866076	0.037316662715408656	342.0,218.0,466.0,385.0	48.0,1588.0,49.0,1588.0
000048	1589	43	TP	0.7839761528166443	0.0	3.677011358795016	0.03223931839189181	341.0,219.0,465.0,386.0	48.0,1589.0,49.0,1589.0
000048	1597	44	TP	0.7943805093046034	0.0	2.972962341562104	0.025667897510912134	334.0,236.0,457.0,402.0	48.0,1597.0,49.0,1597.0
000048	1605	45	TP	0.7933606407042856	0.0	1.1062733968503078	0.04476568613362982	349.0,221.0,472.0,387.0	48.0,1605.0,49.0,1605.0
000048	1608	46	TP	0.7987532848499664	0.0	4.433940443445924	0.030515175014689994	351.0,218.0,474.0,384.0	48.0,1608.0,49.0,1608.0
000048	1609	47	TP	0.7951475890729084	0.0	5.121223394724343	0.02999280773052169	352.0,216.0,473.0,382.0	48.0,1609.0,49.0,1609.0
000048	1611	48	TP	0.7862562721821075	0.0	4.19948826845682	0.03951682801841476	349.0,216.0,471.0,382.0	48.0,1611.0,49.0,1611.0
000048	1619	49	TP	0.7827896444090826	0.0	3.9486480479383776	0.030894620329963266	344.0,211.0,464.0,376.0	48.0,1619.0,49.0,1619.0
000048	1622	50	TP	0.7817659288247524	0.0	4.349941636241345	0.04669745904649695	346.0,209.0,465.0,375.0	48.0,1622.0,49.0,1622.0
000048	1624	51	TP	0.780110159118727	0.0	2.7361184894617145	0.05589386139724748	347.0,210.0,466.0,375.0	48.0,1624.0,49.0,1624.0
000048	1626	52	TP	0.7769277845777234	0.0	2.0931975511114675	0.04931361119748529	347.0,209.0,467.0,374.0	48.0,1626.0,49.0,1626.0
000048	1631	53	TP	0.7832713528013169	0.0	2.7707904094466365	0.04284471975206668	352.0,207.0,473.0,373.0	48.0,1631.0,49.0,1631.0
000048	1639	54	TP	0.7812405078670798	0.0	2.804362194074135	0.04848909743107271	357.0,213.0,478.0,378.0	48.0,1639.0,49.0,1639.0
000048	1641	55	TP	0.775375484496124	0.0	1.9268987124833485	0.04450621198159977	356.0,213.0,477.0,380.0	48.0,1641.0,49.0,1641.0
000048	1643	56	TP	0.7764370603929178	0.0	3.503224908319465	0.043327137168351515	355.0,215.0,477.0,381.0	48.0,1643.0,49.0,1643.0
000048	1644	57	TP	0.7785467128027682	0.0	3.5795523773507107	0.042163443095850704	352.0,216.0,474.0,382.0	48.0,1644.0,49.0,1644.0
000048	1645	58	TP	0.7767450337160562	0.0	3.7769302984414654	0.043780542090227574	352.0,215.0,473.0,381.0	48.0,1645.0,49.0,1645.0
000048	1648	59	TP	0.7694086152348504	0.0	3.09371357647593	0.05604851017905565	349.0,215.0,471.0,381.0	48.0,1648.0,49.0,1648.0
000048	1649	60	TP	0.7796992023381842	0.0	4.166577461714719	0.05624323558295558	348.0,213.0,469.0,378.0	48.0,1649.0,49.0,1649.0
000048	1724	61	TP	0.7490143000058848	0.0	3.866240979874606	0.052393176984097026	342.0,187.0,458.0,354.0	48.0,1724.0,49.0,1724.0
000048	1874	62	TP	0.6996049512773242	0.0	3.1300020726686233	0.051749380283314904	312.0,154.0,428.0,328.0	48.0,1874.0,49.0,1874.0
000048	2040	63	TP	0.6774305555555555	0.0	3.8757894921968017	0.03988828940487923	338.0,149.0,466.0,340.0	48.0,2040.0,49.0,2040.0
000048	2050	64	TP	0.6843105085916588	0.0	3.6942376425800116	0.04159940547242906	337.0,157.0,465.0,348.0	48.0,2050.0,49.0,2050.0
000048	2051	65	TP	0.6785282953761215	0.0	3.807202344933112	0.04107427309177722	337.0,157.0,465.0,349.0	48.0,2051.0,49.0,2051.0
000048	2066	66	TP	0.6762038574530591	0.0	4.639738845265082	0.037028547414623636	334.0,149.0,463.0,342.0	48.0,2066.0,49.0,2066.0
000048	2069	67	TP	0.6882400373466876	0.0	5.676663162764593	0.023793378372885875	332.0,146.0,461.0,339.0	48.0,2069.0,49.0,2069.0
000048	2070	68	TP	0.675186503899627	0.0	4.262590840486182	0.031311072608615195	333.0,145.0,462.0,339.0	48.0,2070.0,49.0,2070.0
000048	2083	69	TP	0.6779372718221042	0.0	5.26785081672946	0.02824033574962476	338.0,144.0,468.0,339.0	48.0,2083.0,49.0,2083.0
000048	2090	70	TP	0.6842887824219396	0.0	3.823389299492913	0.036095050336874726	330.0,140.0,460.0,336.0	48.0,2090.0,49.0,2090.0
000048	2104	71	TP	0.6737533979794701	0.0	4.469359106644902	0.032170943180650245	332.0,136.0,464.0,334.0	48.0,2104.0,49.0,2104.0
000048	2133	72	TP	0.673501391774807	0.0	5.909195586599	0.0402550085351717	341.0,135.0,475.0,336.0	48.0,2133.0,49.0,2133.0
000048	2144	73	TP	0.6731488984064513	0.0	5.2966458648609915	0.03555679989916126	338.0,138.0,473.0,341.0	48.0,2144.0,49.0,2144.0
000048	2160	74	TP	0.6777479080686077	0.0	4.857288867877436	0.030557585109617834	344.0,132.0,481.0,337.0	48.0,2160.0,49.0,2160.0
000051	1	75	TP	0.9009591791211242	0.0	3.6069892812592506	0.01611734545726996	301.0,150.0,412.0,328.0	51.0,1.0,52.0,1.0
000051	35	76	TP	0.9010710259301015	0.0	3.7429259224121774	0.013205003185611372	308.0,168.0,418.0,345.0	51.0,35.0,52.0,35.0
000051	56	77	TP	0.8961488287675118	0.0	4.9355942488364395	0.019292455619087212	297.0,171.0,408.0,348.0	51.0,56.0,52.0,56.0
000051	83	78	TP	0.8990799796805328	0.0	3.6059782453910048	0.019359782773255212	288.0,157.0,400.0,334.0	51.0,83.0,52.0,83.0
000051	100	79	TP	0.8989950316169828	0.0	4.300218224480572	0.012183368393356436	291.0,146.0,403.0,323.0	51.0,100.0,52.0,100.0
000051	116	80	TP	0.8975029861782606	0.0	2.914494891500528	0.013912712102874567	301.0,135.0,412.0,312.0	51.0,116.0,52.0,116.0
000051	138	81	TP	0.8946804913783388	0.0	3.415453743170132	0.01641854785944632	315.0,112.0,426.0,289.0	51.0,138.0,52.0,138.0
000051	169	82	TP	0.8957741773843327	0.0	3.1458466478180465	0.016489160414236544	318.0,116.0,430.0,295.0	51.0,169.0,52.0,169.0
000051	240	83	TP	0.8823967889908257	0.0	3.188512594185513	0.023372484336287858	351.0,154.0,460.0,330.0	51.0,240.0,52.0,240.0
000051	407	84	TP	0.8659575718399248	0.0	3.605521144521834	0.014733811184260455	338.0,151.0,450.0,325.0	51.0,407.0,52.0,407.0
000051	515	85	TP	0.8588613625535969	0.0	4.037828520622707	0.020715599328422384	347.0,167.0,456.0,339.0	51.0,515.0,52.0,515.0
000051	520	86	TP	0.8523860398860399	0.0	3.3883054003329773	0.015548092837950176	352.0,166.0,462.0,338.0	51.0,520.0,52.0,520.0
000051	532	87	TP	0.8536916715888955	0.0	3.723325294782031	0.020045184851559185	355.0,169.0,466.0,342.0	51.0,532.0,52.0,532.0
000051	546	88	TP	0.8482661503256469	0.0	3.330727491393292	0.019315476707478456	364.0,169.0,477.0,343.0	51.0,546.0,52.0,546.0
000051	553	89	TP	0.84779299847793	0.0	3.4216947997441687	0.02157012302513107	359.0,171.0,472.0,345.0	51.0,553.0,52.0,553.0
000051	571	90	TP	0.8439092172301992	0.0	3.359928347949586	0.020533776244372495	362.0,177.0,476.0,352.0	51.0,571.0,52.0,571.0
000051	582	91	TP	0.8498010036338467	0.0	3.103767068334092	0.02230013239766299	362.0,197.0,477.0,372.0	51.0,582.0,52.0,582.0
000051	601	92	TP	0.8488358822186716	0.0	4.107832548161668	0.01765537907764774	366.0,191.0,483.0,367.0	51.0,601.0,52.0,601.0
000051	611	93	TP	0.8455836586883947	0.0	4.052997525681735	0.020347924071527832	365.0,188.0,483.0,364.0	51.0,611.0,52.0,611.0
000051	618	94	TP	0.8475376658421407	0.0	3.487639661126056	0.016643532197195644	362.0,182.0,481.0,359.0	51.0,618.0,52.0,618.0
000051	636	95	TP	0.838203731220076	0.0	4.0505596528371095	0.015871436279908367	366.0,194.0,488.0,373.0	51.0,636.0,52.0,636.0
000051	637	96	TP	0.8390501319261213	0.0	3.7955651650440307	0.019041173640427123	367.0,194.0,489.0,373.0	51.0,637.0,52.0,637.0
000051	649	97	TP	0.8421658986175116	0.0	4.462635873387696	0.016903650252766578	351.0,188.0,475.0,367.0	51.0,649.0,52.0,649.0
000051	654	98	TP	0.8448633879781421	0.0	4.860872815587352	0.022814083243134355	354.0,187.0,477.0,367.0	51.0,654.0,52.0,654.0
000051	669	99	TP	0.8438274932614556	0.0	4.056382276878521	0.019324003759072277	357.0,199.0,482.0,380.0	51.0,669.0,52.0,669.0
000051	672	100	TP	0.8390921772722395	0.0	3.6334355871076283	0.01851070085419746	362.0,200.0,487.0,381.0	51.0,672.0,52.0,672.0
000051	675	101	TP	0.837767094017094	0.0	4.198121465226925	0.017711200960450972	365.0,197.0,490.0,379.0	51.0,675.0,52.0,675.0
000051	681	102	TP	0.8376585469405085	0.0	3.7146929757656704	0.017796324221109112	366.0,196.0,491.0,378.0	51.0,681.0,52.0,681.0
000051	685	103	TP	0.8381933438985737	0.0	4.065188957584805	0.013142280415387477	364.0,196.0,490.0,379.0	51.0,685.0,52.0,685.0
000051	694	104	TP	0.8354735573143246	0.0	4.051461772763859	0.02172151429325688	360.0,196.0,486.0,380.0	51.0,694.0,52.0,694.0
000051	698	105	TP	0.8379169716616125	0.0	4.440700991486959	0.015673724956763408	359.0,191.0,485.0,375.0	51.0,698.0,52.0,698.0
000051	780	106	TP	0.831006831006831	0.0	3.7961878117940104	0.017029933676381927	352.0,191.0,482.0,379.0	51.0,780.0,52.0,780.0
000051	946	107	TP	0.8100099493878964	0.0	3.390355056350826	0.0199634237032485	368.0,177.0,510.0,377.0	51.0,946.0,52.0,946.0
000051	1038	108	TP	0.8240763396134083	0.0	2.847812849007711	0.02074066443521473	383.0,177.0,528.0,382.0	51.0,1038.0,52.0,1038.0
000051	1045	109	TP	0.8109932105541326	0.0	3.0704854405408604	0.02376567460841457	382.0,175.0,527.0,381.0	51.0,1045.0,52.0,1045.0
000051	1057	110	TP	0.8041779685032995	0.0	3.585044807667325	0.019285186721072805	382.0,167.0,527.0,373.0	51.0,1057.0,52.0,1057.0
000051	1063	111	TP	0.7987269357827733	0.0	2.7182288966553405	0.01764824489938313	383.0,168.0,528.0,374.0	51.0,1063.0,52.0,1063.0
000051	1076	112	TP	0.8058743822732345	0.0	2.773044554094868	0.017795462119246933	387.0,180.0,531.0,386.0	51.0,1076.0,52.0,1076.0
000051	1080	113	TP	0.8024853626478672	0.0	2.8942236203761107	0.015949632143062945	386.0,175.0,529.0,382.0	51.0,1080.0,52.0,1080.0
000051	1091	114	TP	0.7969630369630369	0.0	1.8541982683145068	0.013193234761893819	372.0,168.0,514.0,374.0	51.0,1091.0,52.0,1091.0
000051	1092	115	TP	0.8017978425888933	0.0	2.464422693252429	0.013431978270320489	371.0,166.0,513.0,372.0	51.0,1092.0,52.0,1092.0
000051	1110	116	TP	0.8035472838622445	0.0	2.9134151101545007	0.01600229886237182	361.0,163.0,504.0,370.0	51.0,1110.0,52.0,1110.0
000051	1111	117	TP	0.8236300007953551	0.0	3.1412788475540356	0.015672430373458942	361.0,162.0,504.0,369.0	51.0,1111.0,52.0,1111.0
000051	1149	118	TP	0.8023107569721115	0.0	2.4509665362514492	0.016114406934216	351.0,156.0,496.0,362.0	51.0,1149.0,52.0,1149.0
000051	1150	119	TP	0.7998326293137802	0.0	2.389812239139048	0.015122802219255993	351.0,156.0,496.0,363.0	51.0,1150.0,52.0,1150.0
000051	1160	120	TP	0.7985187544795731	0.0	2.0517693402851	0.014746952743710415	349.0,157.0,496.0,364.0	51.0,1160.0,52.0,1160.0
000051	1182	121	TP	0.8106042793322361	0.0	2.7412955489783193	0.014582543969464937	374.0,161.0,521.0,369.0	51.0,1182.0,52.0,1182.0
000051	1220	122	TP	0.8131667055983804	0.0	2.7809618862444316	0.013155280354575614	373.0,178.0,521.0,387.0	51.0,1220.0,52.0,1220.0
000051	1528	123	TP	0.8080876539026319	0.0	1.9108823924082854	0.023047145301439576	356.0,157.0,499.0,369.0	51.0,1528.0,52.0,1528.0
000051	1536	124	TP	0.8076594480145611	0.0	1.99857904734938	0.022968378273204942	358.0,156.0,500.0,369.0	51.0,1536.0,52.0,1536.0
000051	1545	125	TP	0.8251175433441081	0.0	1.5774463026977816	0.021348631085909016	361.0,169.0,504.0,384.0	51.0,1545.0,52.0,1545.0
000051	1566	126	TP	0.8207523352688715	0.0	2.6194515913660905	0.023821697897055124	368.0,166.0,514.0,383.0	51.0,1566.0,52.0,1566.0
000051	1571	127	TP	0.8145557588148786	0.0	1.4853131240778117	0.019725110618397126	370.0,169.0,517.0,387.0	51.0,1571.0,52.0,1571.0
000051	1584	128	TP	0.8070716742915913	0.0	2.171455881567559	0.02590916800471194	372.0,162.0,521.0,381.0	51.0,1584.0,52.0,1584.0
000051	1588	129	TP	0.814813507886658	0.0	1.818650029787018	0.022015694586883506	371.0,154.0,521.0,374.0	51.0,1588.0,52.0,1588.0
000051	1603	130	TP	0.8065544547667204	0.0	1.8342271873236577	0.021383844826729975	383.0,137.0,538.0,361.0	51.0,1603.0,52.0,1603.0
000051	1611	131	TP	0.8094056039173014	0.0	1.7238263065556405	0.0260518846231768	376.0,133.0,534.0,358.0	51.0,1611.0,52.0,1611.0
000051	1617	132	TP	0.8042639593908629	0.0	1.0000830931428248	0.02173052977781481	374.0,130.0,532.0,355.0	51.0,1617.0,52.0,1617.0
000051	1628	133	TP	0.8022400534938148	0.0	1.3259460556433889	0.0215428896799062	388.0,143.0,548.0,370.0	51.0,1628.0,52.0,1628.0
000051	1629	134	TP	0.8065529923102641	0.0	1.3712769500305555	0.021755099535005814	389.0,145.0,549.0,372.0	51.0,1629.0,52.0,1629.0
000051	1645	135	TP	0.8271556256572029	0.0	2.1655875766700405	0.022070997229449826	401.0,144.0,563.0,374.0	51.0,1645.0,52.0,1645.0
000051	1650	136	TP	0.8222026661451712	0.0	2.2355922669876875	0.02027378280152116	404.0,142.0,566.0,372.0	51.0,1650.0,52.0,1650.0
000051	1673	137	TP	0.8179026850894507	0.0	1.9713103713447209	0.018806326599682233	439.0,140.0,604.0,374.0	51.0,1673.0,52.0,1673.0
000051	1674	138	TP	0.8120799074624065	0.0	2.3515510357897855	0.023054881389422358	443.0,141.0,608.0,375.0	51.0,1674.0,52.0,1674.0
000051	1687	139	TP	0.8191182782512723	0.0	2.113458038105065	0.021570627367480374	444.0,136.0,611.0,373.0	51.0,1687.0,52.0,1687.0
000051	1693	140	TP	0.8135562198767616	0.0	2.5854869169212273	0.021771967206871717	445.0,140.0,614.0,378.0	51.0,1693.0,52.0,1693.0
000051	1698	141	TP	0.8087949465500486	0.0	2.392465781119834	0.018967985007878118	446.0,143.0,615.0,381.0	51.0,1698.0,52.0,1698.0
000051	1699	142	TP	0.7969441581276905	0.0	2.45757933380072	0.020670378672974252	446.0,144.0,615.0,382.0	51.0,1699.0,52.0,1699.0
000051	1700	143	TP	0.809965167348175	0.0	2.747056569737599	0.020891713440169428	446.0,146.0,615.0,384.0	51.0,1700.0,52.0,1700.0
000051	1708	144	TP	0.8051859128933345	0.0	2.5422111062396993	0.019867009972654767	451.0,140.0,622.0,380.0	51.0,1708.0,52.0,1708.0
000051	1709	145	TP	0.8070342205323194	0.0	2.787076330385349	0.019967099709028352	451.0,139.0,623.0,379.0	51.0,1709.0,52.0,1709.0
000051	1715	146	TP	0.8072738024837375	0.0	2.806099734960274	0.021836206654236065	450.0,141.0,621.0,382.0	51.0,1715.0,52.0,1715.0
000051	1717	147	TP	0.8050757217226692	0.0	2.7253766435496636	0.022434508035437766	448.0,143.0,619.0,384.0	51.0,1717.0,52.0,1717.0
000051	1729	148	TP	0.8078840851762773	0.0	3.13670706813818	0.02158825770214963	448.0,156.0,621.0,399.0	51.0,1729.0,52.0,1729.0
000051	1927	149	TP	0.8218841633041778	0.0	3.2254591661943897	0.015040491553281321	365.0,121.0,544.0,384.0	51.0,1927.0,52.0,1927.0
000055	22	150	TP	0.9933314809669352	0.0	17.04987400593976	0.005586105384985086	360.0,268.0,489.0,467.0	55.0,22.0,56.0,22.0
000055	42	151	TP	0.9951984055082442	0.0	17.443552393075674	0.004488285207784064	388.0,274.0,518.0,475.0	55.0,42.0,56.0,42.0
000055	49	152	TP	0.9930565010211028	0.0	18.114660753913512	0.008311092285532723	393.0,265.0,525.0,466.0	55.0,49.0,56.0,49.0
000055	62	153	TP	0.9942455822383326	0.0	17.162244611987855	0.006053623203088792	385.0,245.0,521.0,446.0	55.0,62.0,56.0,62.0
000055	89	154	TP	0.9962700661000944	0.0	17.628786970066283	0.007339834281030451	355.0,256.0,486.0,453.0	55.0,89.0,56.0,89.0
000055	100	155	TP	0.9946823663469756	0.0	17.254297977593822	0.009329346400291514	349.0,261.0,481.0,457.0	55.0,100.0,56.0,100.0
000055	128	156	TP	0.9937329186693055	0.0	16.23290191174507	0.004722770618276635	287.0,240.0,410.0,437.0	55.0,128.0,56.0,128.0
000055	205	157	TP	0.9939181717655732	0.0	15.993614449627653	0.005839662492283636	315.0,242.0,443.0,441.0	55.0,205.0,56.0,205.0
000055	360	158	TP	0.9956390821306199	0.0	16.610711971589236	0.004387695182195323	374.0,241.0,498.0,427.0	55.0,360.0,56.0,360.0
000055	454	159	TP	0.9896140811194928	0.0	14.087361200415543	0.008048490031728459	416.0,267.0,538.0,448.0	55.0,454.0,56.0,454.0
000055	512	160	TP	0.9917010073260073	0.0	14.476311110038626	0.019414966654969317	397.0,250.0,515.0,426.0	55.0,512.0,56.0,512.0
000055	513	161	TP	0.9933623254749371	0.0	13.584233308866684	0.015003355245488629	398.0,249.0,516.0,426.0	55.0,513.0,56.0,513.0
000055	526	162	TP	0.9889092156414361	0.0	13.419997951817747	0.015598734248940899	399.0,246.0,518.0,423.0	55.0,526.0,56.0,526.0
000055	530	163	TP	0.9950654119807206	0.0	12.589165714150312	0.015075933417017998	393.0,245.0,512.0,421.0	55.0,530.0,56.0,530.0
000055	546	164	TP	0.9947829111355864	0.0	13.591046252214792	0.019839487378444588	371.0,236.0,489.0,412.0	55.0,546.0,56.0,546.0
000055	562	165	TP	0.9926126854042824	0.0	13.666295327086223	0.01298238211399013	380.0,242.0,499.0,418.0	55.0,562.0,56.0,562.0
000055	563	166	TP	0.9908854917796366	0.0	14.731015870276043	0.016304429599254468	383.0,241.0,503.0,417.0	55.0,563.0,56.0,563.0
000055	588	167	TP	0.9937942743399099	0.0	13.304978856998824	0.015536394177381854	357.0,252.0,476.0,427.0	55.0,588.0,56.0,588.0
000055	598	168	TP	0.9884699099947055	0.0	12.463184624980757	0.010628441668392696	365.0,247.0,483.0,421.0	55.0,598.0,56.0,598.0
000055	603	169	TP	0.9924621635946057	0.0	12.970846657066831	0.012866067513999404	365.0,247.0,484.0,421.0	55.0,603.0,56.0,603.0
000055	610	170	TP	0.9951144858437813	0.0	12.85912272085413	0.01840902886754057	369.0,247.0,489.0,421.0	55.0,610.0,56.0,610.0
000055	612	171	TP	0.9935248410642806	0.0	13.458306985802919	0.015520704273176486	371.0,246.0,491.0,421.0	55.0,612.0,56.0,612.0
000055	618	172	TP	0.9898408597099067	0.0	14.134224040935145	0.02589792720019525	372.0,254.0,492.0,428.0	55.0,618.0,56.0,618.0
000055	621	173	TP	0.9943589140909626	0.0	13.536942928190294	0.022745973148206124	368.0,259.0,487.0,433.0	55.0,621.0,56.0,621.0
000055	622	174	TP	0.9938884644766998	0.0	13.738751718913479	0.02158947603049536	368.0,260.0,487.0,434.0	55.0,622.0,56.0,622.0
000055	638	175	TP	0.9949710093480062	0.0	13.422637090523908	0.028668162628735405	353.0,260.0,472.0,434.0	55.0,638.0,56.0,638.0
000055	641	176	TP	0.9951418922921974	0.0	13.153679281746705	0.020997430366299245	351.0,260.0,470.0,434.0	55.0,641.0,56.0,641.0
000055	649	177	TP	0.9898923836137702	0.0	13.975323383573977	0.028050646569174862	351.0,262.0,471.0,436.0	55.0,649.0,56.0,649.0
000055	654	178	TP	0.9970847215611613	0.0	14.408303941826077	0.03508679889875179	353.0,266.0,472.0,440.0	55.0,654.0,56.0,654.0
000055	663	179	TP	0.9915701988720689	0.0	13.233064910024579	0.024968788410513993	363.0,265.0,484.0,439.0	55.0,663.0,56.0,663.0
000055	793	180	TP	0.9965185099222468	0.0	15.03424875507515	0.023963176665530446	440.0,269.0,566.0,444.0	55.0,793.0,56.0,793.0
000055	920	181	TP	0.9958699264182292	0.0	14.515330771002876	0.0018548241786844593	439.0,258.0,583.0,452.0	55.0,920.0,56.0,920.0
000055	1025	182	TP	0.9971138483739628	0.0	13.827696730502112	0.029688264778506786	407.0,238.0,543.0,424.0	55.0,1025.0,56.0,1025.0
000055	1038	183	TP	0.9946427651573688	0.0	11.700352993048794	0.0031674999277385967	418.0,233.0,554.0,419.0	55.0,1038.0,56.0,1038.0
000055	1040	184	TP	0.9934633794842761	0.0	13.27372478048836	0.03303612643104095	422.0,233.0,558.0,419.0	55.0,1040.0,56.0,1040.0
000055	1041	185	TP	0.9955706633704161	0.0	12.72789304762686	0.003209940959536476	423.0,233.0,559.0,419.0	55.0,1041.0,56.0,1041.0
000055	1042	186	TP	0.9950581694636055	0.0	10.490149212750499	0.00871609740666031	424.0,234.0,560.0,419.0	55.0,1042.0,56.0,1042.0
000055	1044	187	TP	0.9960921431509667	0.0	14.836705804417425	0.06155694131835517	425.0,235.0,561.0,420.0	55.0,1044.0,56.0,1044.0
000055	1046	188	TP	0.9976370267632404	0.0	12.878628527407354	0.011568811586426614	426.0,236.0,562.0,422.0	55.0,1046.0,56.0,1046.0
000055	1048	189	TP	0.9980491811694645	0.0	14.05379741166649	0.05487344787280845	426.0,237.0,562.0,423.0	55.0,1048.0,56.0,1048.0
000055	1049	190	TP	0.9980502821959979	0.0	13.070986575309407	0.007151774890323402	427.0,238.0,563.0,424.0	55.0,1049.0,56.0,1049.0
000055	1053	191	TP	0.9944694797214256	0.0	12.118140229974058	0.005778810505599003	426.0,238.0,563.0,424.0	55.0,1053.0,56.0,1053.0
000055	1055	192	TP	0.9956041709261909	0.0	13.052563282893885	0.0032263450493576497	427.0,237.0,564.0,423.0	55.0,1055.0,56.0,1055.0
000055	1064	193	TP	0.9954123763890305	0.0	13.30456688875662	0.013943632039962267	431.0,233.0,569.0,420.0	55.0,1064.0,56.0,1064.0
000055	1068	194	TP	0.9958702967268278	0.0	14.19618062144762	0.014176066277279582	432.0,232.0,569.0,419.0	55.0,1068.0,56.0,1068.0
000055	1088	195	TP	0.9965133569194483	0.0	3.7543608043733325	0.06303415046037923	431.0,228.0,567.0,414.0	55.0,1088.0,56.0,1088.0
000055	1100	196	TP	0.9956687635351139	0.0	3.435835644381974	0.05440555551865458	427.0,223.0,562.0,408.0	55.0,1100.0,56.0,1100.0
000055	1103	197	TP	0.9965372887487726	0.0	3.6107486905911115	0.044514603499558394	427.0,223.0,563.0,408.0	55.0,1103.0,56.0,1103.0
000055	1115	198	TP	0.9978247358607831	0.0	2.6964559600973077	0.05981211224945216	426.0,216.0,561.0,401.0	55.0,1115.0,56.0,1115.0
000055	1120	199	TP	0.9973605216851258	0.0	3.5915318567553833	0.0541721286406444	426.0,216.0,561.0,401.0	55.0,1120.0,56.0,1120.0
000055	1132	200	TP	0.9973002440164062	0.0	3.8168510290471724	0.061106551450522	424.0,216.0,557.0,400.0	55.0,1132.0,56.0,1132.0
000055	1136	201	TP	0.9976067842463971	0.0	3.450498319934939	0.04853400858658109	424.0,214.0,558.0,398.0	55.0,1136.0,56.0,1136.0
000055	1147	202	TP	0.9968273781661205	0.0	3.7140434502075745	0.04296833841389244	420.0,208.0,553.0,392.0	55.0,1147.0,56.0,1147.0
000055	1151	203	TP	0.9959501557632399	0.0	3.0360383664809447	0.05722190317417062	419.0,207.0,553.0,391.0	55.0,1151.0,56.0,1151.0
000055	1161	204	TP	0.9952827743507335	0.0	3.541860472933305	0.04731505133578644	415.0,207.0,549.0,392.0	55.0,1161.0,56.0,1161.0
000055	1164	205	TP	0.9965744537291742	0.0	3.7272776770739724	0.03741711718388174	416.0,209.0,550.0,394.0	55.0,1164.0,56.0,1164.0
000055	1176	206	TP	0.9983762832600042	0.0	3.5065892208393725	0.04351183606420777	415.0,207.0,547.0,390.0	55.0,1176.0,56.0,1176.0
000055	1177	207	TP	0.9964855224506924	0.0	3.674634337133401	0.048733185499481114	415.0,207.0,547.0,390.0	55.0,1177.0,56.0,1177.0
000055	1189	208	TP	0.999366152545954	0.0	4.148352278382065	0.02114717460132511	411.0,204.0,542.0,387.0	55.0,1189.0,56.0,1189.0
000055	1347	209	TP	0.9950230701436051	0.0	4.069312199743158	0.005501448019211515	413.0,204.0,550.0,388.0	55.0,1347.0,56.0,1347.0
000055	1520	210	TP	0.9898887224481061	0.0	5.571835302840492	0.004899713315375308	438.0,178.0,564.0,356.0	55.0,1520.0,56.0,1520.0
000055	1543	211	TP	0.9942162480586944	0.0	6.77451862216366	0.002450881564874762	413.0,191.0,536.0,371.0	55.0,1543.0,56.0,1543.0
000055	1563	212	TP	0.9937231759656653	0.0	6.479951585347637	0.004317215054424966	416.0,189.0,539.0,367.0	55.0,1563.0,56.0,1563.0
000055	1567	213	TP	0.9922726053125839	0.0	7.745703810258752	0.0033724704401596243	415.0,189.0,538.0,368.0	55.0,1567.0,56.0,1567.0
000055	1585	214	TP	0.9891830804003875	0.0	5.984449636518667	0.005817707949559407	422.0,186.0,547.0,365.0	55.0,1585.0,56.0,1585.0
000055	1592	215	TP	0.9916756756756757	0.0	6.270536710016288	0.010860543758551548	428.0,184.0,555.0,362.0	55.0,1592.0,56.0,1592.0
000055	1603	216	TP	0.9915897992403689	0.0	4.283012570864474	0.009079216933461406	441.0,182.0,570.0,359.0	55.0,1603.0,56.0,1603.0
000055	1604	217	TP	0.9897981332754504	0.0	5.890657073166158	0.009345842830125543	444.0,181.0,572.0,359.0	55.0,1604.0,56.0,1604.0
000055	1609	218	TP	0.9861557747860685	0.0	5.429471602342146	0.017572563203378678	453.0,181.0,583.0,358.0	55.0,1609.0,56.0,1609.0
000055	1612	219	TP	0.987246566383257	0.0	5.204626003517729	0.018606322749691602	456.0,184.0,586.0,361.0	55.0,1612.0,56.0,1612.0
000055	1625	220	TP	0.9888025221503506	0.0	4.912983944689344	0.015755356444222723	446.0,191.0,576.0,369.0	55.0,1625.0,56.0,1625.0
000055	1632	221	TP	0.9880099826388888	0.0	4.656358678852194	0.01402599952607	451.0,190.0,580.0,367.0	55.0,1632.0,56.0,1632.0
000055	1643	222	TP	0.9887725768834409	0.0	3.8952290298457504	0.011730347010877731	448.0,196.0,579.0,374.0	55.0,1643.0,56.0,1643.0
000055	1666	223	TP	0.9911284215081684	0.0	5.6649700033695165	0.011111028293734997	456.0,210.0,588.0,388.0	55.0,1666.0,56.0,1666.0
000055	1717	224	TP	0.9858936681806038	0.0	5.711666701980007	0.01098401912225289	454.0,218.0,589.0,397.0	55.0,1717.0,56.0,1717.0
000056	1	225	TP	0.8586212202816035	0.0	4.820811415464633	0.04930919785970289	138.0,165.0,272.0,376.0	56.0,1.0,57.0,1.0
000056	24	226	TP	0.8449570400185773	0.0	3.970934155883902	0.04720674702980802	148.0,171.0,282.0,381.0	56.0,24.0,57.0,24.0
000056	32	227	TP	0.8436662913932994	0.0	4.237733510861941	0.05273945132213102	160.0,173.0,293.0,383.0	56.0,32.0,57.0,32.0
000056	39	228	TP	0.85368519675203	0.0	1.5711799047683814	0.03624841998142296	166.0,175.0,299.0,385.0	56.0,39.0,57.0,39.0
000056	46	229	TP	0.85786782061369	0.0	3.283631073448702	0.05658516318040297	167.0,177.0,299.0,386.0	56.0,46.0,57.0,46.0
000056	53	230	TP	0.8632858604138799	0.0	4.342684059649336	0.056196808028111125	168.0,172.0,301.0,381.0	56.0,53.0,57.0,53.0
000056	62	231	TP	0.8731357966395152	0.0	1.2096422910294713	0.03350462445217339	168.0,173.0,302.0,382.0	56.0,62.0,57.0,62.0
000056	75	232	TP	0.8901332912690275	0.0	1.4411026277223957	0.03598561038032691	157.0,173.0,290.0,381.0	56.0,75.0,57.0,75.0
000056	85	233	TP	0.8840700583819849	0.0	1.408756401324523	0.021621731547487543	160.0,174.0,294.0,382.0	56.0,85.0,57.0,85.0
000056	98	234	TP	0.8913674499980119	0.0	1.1087084127361693	0.03895407569782608	164.0,163.0,298.0,371.0	56.0,98.0,57.0,98.0
000056	104	235	TP	0.8974736423314104	0.0	2.378644201877016	0.013540616235626428	176.0,160.0,310.0,368.0	56.0,104.0,57.0,104.0
000056	107	236	TP	0.8976252879040585	0.0	1.8421054332815168	0.013080233325438402	180.0,158.0,315.0,366.0	56.0,107.0,57.0,107.0
000056	116	237	TP	0.9049322363975995	0.0	2.889871969575063	0.01284488923593101	188.0,154.0,322.0,361.0	56.0,116.0,57.0,116.0
000056	119	238	TP	0.9079386522568341	0.0	0.9328693202999039	0.021398219289158034	192.0,152.0,327.0,360.0	56.0,119.0,57.0,119.0
000056	128	239	TP	0.9179629998010742	0.0	2.4305648814817635	0.0279869689774693	196.0,153.0,331.0,361.0	56.0,128.0,57.0,128.0
000056	132	240	TP	0.9211448133110421	0.0	1.0804776631483684	0.029625352859464563	195.0,148.0,331.0,356.0	56.0,132.0,57.0,132.0
000056	140	241	TP	0.9261763652997096	0.0	1.5030549484199835	0.017744212486525926	201.0,151.0,338.0,359.0	56.0,140.0,57.0,140.0
000056	143	242	TP	0.9286594332498709	0.0	1.4369349948594703	0.022647098594607753	205.0,154.0,343.0,363.0	56.0,143.0,57.0,143.0
000056	254	243	TP	0.9679019203301064	0.0	3.593180521427666	0.022820785974454718	181.0,177.0,313.0,386.0	56.0,254.0,57.0,254.0
000056	357	244	TP	0.9902294698455293	0.0	4.346715884051288	0.023031642789378935	131.0,183.0,273.0,408.0	56.0,357.0,57.0,357.0
000056	498	245	TP	0.9926430331234601	0.0	4.97480287701989	0.005816048938025085	116.0,185.0,259.0,410.0	56.0,498.0,57.0,498.0
000056	515	246	TP	0.9953179478665117	0.0	5.845812826956273	0.005819740716184017	119.0,176.0,264.0,405.0	56.0,515.0,57.0,515.0
000056	517	247	TP	0.9941190074999174	0.0	6.248105234086261	0.007202613311205917	119.0,175.0,264.0,405.0	56.0,517.0,57.0,517.0
000056	522	248	TP	0.994969091148231	0.0	5.237716983219858	0.005219391873967858	110.0,174.0,256.0,404.0	56.0,522.0,57.0,522.0
000056	527	249	TP	0.9929935884724701	0.0	4.817181882021651	0.006132391397507917	127.0,176.0,272.0,405.0	56.0,527.0,57.0,527.0
000056	535	250	TP	0.9937423479798667	0.0	5.295471142379977	0.005144405368786053	152.0,191.0,294.0,417.0	56.0,535.0,57.0,535.0
000056	538	251	TP	0.9933142311365807	0.0	4.613844406124789	0.0070314067196962605	151.0,197.0,294.0,423.0	56.0,538.0,57.0,538.0
000056	551	252	TP	0.9938745311263292	0.0	4.719175202828219	0.0075567030263022274	153.0,196.0,294.0,422.0	56.0,551.0,57.0,551.0
000056	553	253	TP	0.991961913961431	0.0	5.661500103377439	0.007336859505184568	155.0,193.0,297.0,418.0	56.0,553.0,57.0,553.0
000056	559	254	TP	0.9949748743718593	0.0	5.300316866958859	0.008290143790838124	169.0,186.0,309.0,410.0	56.0,559.0,57.0,559.0
000056	563	255	TP	0.9957098146780603	0.0	4.828016799142774	0.008553229810234889	176.0,182.0,316.0,404.0	56.0,563.0,57.0,563.0
000056	567	256	TP	0.9932341955035591	0.0	5.032878375889666	0.007017199438686198	183.0,179.0,323.0,401.0	56.0,567.0,57.0,567.0
000056	570	257	TP	0.9911520022560631	0.0	4.537433471425382	0.006198851234822231	189.0,176.0,329.0,398.0	56.0,570.0,57.0,570.0
000056	575	258	TP	0.9951992657700589	0.0	4.534001362339818	0.0046634110338749655	196.0,181.0,336.0,403.0	56.0,575.0,57.0,575.0
000056	578	259	TP	0.9943492848313614	0.0	4.647623892135347	0.004447627483540737	197.0,183.0,336.0,405.0	56.0,578.0,57.0,578.0
000056	587	260	TP	0.9967149896450761	0.0	4.6083520482426055	0.00427716256428604	199.0,190.0,338.0,411.0	56.0,587.0,57.0,587.0
000056	589	261	TP	0.9954517781040719	0.0	4.758021135600432	0.004159055834403044	194.0,191.0,333.0,412.0	56.0,589.0,57.0,589.0
000056	596	262	TP	0.9943359233171157	0.0	4.2443987628463535	0.008802441461621284	197.0,191.0,336.0,410.0	56.0,596.0,57.0,596.0
000056	598	263	TP	0.9922339300689103	0.0	4.561202151884902	0.0045818681813572315	201.0,188.0,341.0,407.0	56.0,598.0,57.0,598.0
000056	601	264	TP	0.9950455079271873	0.0	4.215897620151718	0.005057708779904304	204.0,188.0,343.0,406.0	56.0,601.0,57.0,601.0
000056	603	265	TP	0.99639374425023	0.0	3.780981402903858	0.00646762701344886	203.0,188.0,343.0,406.0	56.0,603.0,57.0,603.0
000056	604	266	TP	0.9944692304856015	0.0	4.609858079693293	0.004814193706136868	202.0,188.0,341.0,405.0	56.0,604.0,57.0,604.0
000056	608	267	TP	0.9953379953379954	0.0	4.157557701546989	0.004835087130958832	195.0,187.0,334.0,404.0	56.0,608.0,57.0,608.0
000056	628	268	TP	0.9945680289705121	0.0	3.7742103216788374	0.005724365117220448	175.0,180.0,312.0,397.0	56.0,628.0,57.0,628.0
000056	631	269	TP	0.9950167952456536	0.0	4.466289483553476	0.0055190677805166165	181.0,179.0,318.0,396.0	56.0,631.0,57.0,631.0
000056	634	270	TP	0.9959052678176185	0.0	3.552653108611875	0.005806273862498651	184.0,178.0,321.0,395.0	56.0,634.0,57.0,634.0
000056	644	271	TP	0.9925364903121439	0.0	4.017663451302437	0.006915025291970813	188.0,182.0,325.0,399.0	56.0,644.0,57.0,644.0
000056	653	272	TP	0.9958356164383562	0.0	3.7125103129002297	0.004816060407514976	189.0,185.0,326.0,403.0	56.0,653.0,57.0,653.0
000056	753	273	TP	0.9963986731953878	0.0	2.576430820959444	0.008027639843997111	177.0,198.0,325.0,434.0	56.0,753.0,57.0,753.0
000056	956	274	TP	0.9905243763343374	0.0	1.3168264983486206	0.00798636251425851	138.0,188.0,300.0,435.0	56.0,956.0,57.0,956.0
000056	1025	275	TP	0.9957724254964423	0.0	1.389066839833532	0.0064825047454555	150.0,187.0,316.0,432.0	56.0,1025.0,57.0,1025.0
000056	1028	276	TP	0.9928312213695044	0.0	1.4489795451105587	0.00770804787031918	145.0,191.0,311.0,436.0	56.0,1028.0,57.0,1028.0
000056	1036	277	TP	0.9911185367569468	0.0	1.5568521798934052	0.010132871260787931	133.0,190.0,298.0,437.0	56.0,1036.0,57.0,1036.0
000056	1037	278	TP	0.9926270516984113	0.0	1.4422268698665357	0.00830386842445817	132.0,189.0,298.0,436.0	56.0,1037.0,57.0,1037.0
000056	1044	279	TP	0.9929661386426392	0.0	1.4423460632441645	0.008228199857282455	137.0,190.0,301.0,437.0	56.0,1044.0,57.0,1044.0
000056	1046	280	TP	0.9933069491328134	0.0	1.7438403594492646	0.006675333185712571	142.0,193.0,305.0,440.0	56.0,1046.0,57.0,1046.0
000056	1047	281	TP	0.9925751222921034	0.0	2.2831542744459763	0.005024965061184299	144.0,195.0,307.0,442.0	56.0,1047.0,57.0,1047.0
000056	1048	282	TP	0.9937051932155971	0.0	1.5820350161552732	0.0066627052275152355	146.0,197.0,308.0,444.0	56.0,1048.0,57.0,1048.0
000056	1049	283	TP	0.9942837144190387	0.0	1.387819220473159	0.008833864776266525	148.0,198.0,309.0,445.0	56.0,1049.0,57.0,1049.0
000056	1054	284	TP	0.9948131868131869	0.0	1.4605951948270746	0.009567685437101856	158.0,197.0,319.0,443.0	56.0,1054.0,57.0,1054.0
000056	1062	285	TP	0.9926463994260605	0.0	1.643393089079247	0.011074418430228002	177.0,196.0,334.0,440.0	56.0,1062.0,57.0,1062.0
000056	1064	286	TP	0.9944952472626639	0.0	2.023260669785673	0.010345295565160667	181.0,196.0,338.0,439.0	56.0,1064.0,57.0,1064.0
000056	1070	287	TP	0.9935278058955247	0.0	1.8296528665328353	0.009816697331938214	185.0,200.0,339.0,441.0	56.0,1070.0,57.0,1070.0
000056	1071	288	TP	0.9926742181728638	0.0	2.1480968563094485	0.00987373682077983	185.0,203.0,339.0,443.0	56.0,1071.0,57.0,1071.0
000056	1078	289	TP	0.9935205862925801	0.0	1.6222127953771583	0.011549867047458657	185.0,209.0,338.0,447.0	56.0,1078.0,57.0,1078.0
000056	1087	290	TP	0.9927543201564554	0.0	1.7455470965108892	0.015489866840706405	193.0,204.0,344.0,439.0	56.0,1087.0,57.0,1087.0
000056	1097	291	TP	0.9923861143373338	0.0	3.008884509474641	0.01368390966660909	186.0,191.0,335.0,425.0	56.0,1097.0,57.0,1097.0
000056	1108	292	TP	0.9924562658515965	0.0	2.1618969345990062	0.011401650655209131	200.0,185.0,347.0,419.0	56.0,1108.0,57.0,1108.0
000056	1116	293	TP	0.992194418024991	0.0	1.6734643052628908	0.011585168336099886	202.0,188.0,347.0,421.0	56.0,1116.0,57.0,1116.0
000056	1124	294	TP	0.9900986820319226	0.0	2.292158275880508	0.01593509906712553	212.0,185.0,356.0,416.0	56.0,1124.0,57.0,1124.0
000056	1135	295	TP	0.9937497911026438	0.0	1.6873999914868887	0.012548072954736459	179.0,178.0,323.0,408.0	56.0,1135.0,57.0,1135.0
000056	1146	296	TP	0.9913011598453539	0.0	2.2599265891137206	0.01180040158839375	185.0,184.0,329.0,415.0	56.0,1146.0,57.0,1146.0
000056	1158	297	TP	0.9923451401712271	0.0	1.4826234812586194	0.010305369328927352	199.0,179.0,343.0,408.0	56.0,1158.0,57.0,1158.0
000056	1171	298	TP	0.9905579984320142	0.0	1.5114170158194342	0.01004199612689999	202.0,188.0,345.0,415.0	56.0,1171.0,57.0,1171.0
000056	1202	299	TP	0.9918495519017713	0.0	1.9336489780214117	0.011331039712078796	204.0,181.0,344.0,404.0	56.0,1202.0,57.0,1202.0
