#  Index into NumPy file "pose_data_ycbv-15-epos.npz".
#  Created at  6:52PM EDT on Sep 11, 2023
#    DATASET:   ycbv
#    OBJECT:    15
#    ESTIMATOR: epos
#  The errors reported in this file have taken discrete and continuous object symmetries into account.
#  Bounding boxes are recorded in pixel coordinates as ((upper-left x, y), (lower-right x, y)) with the origin in the upper-left.
#
#  When a row is marked as a TP, it does not necessarily mean that the bounding boxes overlap.
#  For each ground-truth instance, the prediction best overlapping that instance belongs to that ground-truth.
#  All TPs are in the corresponding *.npz file.
#
#  When a row is marked as a FN, it means that there is a ground-truth but the predictor failed to make a prediction at all.
#  FNs are NOT recorded in the *.npz at all.
#
#  When a row is marked as a FP, it means the predictor hallucinated; there is no corresponding ground-truth instance.
#  FPs are NOT recorded in the *.npz at all.
#
#  Scene  <t>  Frame  <t>  Index  <t>  Error cat.  <t>  Visibility ratio  <t>  Score  <t>  R_err(degrees)  <t>  t_err(meters)  <t>  Gr.Tr.BBox  <t>  Pred.BBox
000050	620	0	TP	0.9986550494123151	0.0	1.6746946230824902	0.017338513817102007	63.0,213.0,328.0,364.0	50.0,620.0,65.0,620.0
000050	623	1	TP	0.9993588249009093	0.0	1.4350942205946513	0.020708075760955003	62.0,210.0,328.0,360.0	50.0,623.0,65.0,623.0
000050	629	2	TP	0.9994234982128445	0.0	1.7476857450398953	0.023356298835727856	64.0,204.0,331.0,355.0	50.0,629.0,65.0,629.0
000050	633	3	TP	0.9999426144841043	0.0	1.6225811223547115	0.02205933354732544	69.0,200.0,336.0,350.0	50.0,633.0,65.0,633.0
000050	640	4	TP	0.9991989930197963	0.0	1.638804926244001	0.020675152317054385	80.0,202.0,347.0,354.0	50.0,640.0,65.0,640.0
000050	642	5	TP	0.9988545246277205	0.0	1.7558318739749734	0.018392668874672374	82.0,200.0,349.0,352.0	50.0,642.0,65.0,642.0
000050	644	6	TP	0.9985711836314797	0.0	1.9116558718875316	0.021577974446441456	82.0,199.0,349.0,351.0	50.0,644.0,65.0,644.0
000050	651	7	TP	0.9964291787111036	0.0	2.021131742348593	0.016561008177218513	87.0,194.0,355.0,346.0	50.0,651.0,65.0,651.0
000050	653	8	TP	0.9971722655808166	0.0	1.844426744187037	0.020353768722391488	89.0,195.0,358.0,346.0	50.0,653.0,65.0,653.0
000050	660	9	TP	0.9972431641723867	0.0	1.8707136979149177	0.015178511911263506	97.0,197.0,366.0,349.0	50.0,660.0,65.0,660.0
000050	662	10	TP	0.998707647356296	0.0	2.132451615663641	0.018230908479149183	96.0,199.0,365.0,351.0	50.0,662.0,65.0,662.0
000050	671	11	TP	0.9999442399910784	0.0	1.6144442210476473	0.01860394830597366	102.0,199.0,372.0,351.0	50.0,671.0,65.0,671.0
000050	681	12	TP	0.999559107192064	0.0	1.936269196296497	0.021770062265122212	110.0,199.0,381.0,353.0	50.0,681.0,65.0,681.0
000050	682	13	TP	0.9997795900374697	0.0	2.0824899889659765	0.02168990503369162	111.0,200.0,382.0,355.0	50.0,682.0,65.0,682.0
000050	701	14	TP	0.9986384183867981	0.0	1.8447547090771166	0.019288927281131	112.0,215.0,384.0,372.0	50.0,701.0,65.0,701.0
000050	712	15	TP	0.9988071354985631	0.0	1.741841730396884	0.020901254097093248	126.0,224.0,398.0,381.0	50.0,712.0,65.0,712.0
000050	721	16	TP	0.999946111979307	0.0	1.8143607761127627	0.019461593812372054	138.0,222.0,410.0,378.0	50.0,721.0,65.0,721.0
000050	722	17	TP	0.9989777251694824	0.0	1.8827980858216824	0.016086145180708136	139.0,222.0,411.0,379.0	50.0,722.0,65.0,722.0
000050	735	18	TP	0.9969572412320504	0.0	2.561515018964497	0.01885507679685085	148.0,223.0,422.0,381.0	50.0,735.0,65.0,735.0
000050	737	19	TP	0.9940913446183328	0.0	1.8782845679604494	0.019151938862511684	149.0,222.0,423.0,380.0	50.0,737.0,65.0,737.0
000050	751	20	TP	0.9992068947284937	0.0	2.4265530344836956	0.01904176446871262	156.0,226.0,430.0,385.0	50.0,751.0,65.0,751.0
000050	757	21	TP	0.9987900468199274	0.0	1.8422121075574873	0.018011153777868452	157.0,227.0,432.0,386.0	50.0,757.0,65.0,757.0
000050	769	22	TP	0.9968295218295218	0.0	2.01818514464645	0.016202619409520225	159.0,228.0,436.0,389.0	50.0,769.0,65.0,769.0
000050	923	23	TP	0.999409386215983	0.0	2.0622368983018444	0.01290539438223807	163.0,217.0,452.0,391.0	50.0,923.0,65.0,923.0
000050	1026	24	TP	1.0	0.0	1.6476859636104577	0.010447443801959541	123.0,231.0,424.0,420.0	50.0,1026.0,65.0,1026.0
000050	1044	25	TP	0.9999213186986112	0.0	1.5968611736618628	0.011984776887965922	109.0,237.0,411.0,429.0	50.0,1044.0,65.0,1044.0
000050	1052	26	TP	0.9996502273522211	0.0	1.6360605300435387	0.011764780900240785	104.0,235.0,408.0,428.0	50.0,1052.0,65.0,1052.0
000050	1058	27	TP	0.9997305204804435	0.0	1.0707724732820738	0.017041859884150207	103.0,234.0,408.0,428.0	50.0,1058.0,65.0,1058.0
000050	1066	28	TP	0.9994303941672362	0.0	1.7379211713604485	0.012392672830708317	101.0,232.0,407.0,428.0	50.0,1066.0,65.0,1066.0
000050	1077	29	TP	1.0	0.0	1.751517159371642	0.013954424023782984	102.0,235.0,408.0,432.0	50.0,1077.0,65.0,1077.0
000050	1094	30	TP	0.999590469099032	0.0	1.9545460541250126	0.014224971939239123	102.0,251.0,409.0,450.0	50.0,1094.0,65.0,1094.0
000050	1098	31	TP	0.9990749648486642	0.0	1.6218807866609233	0.016513370815181158	100.0,252.0,408.0,451.0	50.0,1098.0,65.0,1098.0
000050	1105	32	TP	0.9993766043270994	0.0	1.5931436415429352	0.014849142352423305	100.0,254.0,409.0,454.0	50.0,1105.0,65.0,1105.0
000050	1113	33	TP	0.9995617398926263	0.0	1.617036214315376	0.013577820274809752	102.0,261.0,411.0,460.0	50.0,1113.0,65.0,1113.0
000050	1125	34	TP	0.9989914634585599	0.0	1.9373131633104252	0.014392956544763899	97.0,259.0,408.0,459.0	50.0,1125.0,65.0,1125.0
000050	1130	35	TP	0.9994996604838998	0.0	1.8981738840041826	0.013304212992039925	93.0,258.0,405.0,459.0	50.0,1130.0,65.0,1130.0
000050	1145	36	TP	0.9987683428933385	0.0	1.82873718388376	0.014825271560815952	91.0,254.0,405.0,456.0	50.0,1145.0,65.0,1145.0
000050	1150	37	TP	0.9997190616659644	0.0	1.693341066429832	0.017483858811027358	92.0,251.0,405.0,453.0	50.0,1150.0,65.0,1150.0
000050	1169	38	TP	0.9998596047874767	0.0	1.8571121084939775	0.014765878189241778	93.0,247.0,405.0,448.0	50.0,1169.0,65.0,1169.0
000050	1189	39	TP	0.999929582423773	0.0	1.5161824472788636	0.014327760967677489	96.0,249.0,406.0,449.0	50.0,1189.0,65.0,1189.0
000050	1192	40	TP	0.9997888439204645	0.0	1.6343668542197116	0.016415964780620126	97.0,254.0,407.0,454.0	50.0,1192.0,65.0,1192.0
000050	1209	41	TP	0.9997919051087296	0.0	1.4287751565956197	0.013538205707743025	90.0,265.0,400.0,467.0	50.0,1209.0,65.0,1209.0
000050	1216	42	TP	1.0	0.0	1.5352340934388244	0.01413928403741599	90.0,265.0,401.0,467.0	50.0,1216.0,65.0,1216.0
000050	1242	43	TP	0.9996952767902488	0.0	1.308355484935859	0.016331303760392504	78.0,272.0,390.0,477.0	50.0,1242.0,65.0,1242.0
000050	1246	44	TP	0.9996967348451663	0.0	1.5420284230210881	0.015397182498548148	75.0,273.0,388.0,478.0	50.0,1246.0,65.0,1246.0
000050	1263	45	TP	0.999501329787234	0.0	1.6232990617442016	0.010741642354762299	72.0,262.0,386.0,469.0	50.0,1263.0,65.0,1263.0
000050	1266	46	TP	0.9996681379218797	0.0	1.5079251713044108	0.013351312178772093	72.0,260.0,386.0,466.0	50.0,1266.0,65.0,1266.0
000050	1280	47	TP	0.9998353096179183	0.0	1.4717655645869427	0.01318195528037605	73.0,256.0,386.0,464.0	50.0,1280.0,65.0,1280.0
000050	1284	48	TP	0.9984859456256995	0.0	1.221763917136453	0.01405271668682322	75.0,255.0,388.0,463.0	50.0,1284.0,65.0,1284.0
000050	1324	49	TP	0.9989092425652049	0.0	1.0833782143528343	0.012548908184442013	58.0,246.0,371.0,456.0	50.0,1324.0,65.0,1324.0
000050	1480	50	TP	0.9964601769911504	0.0	2.114620986216468	0.009970008994096499	110.0,294.0,385.0,476.0	50.0,1480.0,65.0,1480.0
000050	1542	51	TP	0.9985101544734573	0.0	1.6093469897929422	0.009698063119832023	111.0,233.0,384.0,409.0	50.0,1542.0,65.0,1542.0
000050	1564	52	TP	0.9979922004710606	0.0	1.688725701626799	0.012106717003619446	109.0,229.0,383.0,406.0	50.0,1564.0,65.0,1564.0
000050	1592	53	TP	0.9982053533926458	0.0	2.2656748279721244	0.006124138896255401	115.0,235.0,387.0,414.0	50.0,1592.0,65.0,1592.0
000050	1593	54	TP	0.9990833396990298	0.0	1.9596081779672017	0.00908424503923379	115.0,236.0,388.0,415.0	50.0,1593.0,65.0,1593.0
000050	1613	55	TP	0.9979341171167787	0.0	1.9334738339603557	0.006429722737233751	111.0,243.0,383.0,423.0	50.0,1613.0,65.0,1613.0
000050	1629	56	TP	0.9990493949032943	0.0	1.9256233201617332	0.007347096733341692	104.0,243.0,379.0,426.0	50.0,1629.0,65.0,1629.0
000050	1656	57	TP	0.9991388898855441	0.0	1.8215912017636233	0.008100498866935018	103.0,231.0,379.0,416.0	50.0,1656.0,65.0,1656.0
000050	1658	58	TP	0.9974936445988041	0.0	1.6991576346772954	0.00861509197837734	104.0,229.0,380.0,414.0	50.0,1658.0,65.0,1658.0
000050	1669	59	TP	0.9987769080234834	0.0	1.9950368369178586	0.006876578923125705	97.0,234.0,376.0,422.0	50.0,1669.0,65.0,1669.0
000050	1678	60	TP	0.999625748502994	0.0	1.413562695599335	0.009742129499896158	84.0,241.0,366.0,433.0	50.0,1678.0,65.0,1678.0
000050	1695	61	TP	0.9988090512107979	0.0	1.6584055613780582	0.009135358525816121	72.0,235.0,359.0,429.0	50.0,1695.0,65.0,1695.0
000050	1708	62	TP	0.999709649320902	0.0	1.747648159061759	0.010307509070470601	60.0,234.0,351.0,431.0	50.0,1708.0,65.0,1708.0
000050	1711	63	TP	0.998176291793313	0.0	1.6848828577787853	0.010687625164949659	57.0,234.0,350.0,432.0	50.0,1711.0,65.0,1711.0
000050	1713	64	TP	0.9980860022967972	0.0	1.6899424353234525	0.010248803793644859	59.0,234.0,352.0,432.0	50.0,1713.0,65.0,1713.0
000050	1714	65	TP	0.9996816401897425	0.0	2.016364390030643	0.01025812822120492	59.0,233.0,352.0,431.0	50.0,1714.0,65.0,1714.0
000050	1718	66	TP	0.9996832235174861	0.0	1.57395046311514	0.009740998514615698	64.0,225.0,357.0,422.0	50.0,1718.0,65.0,1718.0
000050	1719	67	TP	0.9963651305392249	0.0	1.6374039428381373	0.012412915998141545	63.0,224.0,357.0,421.0	50.0,1719.0,65.0,1719.0
000050	1733	68	TP	0.9986457788310609	0.0	1.7673225096851084	0.010202429443828558	59.0,240.0,356.0,442.0	50.0,1733.0,65.0,1733.0
000050	1743	69	TP	0.9977257858500265	0.0	1.7740252681295345	0.012552285830393245	72.0,239.0,367.0,438.0	50.0,1743.0,65.0,1743.0
000050	1745	70	TP	0.9947583538735141	0.0	1.7582531629797424	0.0120114146851718	76.0,238.0,371.0,436.0	50.0,1745.0,65.0,1745.0
000050	1756	71	TP	0.9990423231387087	0.0	1.679521714029467	0.0111409108585477	74.0,234.0,370.0,432.0	50.0,1756.0,65.0,1756.0
000050	1778	72	TP	0.9968751953002938	0.0	1.6159849603895216	0.007153443651104105	91.0,230.0,383.0,422.0	50.0,1778.0,65.0,1778.0
000050	1782	73	TP	0.9951707271770424	0.0	1.7918051625610523	0.008251230586843907	87.0,226.0,380.0,419.0	50.0,1782.0,65.0,1782.0
000050	1874	74	TP	0.9990674014412887	0.0	1.3667030192967748	0.010203958965610101	78.0,252.0,370.0,452.0	50.0,1874.0,65.0,1874.0
000054	1	75	TP	0.9519093372751909	0.0	0.5691589664072741	0.02977316727682202	254.0,122.0,433.0,354.0	54.0,1.0,69.0,1.0
000054	22	76	TP	0.9468908723309828	0.0	0.4295551199959589	0.02762382689147663	280.0,118.0,457.0,352.0	54.0,22.0,69.0,22.0
000054	32	77	TP	0.9466438906752411	0.0	0.5777723304840381	0.026630590145656143	288.0,141.0,461.0,376.0	54.0,32.0,69.0,32.0
000054	38	78	TP	0.9419085020655888	0.0	0.8711077392372312	0.03714738006224362	277.0,120.0,450.0,353.0	54.0,38.0,69.0,38.0
000054	43	79	TP	0.9445238338266816	0.0	0.982121963206269	0.03427419525812595	273.0,90.0,445.0,323.0	54.0,43.0,69.0,43.0
000054	50	80	TP	0.9443419434194342	0.0	0.3159946657976818	0.019420331229012454	265.0,89.0,436.0,322.0	54.0,50.0,69.0,50.0
000054	56	81	TP	0.9467016839178124	0.0	0.1972881796890713	0.028249172569903842	255.0,99.0,424.0,332.0	54.0,56.0,69.0,56.0
000054	63	82	TP	0.9413331967003126	0.0	0.7676841482640496	0.030248254176066382	267.0,89.0,436.0,323.0	54.0,63.0,69.0,63.0
000054	69	83	TP	0.9355464759959142	0.0	0.5624954786366174	0.020013628175626345	278.0,84.0,445.0,321.0	54.0,69.0,69.0,69.0
000054	81	84	TP	0.9329865361077111	0.0	0.29613844684010093	0.02611081650788549	319.0,113.0,488.0,352.0	54.0,81.0,69.0,81.0
000054	86	85	TP	0.9361267245784364	0.0	0.4660279392803546	0.033251604248321805	313.0,124.0,481.0,364.0	54.0,86.0,69.0,86.0
000054	90	86	TP	0.9349046015712682	0.0	0.46559873758053494	0.034809163272974834	310.0,115.0,477.0,355.0	54.0,90.0,69.0,90.0
000054	135	87	TP	0.9290363349131122	0.0	0.6677773630998157	0.017008050365968416	312.0,120.0,460.0,338.0	54.0,135.0,69.0,135.0
000054	202	88	TP	0.9101066160362202	0.0	2.4687528415501188	0.007151580801103258	314.0,142.0,450.0,345.0	54.0,202.0,69.0,202.0
000054	390	89	TP	0.9005349041912113	0.0	2.6772140025413123	0.004359244424456926	310.0,139.0,448.0,353.0	54.0,390.0,69.0,390.0
000054	479	90	TP	0.9117940296756788	0.0	2.0845449140536307	0.016015049961381783	335.0,100.0,481.0,335.0	54.0,479.0,69.0,479.0
000054	514	91	TP	0.909612233752048	0.0	1.882534608978072	0.02600350773115829	353.0,88.0,506.0,333.0	54.0,514.0,69.0,514.0
000054	520	92	TP	0.9164330386025448	0.0	1.961945420539839	0.0201690760048491	357.0,90.0,511.0,338.0	54.0,520.0,69.0,520.0
000054	524	93	TP	0.913371906139505	0.0	1.8312213836653735	0.02825270425080129	353.0,90.0,506.0,338.0	54.0,524.0,69.0,524.0
000054	530	94	TP	0.910111761575306	0.0	1.7074913742778868	0.018096704767750087	347.0,94.0,501.0,344.0	54.0,530.0,69.0,530.0
000054	537	95	TP	0.9164305949008499	0.0	1.6069160700328593	0.02242201771227839	348.0,109.0,502.0,361.0	54.0,537.0,69.0,537.0
000054	543	96	TP	0.9092088197146563	0.0	1.5901757904365685	0.02611733511987403	352.0,117.0,507.0,369.0	54.0,543.0,69.0,543.0
000054	560	97	TP	0.9169025475131419	0.0	1.7461195928217135	0.023431211979276226	357.0,122.0,516.0,378.0	54.0,560.0,69.0,560.0
000054	561	98	TP	0.9177923387096775	0.0	1.758709476937623	0.02628622394007449	357.0,123.0,516.0,378.0	54.0,561.0,69.0,561.0
000054	568	99	TP	0.9127232920336369	0.0	1.4173899358070898	0.027023326833987935	346.0,121.0,507.0,378.0	54.0,568.0,69.0,568.0
000054	577	100	TP	0.906545721990684	0.0	1.2995580545111554	0.03066812093130587	339.0,123.0,502.0,380.0	54.0,577.0,69.0,577.0
000054	583	101	TP	0.9155066207498667	0.0	1.4495884517876405	0.023169239202067943	337.0,121.0,501.0,379.0	54.0,583.0,69.0,583.0
000054	588	102	TP	0.91593728960277	0.0	1.4647655273645883	0.025178088865614096	338.0,124.0,504.0,382.0	54.0,588.0,69.0,588.0
000054	589	103	TP	0.9124988000383988	0.0	1.1132112790140862	0.02773609413887581	338.0,125.0,504.0,383.0	54.0,589.0,69.0,589.0
000054	595	104	TP	0.9166745978871229	0.0	1.012165685457746	0.025582756289888837	339.0,129.0,507.0,387.0	54.0,595.0,69.0,595.0
000054	598	105	TP	0.9084356773673479	0.0	1.440229620875207	0.023855999235301014	338.0,131.0,507.0,389.0	54.0,598.0,69.0,598.0
000054	604	106	TP	0.9129922743546259	0.0	1.4912060300405579	0.020686066391947817	335.0,136.0,505.0,394.0	54.0,604.0,69.0,604.0
000054	681	107	TP	0.9099015848080211	0.0	1.8628627569536318	0.02730433773631662	285.0,134.0,461.0,384.0	54.0,681.0,69.0,681.0
000054	741	108	TP	0.9065090365538796	0.0	1.7551504786733296	0.018096337913380087	293.0,145.0,480.0,390.0	54.0,741.0,69.0,741.0
000054	866	109	TP	0.9171650450772114	0.0	1.950917988642712	0.011735885493457946	316.0,149.0,514.0,386.0	54.0,866.0,69.0,866.0
000054	1012	110	TP	0.9178984029901461	0.0	1.6750468548826865	0.01763786696410897	342.0,149.0,551.0,387.0	54.0,1012.0,69.0,1012.0
000054	1024	111	TP	0.9126564904546022	0.0	1.7334254070875639	0.011835550091623495	381.0,146.0,594.0,385.0	54.0,1024.0,69.0,1024.0
000054	1025	112	TP	0.9152289316522894	0.0	0.8295012688091178	0.012672530101376804	384.0,147.0,597.0,387.0	54.0,1025.0,69.0,1025.0
000054	1028	113	TP	0.910849037153107	0.0	1.4820543953392618	0.013274867007626489	389.0,152.0,603.0,392.0	54.0,1028.0,69.0,1028.0
000054	1029	114	TP	0.9128572605221975	0.0	1.3019862295768867	0.011580303859292346	389.0,154.0,603.0,393.0	54.0,1029.0,69.0,1029.0
000054	1032	115	TP	0.9212733745243259	0.0	0.8283248559175608	0.016091841925611753	390.0,155.0,606.0,395.0	54.0,1032.0,69.0,1032.0
000054	1033	116	TP	0.9200930954228084	0.0	1.6030063289663607	0.014586303623411782	391.0,154.0,607.0,395.0	54.0,1033.0,69.0,1033.0
000054	1039	117	TP	0.9161169476341722	0.0	1.863701704846424	0.014398627915563629	381.0,144.0,598.0,385.0	54.0,1039.0,69.0,1039.0
000054	1042	118	TP	0.9169013509652667	0.0	2.1817522547759474	0.021163838090314507	373.0,140.0,589.0,380.0	54.0,1042.0,69.0,1042.0
000054	1063	119	TP	0.9197510510262963	0.0	1.8286428521618456	0.019089495646127472	335.0,124.0,551.0,360.0	54.0,1063.0,69.0,1063.0
000054	1068	120	TP	0.9177100494233937	0.0	1.589184663146884	0.018564600508130205	331.0,117.0,547.0,353.0	54.0,1068.0,69.0,1068.0
000054	1080	121	TP	0.9229500082494638	0.0	2.2383536778804394	0.012874300609860603	322.0,109.0,539.0,344.0	54.0,1080.0,69.0,1080.0
000054	1083	122	TP	0.9240260812149225	0.0	2.1367752685123973	0.018854072097519808	321.0,109.0,538.0,343.0	54.0,1083.0,69.0,1083.0
000054	1089	123	TP	0.9233114929739976	0.0	1.836888397856695	0.016574715104980407	329.0,107.0,546.0,342.0	54.0,1089.0,69.0,1089.0
000054	1096	124	TP	0.9220228787754094	0.0	1.609216300967627	0.011645310732111449	338.0,113.0,555.0,348.0	54.0,1096.0,69.0,1096.0
000054	1106	125	TP	0.9228703627199868	0.0	0.08266180808185464	0.008293588386101348	342.0,131.0,558.0,365.0	54.0,1106.0,69.0,1106.0
000054	1110	126	TP	0.9315576812072236	0.0	0.7175551150402603	0.014720078451743631	353.0,148.0,570.0,382.0	54.0,1110.0,69.0,1110.0
000054	1111	127	TP	0.9278197350501424	0.0	0.37464366538037874	0.01139223171281299	356.0,151.0,573.0,385.0	54.0,1111.0,69.0,1111.0
000054	1134	128	TP	0.9211691362486447	0.0	3.3796274046392742	0.015292006786523522	263.0,122.0,471.0,344.0	54.0,1134.0,69.0,1134.0
000054	1178	129	TP	0.9209560697176639	0.0	1.4810812631550925	0.0051713642951333365	250.0,142.0,446.0,347.0	54.0,1178.0,69.0,1178.0
000054	1355	130	TP	0.9204829505258689	0.0	3.3597701488037846	0.01092107272827684	283.0,155.0,488.0,366.0	54.0,1355.0,69.0,1355.0
000054	1531	131	TP	0.9258961294359525	0.0	4.817112418482828	0.0046982662476335105	291.0,157.0,502.0,368.0	54.0,1531.0,69.0,1531.0
000054	1539	132	TP	0.9239974993301777	0.0	4.148321814708869	0.0048560633852776985	291.0,160.0,502.0,370.0	54.0,1539.0,69.0,1539.0
000054	1543	133	TP	0.922880787295907	0.0	3.7679642632674795	0.011052557971023988	300.0,161.0,511.0,371.0	54.0,1543.0,69.0,1543.0
000054	1547	134	TP	0.9265501363494121	0.0	4.233750671035417	0.009629632006133584	305.0,169.0,516.0,379.0	54.0,1547.0,69.0,1547.0
000054	1550	135	TP	0.9222932213235623	0.0	4.362823584528861	0.01092950614706744	308.0,171.0,520.0,381.0	54.0,1550.0,69.0,1550.0
000054	1557	136	TP	0.9285650623885918	0.0	4.861731188855621	0.012104863602394903	309.0,167.0,521.0,377.0	54.0,1557.0,69.0,1557.0
000054	1559	137	TP	0.9241763134461265	0.0	5.890921825582048	0.01705865677459792	309.0,164.0,521.0,375.0	54.0,1559.0,69.0,1559.0
000054	1568	138	TP	0.924449154413388	0.0	4.567300551079464	0.012851623667330305	300.0,163.0,513.0,376.0	54.0,1568.0,69.0,1568.0
000054	1573	139	TP	0.9218989952174104	0.0	4.558728830877205	0.009597867032542364	290.0,161.0,503.0,375.0	54.0,1573.0,69.0,1573.0
000054	1580	140	TP	0.9239834746684061	0.0	5.781011504998371	0.011402526188963922	280.0,160.0,494.0,375.0	54.0,1580.0,69.0,1580.0
000054	1585	141	TP	0.9228607255588706	0.0	5.430274144382835	0.010146907851829057	277.0,161.0,492.0,378.0	54.0,1585.0,69.0,1585.0
000054	1595	142	TP	0.9248301367506665	0.0	5.06179424247577	0.011082721425617685	292.0,151.0,507.0,369.0	54.0,1595.0,69.0,1595.0
000054	1597	143	TP	0.9299806576402321	0.0	5.129036941888828	0.011124825954938031	295.0,149.0,510.0,367.0	54.0,1597.0,69.0,1597.0
000054	1605	144	TP	0.920864548350986	0.0	5.348442744508477	0.011217186076992163	308.0,146.0,524.0,363.0	54.0,1605.0,69.0,1605.0
000054	1613	145	TP	0.9317858221512707	0.0	5.091391011223965	0.01616381963228021	313.0,150.0,529.0,367.0	54.0,1613.0,69.0,1613.0
000054	1619	146	TP	0.9227090603593124	0.0	4.920230414919322	0.012174751843581837	315.0,156.0,531.0,372.0	54.0,1619.0,69.0,1619.0
000054	1625	147	TP	0.921547485551626	0.0	5.073949427171977	0.010337556097766116	322.0,157.0,538.0,373.0	54.0,1625.0,69.0,1625.0
000054	1663	148	TP	0.9287726186411744	0.0	5.15981722973575	0.008640026497509255	321.0,140.0,538.0,358.0	54.0,1663.0,69.0,1663.0
000054	1844	149	TP	0.9287113359993471	0.0	4.718863034519659	0.01589509211698113	317.0,124.0,538.0,344.0	54.0,1844.0,69.0,1844.0
000056	1	150	TP	0.6437871266986737	0.0	3.602039065552915	0.0124863769738833	81.0,93.0,300.0,317.0	56.0,1.0,71.0,1.0
000056	24	151	TP	0.6537925379253793	0.0	4.886219094114893	0.013279890884430736	91.0,99.0,309.0,322.0	56.0,24.0,71.0,24.0
000056	32	152	TP	0.6592967720685112	0.0	4.602472946244354	0.003183088173273515	102.0,101.0,319.0,324.0	56.0,32.0,71.0,32.0
000056	39	153	TP	0.6753865925956636	0.0	6.365644557375888	0.007857314034370065	107.0,104.0,324.0,326.0	56.0,39.0,71.0,39.0
000056	46	154	TP	0.6868754442446795	0.0	3.6545592014821437	0.0062206645155826815	108.0,106.0,323.0,327.0	56.0,46.0,71.0,46.0
000056	53	155	TP	0.6928956271143967	0.0	7.11629050220011	0.004897547664337523	108.0,101.0,323.0,323.0	56.0,53.0,71.0,53.0
000056	62	156	TP	0.704864593781344	0.0	5.753134574516388	0.015082113052149704	108.0,102.0,323.0,323.0	56.0,62.0,71.0,62.0
000056	75	157	TP	0.7178006527742907	0.0	5.816982234068316	0.01663571746340016	95.0,102.0,309.0,323.0	56.0,75.0,71.0,75.0
000056	85	158	TP	0.7183668309948174	0.0	6.821828109206751	0.014110650805804505	98.0,104.0,312.0,325.0	56.0,85.0,71.0,85.0
000056	98	159	TP	0.7289270820169341	0.0	4.390628449597853	0.01400246568257019	101.0,93.0,314.0,314.0	56.0,98.0,71.0,98.0
000056	104	160	TP	0.7395411605937922	0.0	5.845090497416976	0.013532256643662274	113.0,90.0,326.0,311.0	56.0,104.0,71.0,104.0
000056	107	161	TP	0.7520647227372325	0.0	4.609529987595181	0.011651880690764395	117.0,87.0,330.0,309.0	56.0,107.0,71.0,107.0
000056	116	162	TP	0.7585654684141767	0.0	5.0782828444682355	0.01125220222644803	123.0,83.0,336.0,305.0	56.0,116.0,71.0,116.0
000056	119	163	TP	0.7604153476003546	0.0	4.976304724795219	0.014043835496118776	129.0,81.0,341.0,303.0	56.0,119.0,71.0,119.0
000056	128	164	TP	0.7652151877349327	0.0	5.958736237927676	0.011063263446892343	132.0,82.0,344.0,304.0	56.0,128.0,71.0,128.0
000056	132	165	TP	0.7641270377565673	0.0	4.728471917560023	0.011434727702739747	131.0,77.0,344.0,299.0	56.0,132.0,71.0,132.0
000056	140	166	TP	0.7664286016143346	0.0	4.5603681594248995	0.005822551839746821	137.0,80.0,349.0,302.0	56.0,140.0,71.0,140.0
000056	143	167	TP	0.7740748572636921	0.0	5.112400826136599	0.006352056520066142	143.0,83.0,354.0,304.0	56.0,143.0,71.0,143.0
000056	254	168	TP	0.8302727002841511	0.0	2.362346186599905	0.007064209186060195	101.0,106.0,309.0,334.0	56.0,254.0,71.0,254.0
000056	357	169	TP	0.8673889651589922	0.0	1.8647845199815083	0.007876631353010593	34.0,104.0,252.0,354.0	56.0,357.0,71.0,357.0
000056	498	170	TP	0.899439671273814	0.0	2.5871734826676374	0.00452094041799454	7.0,106.0,216.0,365.0	56.0,498.0,71.0,498.0
000056	515	171	TP	0.912507724183054	0.0	1.912093424364082	0.005030102234549332	7.0,96.0,218.0,359.0	56.0,515.0,71.0,515.0
000056	517	172	TP	0.9096767186764653	0.0	2.287532586958397	0.004342521493048429	6.0,95.0,217.0,359.0	56.0,517.0,71.0,517.0
000056	522	173	TP	0.9005646060344518	0.0	1.7695341070669763	0.004374944058139506	-3.0,93.0,208.0,358.0	56.0,522.0,71.0,522.0
000056	527	174	TP	0.9061114744567982	0.0	2.374910190174036	0.002008581384836592	14.0,95.0,224.0,359.0	56.0,527.0,71.0,527.0
000056	535	175	TP	0.9146410401356698	0.0	2.0353163811844035	0.008073984746064923	41.0,111.0,246.0,371.0	56.0,535.0,71.0,535.0
000056	538	176	TP	0.9140098447557743	0.0	2.2787433331355476	0.006222564882507768	41.0,117.0,245.0,377.0	56.0,538.0,71.0,538.0
000056	551	177	TP	0.9197186329230064	0.0	2.2834936491080278	0.008524783331145818	42.0,117.0,245.0,376.0	56.0,551.0,71.0,551.0
000056	553	178	TP	0.9170345913156985	0.0	1.864858014797222	0.004211093533713544	45.0,114.0,247.0,373.0	56.0,553.0,71.0,553.0
000056	559	179	TP	0.925142012294763	0.0	2.3242552024541894	0.007965231834929667	59.0,107.0,259.0,365.0	56.0,559.0,71.0,559.0
000056	563	180	TP	0.9218074656188605	0.0	2.18262575674809	0.006476844158638587	66.0,103.0,265.0,360.0	56.0,563.0,71.0,563.0
000056	567	181	TP	0.9247668721352932	0.0	1.8765251640090077	0.006974094280384989	74.0,101.0,272.0,356.0	56.0,567.0,71.0,567.0
000056	570	182	TP	0.9232933158999961	0.0	1.8938389506729632	0.006615716139155949	80.0,98.0,278.0,353.0	56.0,570.0,71.0,570.0
000056	575	183	TP	0.9204170148422267	0.0	1.9336564161630068	0.008377506882293625	87.0,103.0,284.0,357.0	56.0,575.0,71.0,575.0
000056	578	184	TP	0.9223374551256481	0.0	2.230685642561498	0.00877645008558093	87.0,105.0,284.0,359.0	56.0,578.0,71.0,578.0
000056	587	185	TP	0.9295825918136223	0.0	2.635496560804866	0.01366427029810115	90.0,112.0,285.0,366.0	56.0,587.0,71.0,587.0
000056	589	186	TP	0.9305955324928041	0.0	1.9665342124126335	0.01028557824743623	86.0,114.0,280.0,367.0	56.0,589.0,71.0,589.0
000056	596	187	TP	0.9290245509968693	0.0	2.6064756661069195	0.0072442638472159536	89.0,114.0,281.0,365.0	56.0,596.0,71.0,596.0
000056	598	188	TP	0.9245564582987896	0.0	2.2499791918820744	0.008628397523187165	95.0,112.0,286.0,362.0	56.0,598.0,71.0,598.0
000056	601	189	TP	0.9358545758462181	0.0	2.381087448806139	0.007807061347287517	99.0,112.0,289.0,362.0	56.0,601.0,71.0,601.0
000056	603	190	TP	0.9338139749339817	0.0	2.2152164618597388	0.009617036990345327	98.0,112.0,288.0,361.0	56.0,603.0,71.0,603.0
000056	604	191	TP	0.9315873415596407	0.0	2.770765780661344	0.010832260439790391	97.0,112.0,287.0,361.0	56.0,604.0,71.0,604.0
000056	608	192	TP	0.9302521362124847	0.0	2.35622633423222	0.00801088948059931	90.0,111.0,279.0,359.0	56.0,608.0,71.0,608.0
000056	628	193	TP	0.9328732747804266	0.0	2.1610284057056237	0.006387781639601425	66.0,104.0,255.0,355.0	56.0,628.0,71.0,628.0
000056	631	194	TP	0.9312929157595042	0.0	2.34337905934453	0.006918600340355814	72.0,103.0,260.0,354.0	56.0,631.0,71.0,631.0
000056	634	195	TP	0.9399337720585154	0.0	2.6566017144291263	0.009267129293423361	74.0,102.0,263.0,353.0	56.0,634.0,71.0,634.0
000056	644	196	TP	0.9375	0.0	2.3262403624737455	0.010478627425317917	78.0,106.0,265.0,358.0	56.0,644.0,71.0,644.0
000056	653	197	TP	0.9362751243157411	0.0	2.3795486347838297	0.0107441481929752	78.0,109.0,265.0,362.0	56.0,653.0,71.0,653.0
000056	753	198	TP	0.9506535467763254	0.0	2.286012989087264	0.010318928963812816	53.0,115.0,247.0,393.0	56.0,753.0,71.0,753.0
000056	956	199	TP	0.9756488975718671	0.0	1.614205458765876	0.004767235160006031	2.0,106.0,183.0,407.0	56.0,956.0,71.0,956.0
000056	1025	200	TP	0.9910075243163883	0.0	1.688631969269775	0.003905467927259694	14.0,111.0,187.0,414.0	56.0,1025.0,71.0,1025.0
000056	1028	201	TP	0.9865904594416355	0.0	1.7265200829179241	0.0028840404437459753	9.0,115.0,181.0,418.0	56.0,1028.0,71.0,1028.0
000056	1036	202	TP	0.9813019891500904	0.0	1.3697113398493137	0.0032886472676564686	-4.0,113.0,168.0,417.0	56.0,1036.0,71.0,1036.0
000056	1037	203	TP	0.9823238699902601	0.0	1.7482586139153744	0.004073166524266518	-5.0,111.0,167.0,416.0	56.0,1037.0,71.0,1037.0
000056	1044	204	TP	0.9849637615836728	0.0	1.7828275229669914	0.0014915574955851147	0.0,112.0,170.0,417.0	56.0,1044.0,71.0,1044.0
000056	1046	205	TP	0.9876498496975843	0.0	2.060043497227971	0.004110859139469618	5.0,114.0,173.0,420.0	56.0,1046.0,71.0,1046.0
000056	1047	206	TP	0.9870327993897788	0.0	2.114373317481321	0.0031275761209697455	7.0,117.0,175.0,422.0	56.0,1047.0,71.0,1047.0
000056	1048	207	TP	0.9838204212520953	0.0	1.8805345035621075	0.00266154841711856	10.0,118.0,176.0,423.0	56.0,1048.0,71.0,1048.0
000056	1049	208	TP	0.9845524595551984	0.0	1.8511271882159368	0.0020144377823843496	12.0,119.0,178.0,425.0	56.0,1049.0,71.0,1049.0
000056	1054	209	TP	0.9845511327937317	0.0	1.9109904617614502	0.0012700971293837496	23.0,118.0,187.0,422.0	56.0,1054.0,71.0,1054.0
000056	1062	210	TP	0.9897013388259527	0.0	1.9891002213906213	0.00151148923701995	45.0,117.0,203.0,418.0	56.0,1062.0,71.0,1062.0
000056	1064	211	TP	0.9904959790680673	0.0	1.8407333765266598	0.0016759080580666813	50.0,117.0,207.0,418.0	56.0,1064.0,71.0,1064.0
000056	1070	212	TP	0.9941278474028533	0.0	1.97545555657112	0.004230546995710622	55.0,123.0,209.0,420.0	56.0,1070.0,71.0,1070.0
000056	1071	213	TP	0.9902209201045213	0.0	1.674853284243549	0.003744570868898066	56.0,125.0,210.0,422.0	56.0,1071.0,71.0,1071.0
000056	1078	214	TP	0.9911080433635145	0.0	1.62844052895696	0.0038341925130128645	57.0,132.0,208.0,426.0	56.0,1078.0,71.0,1078.0
000056	1087	215	TP	0.9941588785046729	0.0	1.4778656941600095	0.007678553815547252	67.0,128.0,215.0,419.0	56.0,1087.0,71.0,1087.0
000056	1097	216	TP	0.9897448829487664	0.0	1.9389962557207912	0.004242205779765822	60.0,115.0,206.0,406.0	56.0,1097.0,71.0,1097.0
000056	1108	217	TP	0.9897666452579748	0.0	1.9199460746178088	0.0029127939367836206	76.0,110.0,220.0,399.0	56.0,1108.0,71.0,1108.0
000056	1116	218	TP	0.9950510093336228	0.0	2.079404136719821	0.001133162122819937	78.0,112.0,221.0,400.0	56.0,1116.0,71.0,1116.0
000056	1124	219	TP	0.9973434871159125	0.0	1.9578840959679593	0.005015207460740928	90.0,110.0,230.0,396.0	56.0,1124.0,71.0,1124.0
000056	1135	220	TP	0.9901025254094359	0.0	2.3139073202003226	0.0026481932698694307	57.0,102.0,197.0,388.0	56.0,1135.0,71.0,1135.0
000056	1146	221	TP	0.9961598571109622	0.0	2.276097616288341	0.0028360320796137384	63.0,109.0,201.0,395.0	56.0,1146.0,71.0,1146.0
000056	1158	222	TP	0.9926748259702444	0.0	2.103031250862907	0.002983494217593283	79.0,103.0,214.0,388.0	56.0,1158.0,71.0,1158.0
000056	1171	223	TP	0.9940340247028665	0.0	2.4314562474942805	0.0031062333002008394	84.0,113.0,216.0,396.0	56.0,1171.0,71.0,1171.0
000056	1202	224	TP	0.9875940216860408	0.0	2.238071776270389	0.0038030697154406183	88.0,109.0,215.0,387.0	56.0,1202.0,71.0,1202.0
000059	1	225	TP	0.9765737818901428	0.0	3.293363109373646	0.01580697636674667	200.0,94.0,377.0,312.0	59.0,1.0,74.0,1.0
000059	29	226	TP	0.9859857734366706	0.0	3.832239253676204	0.014393859920740541	199.0,90.0,378.0,307.0	59.0,29.0,74.0,29.0
000059	37	227	TP	0.9855057186528224	0.0	3.25140526888901	0.01882721632602561	181.0,93.0,361.0,310.0	59.0,37.0,74.0,37.0
000059	55	228	TP	0.9890935281407552	0.0	3.0128031823311376	0.02114180991843612	209.0,105.0,392.0,324.0	59.0,55.0,74.0,55.0
000059	61	229	TP	0.9914152316883378	0.0	3.8302702625294223	0.016449281466129333	194.0,92.0,380.0,313.0	59.0,61.0,74.0,61.0
000059	68	230	TP	0.9844189142547212	0.0	2.643367673906405	0.026998028811092888	180.0,81.0,369.0,303.0	59.0,68.0,74.0,68.0
000059	80	231	TP	0.9920369642154935	0.0	2.8817386265213463	0.024619226045644843	192.0,80.0,382.0,301.0	59.0,80.0,74.0,80.0
000059	88	232	TP	0.9929743539353444	0.0	3.354399774881133	0.049790543281034425	193.0,77.0,383.0,298.0	59.0,88.0,74.0,88.0
000059	99	233	TP	0.9940761218344276	0.0	2.247841208519803	0.024654452561341092	230.0,43.0,421.0,262.0	59.0,99.0,74.0,99.0
000059	114	234	TP	0.9921754298529778	0.0	2.5161385269061136	0.025994724004589072	222.0,59.0,412.0,276.0	59.0,114.0,74.0,114.0
000059	120	235	TP	0.9933925148794512	0.0	2.3805717915832094	0.02558156287098667	220.0,72.0,410.0,287.0	59.0,120.0,74.0,120.0
000059	126	236	TP	0.994550825015278	0.0	2.2527761330901144	0.02987691818836396	215.0,71.0,404.0,285.0	59.0,126.0,74.0,126.0
000059	127	237	TP	0.9894398530762167	0.0	2.858400275322701	0.029589730378438473	214.0,69.0,403.0,284.0	59.0,127.0,74.0,127.0
000059	132	238	TP	0.9878355489401016	0.0	2.4608980748677474	0.021350201240976474	207.0,64.0,396.0,277.0	59.0,132.0,74.0,132.0
000059	164	239	TP	0.9878480146052031	0.0	1.4451993397569143	0.027850615648857647	215.0,60.0,396.0,259.0	59.0,164.0,74.0,164.0
000059	242	240	TP	0.994909884173895	0.0	1.739902807911606	0.038583208278726765	339.0,133.0,533.0,329.0	59.0,242.0,74.0,242.0
000059	274	241	TP	0.9943545163868905	0.0	2.4689631432261847	0.04474785242480248	358.0,138.0,558.0,332.0	59.0,274.0,74.0,274.0
000059	320	242	TP	0.996031558558133	0.0	3.10355832453977	0.02971484383099263	359.0,134.0,566.0,335.0	59.0,320.0,74.0,320.0
000059	422	243	TP	0.9665366146458584	0.0	1.1885475955275402	0.027400963569006558	423.0,106.0,657.0,330.0	59.0,422.0,74.0,422.0
000059	455	244	TP	0.9965467423094542	0.0	1.7738078118500296	0.02499997030953602	388.0,105.0,629.0,340.0	59.0,455.0,74.0,455.0
000059	492	245	TP	0.9961247076074433	0.0	2.9972621386383858	0.025889754298518003	393.0,119.0,633.0,363.0	59.0,492.0,74.0,492.0
000059	510	246	TP	0.9956497721309211	0.0	2.1685590694444334	0.02662128794567355	376.0,128.0,614.0,378.0	59.0,510.0,74.0,510.0
000059	514	247	TP	0.9961352987448271	0.0	2.755181800016517	0.020886291457571364	373.0,121.0,611.0,373.0	59.0,514.0,74.0,514.0
000059	515	248	TP	0.996760111861401	0.0	2.6201410528403404	0.022091791207170915	375.0,120.0,614.0,372.0	59.0,515.0,74.0,515.0
000059	523	249	TP	0.9965665813922175	0.0	2.67572431182606	0.021513615095509708	380.0,119.0,621.0,374.0	59.0,523.0,74.0,523.0
000059	525	250	TP	0.9963663279725455	0.0	2.1499058926905668	0.022263066238243583	383.0,124.0,624.0,379.0	59.0,525.0,74.0,525.0
000059	530	251	TP	0.9971735253541505	0.0	2.071820951760639	0.022290209035138578	379.0,128.0,619.0,385.0	59.0,530.0,74.0,530.0
000059	535	252	TP	0.9973919523099851	0.0	1.746148138186224	0.026122580068611553	371.0,128.0,609.0,384.0	59.0,535.0,74.0,535.0
000059	545	253	TP	0.9955179964417682	0.0	2.608822585271007	0.0189928597637407	395.0,128.0,632.0,382.0	59.0,545.0,74.0,545.0
000059	561	254	TP	0.9969915153973566	0.0	1.8651859444396695	0.02432673979443654	389.0,107.0,629.0,362.0	59.0,561.0,74.0,561.0
000059	567	255	TP	0.9953994836830609	0.0	1.7032657424924407	0.02464439667831773	398.0,100.0,641.0,357.0	59.0,567.0,74.0,567.0
000059	615	256	TP	0.9574260959859817	0.0	1.1512117516940947	0.02574979192727883	418.0,87.0,663.0,347.0	59.0,615.0,74.0,615.0
000059	629	257	TP	0.9922018952355883	0.0	1.992022431645081	0.02320629067787661	401.0,88.0,643.0,347.0	59.0,629.0,74.0,629.0
000059	636	258	TP	0.995226097334571	0.0	2.6020524231765148	0.016502449887115002	387.0,92.0,628.0,349.0	59.0,636.0,74.0,636.0
000059	637	259	TP	0.9966159052453468	0.0	2.2830265770756224	0.018943199098180756	386.0,91.0,628.0,348.0	59.0,637.0,74.0,637.0
000059	648	260	TP	0.9968158147865601	0.0	2.4254245240232217	0.01879220358712737	377.0,91.0,618.0,349.0	59.0,648.0,74.0,648.0
000059	710	261	TP	0.9969606871489924	0.0	2.342149532487187	0.018019787014028697	375.0,106.0,609.0,374.0	59.0,710.0,74.0,710.0
000059	801	262	TP	0.9969615012187385	0.0	2.3854879119118	0.01877570646103116	358.0,113.0,583.0,391.0	59.0,801.0,74.0,801.0
000059	908	263	TP	0.9954037663581232	0.0	1.8351286025597706	0.0181474934271578	347.0,88.0,564.0,385.0	59.0,908.0,74.0,908.0
000059	1026	264	TP	0.9975479191849421	0.0	1.0838031895049756	0.0270064203019351	346.0,107.0,549.0,397.0	59.0,1026.0,74.0,1026.0
000059	1027	265	TP	0.9975058024734126	0.0	1.264669842197024	0.027361140734568266	341.0,106.0,544.0,396.0	59.0,1027.0,74.0,1027.0
000059	1032	266	TP	0.9960802316547779	0.0	1.9090417106513526	0.02283008011366677	323.0,107.0,523.0,395.0	59.0,1032.0,74.0,1032.0
000059	1034	267	TP	0.9969779926760763	0.0	1.7155004661361575	0.022748329864427007	322.0,109.0,522.0,396.0	59.0,1034.0,74.0,1034.0
000059	1039	268	TP	0.9962066473988439	0.0	1.8135848401618933	0.023598932061930693	331.0,114.0,528.0,399.0	59.0,1039.0,74.0,1039.0
000059	1044	269	TP	0.9943846855059253	0.0	1.668039920187484	0.025755396656798463	337.0,115.0,533.0,399.0	59.0,1044.0,74.0,1044.0
000059	1048	270	TP	0.9960729621609719	0.0	1.678466411810224	0.023783416110166034	332.0,113.0,527.0,397.0	59.0,1048.0,74.0,1048.0
000059	1054	271	TP	0.9961247462631482	0.0	1.8274743719497264	0.025465202251973264	323.0,113.0,516.0,397.0	59.0,1054.0,74.0,1054.0
000059	1060	272	TP	0.9973782356633802	0.0	1.7864473182106986	0.02525718409478494	315.0,110.0,507.0,395.0	59.0,1060.0,74.0,1060.0
000059	1063	273	TP	0.997756280575275	0.0	2.149870133325503	0.02479103468097904	315.0,109.0,507.0,395.0	59.0,1063.0,74.0,1063.0
000059	1064	274	TP	0.9969118782397706	0.0	1.9314522773257634	0.024622990169003715	314.0,107.0,506.0,394.0	59.0,1064.0,74.0,1064.0
000059	1068	275	TP	0.9977190788021485	0.0	2.094202923545647	0.019338069586217935	312.0,110.0,502.0,397.0	59.0,1068.0,74.0,1068.0
000059	1070	276	TP	0.996131314247817	0.0	1.6458695882692915	0.022759790329935258	312.0,115.0,502.0,402.0	59.0,1070.0,74.0,1070.0
000059	1071	277	TP	0.9969383991147178	0.0	1.8326162648515052	0.02549358131949354	313.0,117.0,503.0,404.0	59.0,1071.0,74.0,1071.0
000059	1073	278	TP	0.9971533143554291	0.0	1.4308550809271687	0.026347832010949493	310.0,116.0,499.0,404.0	59.0,1073.0,74.0,1073.0
000059	1074	279	TP	0.9957841795791575	0.0	1.3744194528348728	0.027554187789625935	307.0,115.0,497.0,402.0	59.0,1074.0,74.0,1074.0
000059	1075	280	TP	0.9978179666407782	0.0	1.5926045474981732	0.029215587690264787	306.0,110.0,495.0,398.0	59.0,1075.0,74.0,1075.0
000059	1076	281	TP	0.9964497041420118	0.0	1.1877028863734647	0.02502069824014389	303.0,106.0,492.0,394.0	59.0,1076.0,74.0,1076.0
000059	1078	282	TP	0.9967456824821567	0.0	1.9191884599812323	0.028567946536157154	297.0,101.0,486.0,389.0	59.0,1078.0,74.0,1078.0
000059	1081	283	TP	0.9967118631543946	0.0	1.7343213320530726	0.023078491564941437	293.0,96.0,481.0,384.0	59.0,1081.0,74.0,1081.0
000059	1090	284	TP	0.9972254078650439	0.0	1.7106760658767737	0.023293857249375636	294.0,94.0,481.0,383.0	59.0,1090.0,74.0,1090.0
000059	1093	285	TP	0.9962581505631298	0.0	1.6789461183707044	0.01952787609628156	294.0,90.0,480.0,380.0	59.0,1093.0,74.0,1093.0
000059	1103	286	TP	0.9965758523150215	0.0	1.7989122060097804	0.02382055307357401	315.0,102.0,500.0,392.0	59.0,1103.0,74.0,1103.0
000059	1110	287	TP	0.9970514686671892	0.0	1.918333445969773	0.022038879898480194	308.0,98.0,492.0,388.0	59.0,1110.0,74.0,1110.0
000059	1124	288	TP	0.996967629444318	0.0	1.7844347044980045	0.022116424692971478	335.0,116.0,515.0,406.0	59.0,1124.0,74.0,1124.0
000059	1129	289	TP	0.9972885239641016	0.0	1.5524499717157199	0.02713281603739013	335.0,119.0,513.0,408.0	59.0,1129.0,74.0,1129.0
000059	1131	290	TP	0.9956746411483254	0.0	1.6385165599984133	0.02544605574600867	332.0,120.0,510.0,410.0	59.0,1131.0,74.0,1131.0
000059	1132	291	TP	0.9967452902435289	0.0	1.5075458511466016	0.02892932044021252	331.0,121.0,509.0,411.0	59.0,1132.0,74.0,1132.0
000059	1148	292	TP	0.9964335020708698	0.0	1.7343232973695986	0.030989527809411447	338.0,123.0,514.0,414.0	59.0,1148.0,74.0,1148.0
000059	1152	293	TP	0.9972045646013633	0.0	1.7885698050436236	0.026987959004537168	341.0,123.0,517.0,414.0	59.0,1152.0,74.0,1152.0
000059	1251	294	TP	0.9962473731612128	0.0	2.2790615538008474	0.026789575635521593	377.0,94.0,547.0,394.0	59.0,1251.0,74.0,1251.0
000059	1490	295	TP	0.9943360174696328	0.0	2.233704699312532	0.0241987903831102	414.0,70.0,575.0,397.0	59.0,1490.0,74.0,1490.0
000059	1539	296	TP	0.9922193684846654	0.0	2.2275094811107583	0.0191153866284218	369.0,90.0,513.0,412.0	59.0,1539.0,74.0,1539.0
000059	1541	297	TP	0.9960943424844532	0.0	2.261854749885022	0.018799916809117547	370.0,94.0,512.0,415.0	59.0,1541.0,74.0,1541.0
000059	1544	298	TP	0.9925714285714285	0.0	2.9950395093578503	0.018791678826159883	374.0,98.0,515.0,419.0	59.0,1544.0,74.0,1544.0
000059	1546	299	TP	0.995118230358505	0.0	2.8862708438423725	0.020269175610102004	378.0,98.0,519.0,419.0	59.0,1546.0,74.0,1546.0
