#  Index into NumPy file "pose_data_ycbv-12-epos.npz".
#  Created at  6:52PM EDT on Sep 11, 2023
#    DATASET:   ycbv
#    OBJECT:    12
#    ESTIMATOR: epos
#  The errors reported in this file have taken discrete and continuous object symmetries into account.
#  Bounding boxes are recorded in pixel coordinates as ((upper-left x, y), (lower-right x, y)) with the origin in the upper-left.
#
#  When a row is marked as a TP, it does not necessarily mean that the bounding boxes overlap.
#  For each ground-truth instance, the prediction best overlapping that instance belongs to that ground-truth.
#  All TPs are in the corresponding *.npz file.
#
#  When a row is marked as a FN, it means that there is a ground-truth but the predictor failed to make a prediction at all.
#  FNs are NOT recorded in the *.npz at all.
#
#  When a row is marked as a FP, it means the predictor hallucinated; there is no corresponding ground-truth instance.
#  FPs are NOT recorded in the *.npz at all.
#
#  Scene  <t>  Frame  <t>  Index  <t>  Error cat.  <t>  Visibility ratio  <t>  Score  <t>  R_err(degrees)  <t>  t_err(meters)  <t>  Gr.Tr.BBox  <t>  Pred.BBox
000051	1	0	TP	0.9738073849936173	0.0	3.7930005594675267	0.015025088231402254	213.0,29.0,312.0,296.0	51.0,1.0,63.0,1.0
000051	35	1	TP	0.9664562147573377	0.0	5.0259882150157065	0.0156187291996769	222.0,49.0,320.0,314.0	51.0,35.0,63.0,35.0
000051	56	2	TP	0.9614882190720403	0.0	5.400829520117397	0.01428735712337624	213.0,53.0,311.0,316.0	51.0,56.0,63.0,56.0
000051	83	3	TP	0.9725810324129652	0.0	4.636013982302259	0.015806287648652516	205.0,38.0,303.0,303.0	51.0,83.0,63.0,83.0
000051	100	4	TP	0.9609896709104011	0.0	4.982005930727744	0.01132544009296636	209.0,28.0,306.0,292.0	51.0,100.0,63.0,100.0
000051	116	5	TP	0.9583939482106488	0.0	4.484573228232507	0.008543228436550731	219.0,17.0,316.0,280.0	51.0,116.0,63.0,116.0
000051	138	6	TP	0.9412415252199836	0.0	6.0560266667304905	0.017985207966254798	234.0,-8.0,331.0,256.0	51.0,138.0,63.0,138.0
000051	169	7	TP	0.9544631799561779	0.0	4.61416758394612	0.013287554586118211	237.0,-5.0,335.0,260.0	51.0,169.0,63.0,169.0
000051	240	8	TP	0.9412729985082049	0.0	5.4887113636477345	0.013221795769490051	268.0,30.0,367.0,287.0	51.0,240.0,63.0,240.0
000051	407	9	TP	0.9175220693902689	0.0	4.413210966719356	0.013201243591686151	265.0,24.0,369.0,273.0	51.0,407.0,63.0,407.0
000051	515	10	TP	0.8959297433740009	0.0	3.9184955675978146	0.010436974921627146	279.0,41.0,380.0,287.0	51.0,515.0,63.0,515.0
000051	520	11	TP	0.8944441529825298	0.0	3.931672571185239	0.010702447966637918	284.0,40.0,386.0,286.0	51.0,520.0,63.0,520.0
000051	532	12	TP	0.8863458222291896	0.0	4.597258743259131	0.012222910198400992	288.0,42.0,391.0,289.0	51.0,532.0,63.0,532.0
000051	546	13	TP	0.8815049958368026	0.0	3.2824434904351913	0.01311288372443897	297.0,41.0,403.0,288.0	51.0,546.0,63.0,546.0
000051	553	14	TP	0.893974025974026	0.0	3.6053614664500633	0.012872832313527668	293.0,43.0,398.0,290.0	51.0,553.0,63.0,553.0
000051	571	15	TP	0.8877324952341697	0.0	3.6654658322168934	0.009503351152101124	297.0,48.0,403.0,296.0	51.0,571.0,63.0,571.0
000051	582	16	TP	0.8802493945483588	0.0	4.148134192027259	0.008941909454509131	297.0,68.0,404.0,315.0	51.0,582.0,63.0,582.0
000051	601	17	TP	0.8691035327751685	0.0	3.722794804356744	0.00971236932757173	302.0,61.0,413.0,308.0	51.0,601.0,63.0,601.0
000051	611	18	TP	0.8860163917838713	0.0	3.161464512996394	0.007330874634305258	300.0,57.0,412.0,305.0	51.0,611.0,63.0,611.0
000051	618	19	TP	0.8714242697982535	0.0	4.781434179882791	0.006140834587407827	298.0,50.0,412.0,299.0	51.0,618.0,63.0,618.0
000051	636	20	TP	0.881758089976322	0.0	3.835055060552241	0.003844466276613102	303.0,60.0,419.0,312.0	51.0,636.0,63.0,636.0
000051	637	21	TP	0.8806588420948811	0.0	3.1159345646989207	0.006580820780733203	304.0,60.0,420.0,312.0	51.0,637.0,63.0,637.0
000051	649	22	TP	0.8610375600666863	0.0	4.383508884010076	0.0032676715675402307	289.0,53.0,407.0,306.0	51.0,649.0,63.0,649.0
000051	654	23	TP	0.8731609560584583	0.0	2.861402988020006	0.008982719775669386	291.0,53.0,408.0,305.0	51.0,654.0,63.0,654.0
000051	669	24	TP	0.8784058954717348	0.0	4.938370719275159	0.006494993187185006	295.0,64.0,414.0,317.0	51.0,669.0,63.0,669.0
000051	672	25	TP	0.8718146718146718	0.0	3.9003210776794552	0.008784880007432053	300.0,64.0,419.0,318.0	51.0,672.0,63.0,672.0
000051	675	26	TP	0.8668492624093028	0.0	4.323145520503862	0.005440408214806335	303.0,61.0,423.0,316.0	51.0,675.0,63.0,675.0
000051	681	27	TP	0.8687514920028646	0.0	4.345212473409406	0.006985269057343536	304.0,59.0,424.0,315.0	51.0,681.0,63.0,681.0
000051	685	28	TP	0.8677729174591099	0.0	3.676120127046259	0.004846545432470959	302.0,59.0,422.0,316.0	51.0,685.0,63.0,685.0
000051	694	29	TP	0.8626015492159456	0.0	3.688881611542106	0.010676819463270348	298.0,59.0,418.0,317.0	51.0,694.0,63.0,694.0
000051	698	30	TP	0.8746295338006304	0.0	4.283363849150915	0.005915641052035077	297.0,54.0,417.0,312.0	51.0,698.0,63.0,698.0
000051	780	31	TP	0.8465665236051502	0.0	4.727194797977013	0.007468050051148776	292.0,50.0,416.0,316.0	51.0,780.0,63.0,780.0
000051	946	32	TP	0.8115821885362388	0.0	4.724350972000933	0.0013825480410238396	311.0,28.0,446.0,313.0	51.0,946.0,63.0,946.0
000051	1038	33	TP	0.7892980350982451	0.0	3.3233958324955557	0.005072779909639244	329.0,26.0,466.0,318.0	51.0,1038.0,63.0,1038.0
000051	1045	34	TP	0.7815056977395852	0.0	4.8388835143644116	0.0062331630534650335	328.0,24.0,464.0,317.0	51.0,1045.0,63.0,1045.0
000051	1057	35	TP	0.7884879788933893	0.0	4.186268127525587	0.0032842618961772705	328.0,16.0,465.0,310.0	51.0,1057.0,63.0,1057.0
000051	1063	36	TP	0.7820697820697821	0.0	4.208967075079772	0.007004380234594114	329.0,16.0,466.0,311.0	51.0,1063.0,63.0,1063.0
000051	1076	37	TP	0.781214414282041	0.0	5.577996257642027	0.0016476285264861693	332.0,28.0,467.0,323.0	51.0,1076.0,63.0,1076.0
000051	1080	38	TP	0.781866881925589	0.0	5.310474227482619	0.0008420484306404836	331.0,24.0,466.0,319.0	51.0,1080.0,63.0,1080.0
000051	1091	39	TP	0.7724720132134336	0.0	5.694337347556458	0.0011090689417576243	318.0,17.0,450.0,312.0	51.0,1091.0,63.0,1091.0
000051	1092	40	TP	0.7733655996773365	0.0	5.867370803356936	0.0012186852506503635	318.0,15.0,450.0,311.0	51.0,1092.0,63.0,1092.0
000051	1110	41	TP	0.7724240988446258	0.0	6.310083195216589	0.004468521918882201	308.0,12.0,442.0,309.0	51.0,1110.0,63.0,1110.0
000051	1111	42	TP	0.7616323556203316	0.0	5.7588152513027975	0.0031327981591914487	308.0,11.0,442.0,308.0	51.0,1111.0,63.0,1111.0
000051	1149	43	TP	0.7545232807892533	0.0	5.648030529558474	0.002289625629155431	300.0,4.0,436.0,302.0	51.0,1149.0,63.0,1149.0
000051	1150	44	TP	0.7536316306840937	0.0	6.804984740205013	0.0018919352989040965	300.0,4.0,436.0,302.0	51.0,1150.0,63.0,1150.0
000051	1160	45	TP	0.7465618860510805	0.0	6.807329964736186	0.007274732190033503	299.0,5.0,437.0,303.0	51.0,1160.0,63.0,1160.0
000051	1182	46	TP	0.7598632109431246	0.0	4.4244867490741475	0.003607254541537162	324.0,9.0,461.0,308.0	51.0,1182.0,63.0,1182.0
000051	1220	47	TP	0.7482040229885057	0.0	5.903227720524217	0.00469225441789174	324.0,27.0,462.0,326.0	51.0,1220.0,63.0,1220.0
000051	1528	48	TP	0.7235815044278764	0.0	9.231059935301772	0.008009831756568471	316.0,2.0,448.0,306.0	51.0,1528.0,63.0,1528.0
000051	1536	49	TP	0.7098658738938053	0.0	7.0093784209951915	0.0062084809561266325	317.0,0.0,448.0,306.0	51.0,1536.0,63.0,1536.0
000051	1545	50	TP	0.7152336095162788	0.0	7.357483097843732	0.0041043079319064354	320.0,13.0,451.0,320.0	51.0,1545.0,63.0,1545.0
000051	1566	51	TP	0.7196926097701344	0.0	7.013346140218356	0.00438411312478076	327.0,8.0,462.0,317.0	51.0,1566.0,63.0,1566.0
000051	1571	52	TP	0.7148153141008358	0.0	8.313348673904263	0.0013246187643987468	330.0,10.0,465.0,320.0	51.0,1571.0,63.0,1571.0
000051	1584	53	TP	0.722936513223636	0.0	6.9105005369699475	0.0025240580940410653	332.0,1.0,470.0,313.0	51.0,1584.0,63.0,1584.0
000051	1588	54	TP	0.7149668874172186	0.0	7.793267857504359	0.006217992350597219	331.0,-8.0,470.0,305.0	51.0,1588.0,63.0,1588.0
000051	1603	55	TP	0.6892087255437401	0.0	7.240927723798409	0.0024457775468238988	343.0,-27.0,487.0,291.0	51.0,1603.0,63.0,1603.0
000051	1611	56	TP	0.6919524855896309	0.0	7.211614256796407	0.0011408335868738845	336.0,-33.0,483.0,286.0	51.0,1611.0,63.0,1611.0
000051	1617	57	TP	0.6909810126582279	0.0	7.734041795669907	0.001389860379167424	334.0,-37.0,482.0,283.0	51.0,1617.0,63.0,1617.0
000051	1628	58	TP	0.7053453377825348	0.0	4.506543782492182	0.003759613648780656	348.0,-25.0,497.0,296.0	51.0,1628.0,63.0,1628.0
000051	1629	59	TP	0.7172715540306588	0.0	5.133382705906602	0.0055092407912367145	348.0,-22.0,498.0,299.0	51.0,1629.0,63.0,1629.0
000051	1645	60	TP	0.7277519379844961	0.0	4.7426793162350735	0.0029992284381454666	359.0,-25.0,510.0,298.0	51.0,1645.0,63.0,1645.0
000051	1650	61	TP	0.7141318065687814	0.0	5.341096451909317	0.004364181629449374	362.0,-28.0,514.0,296.0	51.0,1650.0,63.0,1650.0
000051	1673	62	TP	0.7111904761904762	0.0	4.765692931089072	0.003999711853542903	396.0,-33.0,548.0,296.0	51.0,1673.0,63.0,1673.0
000051	1674	63	TP	0.7100472216447388	0.0	5.253815113294098	0.003572583103939242	399.0,-32.0,552.0,297.0	51.0,1674.0,63.0,1674.0
000051	1687	64	TP	0.7051039146529863	0.0	4.346453540000646	0.003357278966854094	400.0,-39.0,555.0,294.0	51.0,1687.0,63.0,1687.0
000051	1693	65	TP	0.7225868277384133	0.0	3.771758162696346	0.005023078746822367	401.0,-35.0,558.0,298.0	51.0,1693.0,63.0,1693.0
000051	1698	66	TP	0.7479298164340726	0.0	4.0340653194609395	0.004641221819839024	401.0,-33.0,559.0,301.0	51.0,1698.0,63.0,1698.0
000051	1699	67	TP	0.7257294889962116	0.0	4.18377860721223	0.0043943134730467	402.0,-32.0,559.0,301.0	51.0,1699.0,63.0,1699.0
000051	1700	68	TP	0.7245962266331513	0.0	3.864097051735499	0.00423819014729795	401.0,-31.0,559.0,303.0	51.0,1700.0,63.0,1700.0
000051	1708	69	TP	0.7227590518956403	0.0	3.99836778054238	0.003919824895469237	406.0,-38.0,565.0,298.0	51.0,1708.0,63.0,1708.0
000051	1709	70	TP	0.7229630049931911	0.0	3.3655149658573267	0.0028094581607144863	406.0,-40.0,565.0,297.0	51.0,1709.0,63.0,1709.0
000051	1715	71	TP	0.7159694742792538	0.0	3.6725628254029417	0.008909100195353757	405.0,-38.0,563.0,300.0	51.0,1715.0,63.0,1715.0
000051	1717	72	TP	0.7330053161407081	0.0	4.698999795115218	0.004361552413639758	403.0,-36.0,562.0,301.0	51.0,1717.0,63.0,1717.0
000051	1729	73	TP	0.747174703379083	0.0	3.4654026562090503	0.0023175062471214197	403.0,-23.0,563.0,315.0	51.0,1729.0,63.0,1729.0
000051	1927	74	TP	0.6906977300452077	0.0	3.130989080373032	0.015134560591871018	302.0,-73.0,464.0,296.0	51.0,1927.0,63.0,1927.0
000054	1	75	TP	0.9812658635832561	0.0	1.9963101357246031	0.021003118609248535	118.0,47.0,236.0,328.0	54.0,1.0,66.0,1.0
000054	22	76	TP	0.9804017041996348	0.0	2.3426619887760807	0.017018529407611734	145.0,40.0,259.0,322.0	54.0,22.0,66.0,22.0
000054	32	77	TP	0.9772171823868108	0.0	1.9812160198890925	0.019134784811393905	155.0,60.0,262.0,340.0	54.0,32.0,66.0,32.0
000054	38	78	TP	0.9753637083663346	0.0	2.716957433484189	0.0235243710935828	145.0,40.0,253.0,319.0	54.0,38.0,66.0,38.0
000054	43	79	TP	0.9752233620119126	0.0	2.147541271887963	0.03236150046941581	141.0,9.0,249.0,290.0	54.0,43.0,66.0,43.0
000054	50	80	TP	0.9782590690740434	0.0	2.4704415901005334	0.031462235008559276	133.0,8.0,243.0,289.0	54.0,50.0,66.0,50.0
000054	56	81	TP	0.9769055980169387	0.0	2.4196214469295847	0.040891036078598224	122.0,18.0,233.0,299.0	54.0,56.0,66.0,56.0
000054	63	82	TP	0.9761806812571993	0.0	2.67389520074093	0.038036754670705955	134.0,7.0,245.0,289.0	54.0,63.0,66.0,63.0
000054	69	83	TP	0.9771346469622332	0.0	1.8816876165490262	0.029210325699802666	145.0,-1.0,252.0,283.0	54.0,69.0,66.0,69.0
000054	81	84	TP	0.976570642431317	0.0	1.5406357851276955	0.03168031167243604	188.0,24.0,293.0,307.0	54.0,81.0,66.0,81.0
000054	86	85	TP	0.9747990169533886	0.0	2.489859054634351	0.03607694748110664	182.0,34.0,287.0,318.0	54.0,86.0,66.0,86.0
000054	90	86	TP	0.9721785211559162	0.0	2.269366276170933	0.04186329721340189	178.0,24.0,284.0,310.0	54.0,90.0,66.0,90.0
000054	135	87	TP	0.9658244413126635	0.0	3.428015270209651	0.03941303860169503	192.0,40.0,289.0,298.0	54.0,135.0,66.0,135.0
000054	202	88	TP	0.9642046743816656	0.0	2.4625059895119414	0.03896678814619167	201.0,66.0,292.0,310.0	54.0,202.0,66.0,202.0
000054	390	89	TP	0.9564324934571766	0.0	3.256992465209695	0.04514269871819905	193.0,58.0,288.0,316.0	54.0,390.0,66.0,390.0
000054	479	90	TP	0.957202784719743	0.0	1.1205336327357764	0.04848098433389704	213.0,6.0,314.0,286.0	54.0,479.0,66.0,479.0
000054	514	91	TP	0.9371751886001677	0.0	2.9712607600411207	0.05771304491071984	229.0,-13.0,332.0,279.0	54.0,514.0,66.0,514.0
000054	520	92	TP	0.9455314209915436	0.0	1.8933481420819878	0.05052158327608594	232.0,-11.0,336.0,282.0	54.0,520.0,66.0,520.0
000054	524	93	TP	0.9503146464854193	0.0	3.4140115835362375	0.056591687612762814	227.0,-12.0,332.0,282.0	54.0,524.0,66.0,524.0
000054	530	94	TP	0.9554150520089741	0.0	3.588451010968967	0.05465789149012052	221.0,-7.0,326.0,288.0	54.0,530.0,66.0,530.0
000054	537	95	TP	0.9595293927387402	0.0	2.570150475518477	0.051106041943774244	221.0,8.0,327.0,305.0	54.0,537.0,66.0,537.0
000054	543	96	TP	0.9545946813204444	0.0	3.4062539067879603	0.05860102758135018	224.0,15.0,330.0,313.0	54.0,543.0,66.0,543.0
000054	560	97	TP	0.963270608613495	0.0	2.7234633174365763	0.04727105328485618	229.0,18.0,336.0,319.0	54.0,560.0,66.0,560.0
000054	561	98	TP	0.9624597502552423	0.0	2.647059453262748	0.047153193841891074	228.0,19.0,336.0,320.0	54.0,561.0,66.0,561.0
000054	568	99	TP	0.9641540908561896	0.0	3.1575552602718395	0.05078309826094935	216.0,18.0,324.0,320.0	54.0,568.0,66.0,568.0
000054	577	100	TP	0.9618744731397042	0.0	2.6940030241235515	0.04812405961198817	208.0,19.0,316.0,322.0	54.0,577.0,66.0,577.0
000054	583	101	TP	0.9624757632209253	0.0	2.382928265282065	0.04873781096604853	204.0,19.0,314.0,323.0	54.0,583.0,66.0,583.0
000054	588	102	TP	0.9632645332323424	0.0	2.4875670049091503	0.046628456110599126	205.0,22.0,314.0,326.0	54.0,588.0,66.0,588.0
000054	589	103	TP	0.9609578935421632	0.0	2.6765228007244146	0.04528629661179503	205.0,23.0,314.0,328.0	54.0,589.0,66.0,589.0
000054	595	104	TP	0.9638595038211045	0.0	3.225884410708793	0.04385795240740946	205.0,28.0,315.0,332.0	54.0,595.0,66.0,595.0
000054	598	105	TP	0.9591184324344654	0.0	2.7319676499980234	0.042889425385628455	203.0,30.0,314.0,335.0	54.0,598.0,66.0,598.0
000054	604	106	TP	0.9621490078622239	0.0	3.7136119117978907	0.04349864739708526	200.0,35.0,310.0,340.0	54.0,604.0,66.0,604.0
000054	681	107	TP	0.9647158173006315	0.0	3.5020776058485623	0.03359362863411551	144.0,42.0,257.0,344.0	54.0,681.0,66.0,681.0
000054	741	108	TP	0.9696558303368313	0.0	4.087372035423248	0.023503781887025874	151.0,56.0,263.0,356.0	54.0,741.0,66.0,741.0
000054	866	109	TP	0.9755918247316571	0.0	2.543083041591557	0.01959755020803497	179.0,67.0,291.0,364.0	54.0,866.0,66.0,866.0
000054	1012	110	TP	0.9816627651273321	0.0	5.871364833987519	0.006199223631556649	202.0,66.0,314.0,368.0	54.0,1012.0,66.0,1012.0
000054	1024	111	TP	0.981516037038341	0.0	4.54555328363984	0.005000653757639056	238.0,61.0,351.0,365.0	54.0,1024.0,66.0,1024.0
000054	1025	112	TP	0.9827361907105938	0.0	4.126600396634	0.00581254955132003	241.0,63.0,354.0,366.0	54.0,1025.0,66.0,1025.0
000054	1028	113	TP	0.9857623790152896	0.0	3.6460485863969714	0.007726262588299269	246.0,69.0,359.0,373.0	54.0,1028.0,66.0,1028.0
000054	1029	114	TP	0.985013480864176	0.0	3.9624232761740092	0.005879942520729233	246.0,70.0,359.0,374.0	54.0,1029.0,66.0,1029.0
000054	1032	115	TP	0.9838114468736945	0.0	4.847018937242155	0.0056689553822346465	247.0,72.0,361.0,377.0	54.0,1032.0,66.0,1032.0
000054	1033	116	TP	0.9851607298001738	0.0	5.361523246805049	0.0052780346383377915	247.0,71.0,361.0,376.0	54.0,1033.0,66.0,1033.0
000054	1039	117	TP	0.9832138425479112	0.0	5.063911300645713	0.006055000000773929	237.0,60.0,352.0,367.0	54.0,1039.0,66.0,1039.0
000054	1042	118	TP	0.9867157655642358	0.0	3.209648473188928	0.010755396574030301	230.0,57.0,344.0,363.0	54.0,1042.0,66.0,1042.0
000054	1063	119	TP	0.9854646191730223	0.0	4.799612898196797	0.006318455083312653	197.0,43.0,311.0,349.0	54.0,1063.0,66.0,1063.0
000054	1068	120	TP	0.9884144887041265	0.0	4.984300030449513	0.008263993563156468	193.0,37.0,307.0,343.0	54.0,1068.0,66.0,1068.0
000054	1080	121	TP	0.9888824669363887	0.0	4.525887692988865	0.007308039999292199	185.0,30.0,300.0,336.0	54.0,1080.0,66.0,1080.0
000054	1083	122	TP	0.990035708212889	0.0	6.079447543468847	0.006447727363064152	185.0,29.0,299.0,335.0	54.0,1083.0,66.0,1083.0
000054	1089	123	TP	0.9867910396949683	0.0	3.0699189293917972	0.013948740954059232	192.0,28.0,306.0,334.0	54.0,1089.0,66.0,1089.0
000054	1096	124	TP	0.9874125874125874	0.0	3.199537823855919	0.008130913969705953	201.0,33.0,314.0,339.0	54.0,1096.0,66.0,1096.0
000054	1106	125	TP	0.9909265878471267	0.0	4.881499227268446	0.010325871918567844	205.0,52.0,318.0,357.0	54.0,1106.0,66.0,1106.0
000054	1110	126	TP	0.991995583770356	0.0	4.074086810701387	0.0067546729915833595	216.0,70.0,330.0,374.0	54.0,1110.0,66.0,1110.0
000054	1111	127	TP	0.9911920140927775	0.0	2.9265584531566464	0.008980483735032263	219.0,73.0,332.0,376.0	54.0,1111.0,66.0,1111.0
000054	1134	128	TP	0.9902552541633336	0.0	3.185339401185549	0.017170008223014243	134.0,49.0,247.0,343.0	54.0,1134.0,66.0,1134.0
000054	1178	129	TP	0.9917839420808591	0.0	2.994589209396171	0.007814801660418706	131.0,75.0,239.0,352.0	54.0,1178.0,66.0,1178.0
000054	1355	130	TP	0.9944631500187056	0.0	1.8799168981881664	0.014697974136570053	163.0,86.0,275.0,377.0	54.0,1355.0,66.0,1355.0
000054	1531	131	TP	0.996638364234968	0.0	3.0183261794591236	0.01748769126220206	175.0,88.0,292.0,391.0	54.0,1531.0,66.0,1531.0
000054	1539	132	TP	0.9951300383379961	0.0	3.0099491422128226	0.020925344573153343	175.0,90.0,293.0,395.0	54.0,1539.0,66.0,1539.0
000054	1543	133	TP	0.9952882483370288	0.0	2.54181122569755	0.023886600774567543	184.0,92.0,302.0,396.0	54.0,1543.0,66.0,1543.0
000054	1547	134	TP	0.9977113530758027	0.0	2.7001248464331753	0.018827290353772178	190.0,100.0,308.0,404.0	54.0,1547.0,66.0,1547.0
000054	1550	135	TP	0.9975022549087629	0.0	2.4605974970766034	0.014960138212307262	194.0,102.0,311.0,406.0	54.0,1550.0,66.0,1550.0
000054	1557	136	TP	0.9982045438850908	0.0	1.997497921700556	0.02369515607832548	194.0,98.0,311.0,403.0	54.0,1557.0,66.0,1557.0
000054	1559	137	TP	0.9980022732752385	0.0	3.5403550971313367	0.01898747815787728	194.0,95.0,311.0,400.0	54.0,1559.0,66.0,1559.0
000054	1568	138	TP	0.9962001696352841	0.0	2.150101765781579	0.018665982232917388	184.0,92.0,302.0,400.0	54.0,1568.0,66.0,1568.0
000054	1573	139	TP	0.997717661274082	0.0	2.019920565486811	0.024993910717082558	173.0,90.0,290.0,399.0	54.0,1573.0,66.0,1573.0
000054	1580	140	TP	0.9990070499453877	0.0	2.929174403370176	0.021038185398626865	162.0,87.0,280.0,398.0	54.0,1580.0,66.0,1580.0
000054	1585	141	TP	0.99780241406455	0.0	3.360979501778632	0.02503278569094168	158.0,88.0,276.0,400.0	54.0,1585.0,66.0,1585.0
000054	1595	142	TP	0.9982331577397506	0.0	2.9623033754251686	0.024088018647255096	171.0,75.0,288.0,388.0	54.0,1595.0,66.0,1595.0
000054	1597	143	TP	0.9982003206701351	0.0	1.8549412356975488	0.02379868063173973	174.0,73.0,291.0,386.0	54.0,1597.0,66.0,1597.0
000054	1605	144	TP	0.9983226443019241	0.0	1.8252106156911916	0.02272153333375799	188.0,70.0,306.0,382.0	54.0,1605.0,66.0,1605.0
000054	1613	145	TP	0.998649494383873	0.0	1.8170324773514042	0.021798130789512603	194.0,75.0,312.0,387.0	54.0,1613.0,66.0,1613.0
000054	1619	146	TP	0.9994398312903651	0.0	2.970519934943758	0.018696828736014783	198.0,82.0,315.0,394.0	54.0,1619.0,66.0,1619.0
000054	1625	147	TP	0.9990095414176764	0.0	2.981916032078775	0.022706207485757194	206.0,84.0,323.0,396.0	54.0,1625.0,66.0,1625.0
000054	1663	148	TP	0.99938570966699	0.0	2.3337851112627743	0.024786565581761958	202.0,64.0,321.0,379.0	54.0,1663.0,66.0,1663.0
000054	1844	149	TP	1.0	0.0	3.6111810928159853	0.023051581674682034	204.0,46.0,329.0,378.0	54.0,1844.0,66.0,1844.0
000055	22	150	TP	0.801401696790852	0.0	173.25804670335805	0.10206843680130309	391.0,48.0,469.0,299.0	55.0,22.0,67.0,22.0
000055	42	151	TP	0.8223431265868698	0.0	166.8107463507934	0.14400362186070484	416.0,56.0,495.0,308.0	55.0,42.0,67.0,42.0
000055	49	152	TP	0.7981478801909998	0.0	170.58061103290868	0.1187459896181798	421.0,49.0,503.0,301.0	55.0,49.0,67.0,49.0
000055	62	153	TP	0.7762687634024303	0.0	170.95882354814077	0.15612557079113865	416.0,28.0,502.0,281.0	55.0,62.0,67.0,62.0
000055	89	154	TP	0.7850390770375884	0.0	175.47883312535612	0.08810173185456929	380.0,45.0,460.0,293.0	55.0,89.0,67.0,89.0
000055	100	155	TP	0.7680760942260534	0.0	166.9912301223917	0.13957020520216207	369.0,51.0,450.0,298.0	55.0,100.0,67.0,100.0
000055	128	156	TP	0.7947112551561579	0.0	167.69265272965163	0.11460822796421559	295.0,30.0,364.0,280.0	55.0,128.0,67.0,128.0
000055	205	157	TP	0.7701583611797181	0.0	168.8412432779456	0.1311674261483676	326.0,35.0,400.0,286.0	55.0,205.0,67.0,205.0
000055	360	158	TP	0.745494436608682	0.0	14.286915468120853	0.13430904932758228	370.0,51.0,444.0,288.0	55.0,360.0,67.0,360.0
000055	454	159	TP	0.7497622067216233	0.0	53.55691146443272	0.30171694699138885	389.0,85.0,462.0,315.0	55.0,454.0,67.0,454.0
000055	512	160	TP	0.7388843977364592	0.0	19.107134919752923	0.08806929085753086	361.0,74.0,431.0,302.0	55.0,512.0,67.0,512.0
000055	513	161	TP	0.7318787878787879	0.0	17.755948076827295	0.09787219338143835	362.0,74.0,433.0,301.0	55.0,513.0,67.0,513.0
000055	526	162	TP	0.7357550429960621	0.0	21.449650509404588	0.139578095681916	362.0,71.0,433.0,298.0	55.0,526.0,67.0,526.0
000055	530	163	TP	0.7218915875824352	0.0	35.047822991989236	0.23445920508246412	356.0,69.0,429.0,297.0	55.0,530.0,67.0,530.0
000055	546	164	TP	0.7139626907857547	0.0	16.984782199333768	0.11175486807561182	333.0,63.0,404.0,290.0	55.0,546.0,67.0,546.0
000055	562	165	TP	0.7271850899742931	0.0	151.59429114748897	0.23916554051230754	340.0,69.0,412.0,296.0	55.0,562.0,67.0,562.0
000055	563	166	TP	0.7175743964065132	0.0	17.772117046280744	0.0930683429128986	343.0,67.0,416.0,294.0	55.0,563.0,67.0,563.0
000055	588	167	TP	0.735994170984456	0.0	15.027730058941277	0.07151014865251204	316.0,80.0,389.0,305.0	55.0,588.0,67.0,588.0
000055	598	168	TP	0.7216235923195333	0.0	13.264346938592015	0.18415763777813318	322.0,75.0,395.0,300.0	55.0,598.0,67.0,598.0
000055	603	169	TP	0.7151775579698395	0.0	39.98522657035285	0.25426832388547255	323.0,76.0,396.0,301.0	55.0,603.0,67.0,603.0
000055	610	170	TP	0.7117727749536028	0.0	22.00563137626536	0.07452531245859227	326.0,75.0,400.0,300.0	55.0,610.0,67.0,610.0
000055	612	171	TP	0.7149540248427165	0.0	18.988124373433546	0.038409423161756044	327.0,74.0,401.0,300.0	55.0,612.0,67.0,612.0
000055	618	172	TP	0.7222088256571015	0.0	28.803925213167393	0.18503404892574865	327.0,82.0,401.0,307.0	55.0,618.0,67.0,618.0
000055	621	173	TP	0.7349058122685558	0.0	20.0707231956799	0.06292992391958767	322.0,88.0,395.0,313.0	55.0,621.0,67.0,621.0
000055	622	174	TP	0.7240547063555913	0.0	29.167108336772785	0.15339604912651886	322.0,89.0,395.0,313.0	55.0,622.0,67.0,622.0
000055	638	175	TP	0.718322331347609	0.0	22.045515910463596	0.07390771784492375	306.0,90.0,380.0,314.0	55.0,638.0,67.0,638.0
000055	641	176	TP	0.7141821112006447	0.0	24.84177924214534	0.08367072906018665	303.0,90.0,377.0,314.0	55.0,641.0,67.0,641.0
000055	649	177	TP	0.725521798694496	0.0	22.001976020853	0.07377903099079353	303.0,93.0,378.0,317.0	55.0,649.0,67.0,649.0
000055	654	178	TP	0.7234197142165173	0.0	19.634192841477944	0.09607548662371249	304.0,97.0,379.0,321.0	55.0,654.0,67.0,654.0
000055	663	179	TP	0.7082162075335314	0.0	17.501159585029598	0.09047725236094292	314.0,95.0,391.0,319.0	55.0,663.0,67.0,663.0
000055	793	180	TP	0.7075384615384616	0.0	18.40556622886673	0.025349079754706526	377.0,97.0,459.0,322.0	55.0,793.0,67.0,793.0
000055	920	181	TP	0.6984755108660395	0.0	15.674967801750244	0.039196829753628044	376.0,67.0,469.0,313.0	55.0,920.0,67.0,920.0
000055	1025	182	TP	0.6988414432307183	0.0	14.896794269535928	0.025836210252916842	323.0,58.0,411.0,298.0	55.0,1025.0,67.0,1025.0
000055	1038	183	TP	0.6971274212676242	0.0	16.71094648875953	0.011907206499123418	331.0,54.0,419.0,294.0	55.0,1038.0,67.0,1038.0
000055	1040	184	TP	0.6976284584980237	0.0	15.877245926247738	0.02343648128208455	334.0,54.0,422.0,294.0	55.0,1040.0,67.0,1040.0
000055	1041	185	TP	0.7004805476927128	0.0	14.880940747003057	0.016023614203071006	336.0,54.0,423.0,294.0	55.0,1041.0,67.0,1041.0
000055	1042	186	TP	0.7001250575923122	0.0	14.343908953457376	0.015958020402372278	336.0,54.0,424.0,295.0	55.0,1042.0,67.0,1042.0
000055	1044	187	TP	0.7032041581683005	0.0	14.105725405690919	0.022011054388515732	337.0,55.0,425.0,296.0	55.0,1044.0,67.0,1044.0
000055	1046	188	TP	0.6991394600275899	0.0	14.784387986507403	0.02313915553164184	337.0,57.0,425.0,297.0	55.0,1046.0,67.0,1046.0
000055	1048	189	TP	0.6959259988191301	0.0	13.564386095991356	0.029207723727539357	337.0,58.0,425.0,299.0	55.0,1048.0,67.0,1048.0
000055	1049	190	TP	0.6991295241835198	0.0	15.202199767239893	0.004696493770985803	337.0,58.0,426.0,299.0	55.0,1049.0,67.0,1049.0
000055	1053	191	TP	0.6999542812357129	0.0	13.69050576435221	0.03366781302374104	336.0,59.0,425.0,299.0	55.0,1053.0,67.0,1053.0
000055	1055	192	TP	0.6983028720626632	0.0	13.147023466585535	0.02210511171535896	337.0,58.0,425.0,298.0	55.0,1055.0,67.0,1055.0
000055	1064	193	TP	0.6976849750340445	0.0	14.550722083322988	0.025392374674795125	340.0,53.0,429.0,294.0	55.0,1064.0,67.0,1064.0
000055	1068	194	TP	0.6995530219602254	0.0	16.140330386359896	0.012059157687978621	339.0,52.0,429.0,294.0	55.0,1068.0,67.0,1068.0
000055	1088	195	TP	0.7005891111542695	0.0	14.202818100290298	0.01127238345992323	336.0,49.0,423.0,291.0	55.0,1088.0,67.0,1088.0
000055	1100	196	TP	0.6992495795057575	0.0	13.828540662090772	0.012553055015065673	330.0,45.0,418.0,287.0	55.0,1100.0,67.0,1100.0
000055	1103	197	TP	0.699896560641324	0.0	13.421594202451507	0.01636992156904063	330.0,45.0,418.0,286.0	55.0,1103.0,67.0,1103.0
000055	1115	198	TP	0.7046772323154232	0.0	14.004081567011958	0.013577943701484123	327.0,39.0,414.0,280.0	55.0,1115.0,67.0,1115.0
000055	1120	199	TP	0.7022508038585209	0.0	15.253672923538623	0.007567543563133413	326.0,38.0,412.0,280.0	55.0,1120.0,67.0,1120.0
000055	1132	200	TP	0.6915023444023379	0.0	13.713457353431608	0.01524316224308783	321.0,40.0,407.0,281.0	55.0,1132.0,67.0,1132.0
000055	1136	201	TP	0.6990048154093098	0.0	15.85537453630329	0.014176573501373515	321.0,38.0,407.0,279.0	55.0,1136.0,67.0,1136.0
000055	1147	202	TP	0.6936885141177974	0.0	13.937528913133136	0.006022165980045994	315.0,33.0,400.0,275.0	55.0,1147.0,67.0,1147.0
000055	1151	203	TP	0.688641425389755	0.0	13.698601284964495	0.01239759788957797	313.0,31.0,399.0,273.0	55.0,1151.0,67.0,1151.0
000055	1161	204	TP	0.6872508699778551	0.0	11.591754200873641	0.023277506851782936	308.0,32.0,393.0,275.0	55.0,1161.0,67.0,1161.0
000055	1164	205	TP	0.6885837235792938	0.0	13.279077856690295	0.005226630935121612	308.0,34.0,394.0,277.0	55.0,1164.0,67.0,1164.0
000055	1176	206	TP	0.6885516540732745	0.0	14.74930103119549	0.01546694870208126	305.0,32.0,389.0,275.0	55.0,1176.0,67.0,1176.0
000055	1177	207	TP	0.6907844630616908	0.0	13.458702662009262	0.013110537646083055	305.0,33.0,390.0,275.0	55.0,1177.0,67.0,1177.0
000055	1189	208	TP	0.6914583068917375	0.0	13.64033301042722	0.02078277061844733	298.0,32.0,382.0,274.0	55.0,1189.0,67.0,1189.0
000055	1347	209	TP	0.7104290822407628	0.0	13.191485540355574	0.02957642793851842	281.0,30.0,372.0,276.0	55.0,1347.0,67.0,1347.0
000055	1520	210	TP	0.7243075481641975	0.0	10.47916434640677	0.03166788201670001	281.0,21.0,370.0,266.0	55.0,1520.0,67.0,1520.0
000055	1543	211	TP	0.7185288316510036	0.0	11.517140554343857	0.024143447395801924	253.0,37.0,342.0,283.0	55.0,1543.0,67.0,1543.0
000055	1563	212	TP	0.7242638534662648	0.0	10.375550180786389	0.019790346462671804	255.0,34.0,344.0,280.0	55.0,1563.0,67.0,1563.0
000055	1567	213	TP	0.7202063528866218	0.0	11.01265808191074	0.03160847496731941	253.0,36.0,343.0,281.0	55.0,1567.0,67.0,1567.0
000055	1585	214	TP	0.7227860581105376	0.0	10.419534920377727	0.023842573734130273	261.0,32.0,350.0,277.0	55.0,1585.0,67.0,1585.0
000055	1592	215	TP	0.7130789397028838	0.0	9.97757716271535	0.03032148565238425	268.0,29.0,357.0,274.0	55.0,1592.0,67.0,1592.0
000055	1603	216	TP	0.7149562870386669	0.0	9.228563366967212	0.036992421239616435	282.0,26.0,370.0,270.0	55.0,1603.0,67.0,1603.0
000055	1604	217	TP	0.7174919425725168	0.0	9.822436281769802	0.035716306339960806	284.0,25.0,373.0,270.0	55.0,1604.0,67.0,1604.0
000055	1609	218	TP	0.725583864118896	0.0	10.37411903732537	0.038418300763577516	294.0,25.0,382.0,268.0	55.0,1609.0,67.0,1609.0
000055	1612	219	TP	0.7193531251844419	0.0	9.566574612991166	0.02989946340805629	297.0,28.0,385.0,271.0	55.0,1612.0,67.0,1612.0
000055	1625	220	TP	0.7176202176202177	0.0	10.486664766229298	0.037127227112598665	285.0,34.0,374.0,279.0	55.0,1625.0,67.0,1625.0
000055	1632	221	TP	0.7169126259077068	0.0	9.961247597998588	0.028540947981928654	288.0,35.0,377.0,279.0	55.0,1632.0,67.0,1632.0
000055	1643	222	TP	0.7110539545215409	0.0	9.761125458276807	0.027337398561819642	287.0,40.0,376.0,284.0	55.0,1643.0,67.0,1643.0
000055	1666	223	TP	0.7130333138515488	0.0	10.777767859515489	0.04640179252883928	293.0,53.0,383.0,297.0	55.0,1666.0,67.0,1666.0
000055	1717	224	TP	0.6991130185979971	0.0	10.257923565590794	0.05762570147590577	287.0,60.0,379.0,306.0	55.0,1717.0,67.0,1717.0
000057	1	225	TP	0.9904527410682881	0.0	3.6886049160996737	0.0063908817605006505	422.0,41.0,561.0,287.0	57.0,1.0,69.0,1.0
000057	24	226	TP	0.9929773152124488	0.0	2.969229834105101	0.006827496344455491	422.0,46.0,559.0,291.0	57.0,24.0,69.0,24.0
000057	38	227	TP	0.990711602882956	0.0	3.25697008399371	0.005260459925624335	423.0,51.0,558.0,295.0	57.0,38.0,69.0,38.0
000057	49	228	TP	0.989272030651341	0.0	2.974812686279475	0.0028564988131736537	412.0,62.0,547.0,306.0	57.0,49.0,69.0,49.0
000057	61	229	TP	0.9939663547578872	0.0	2.5923433395742297	0.0053467268613420485	414.0,70.0,548.0,314.0	57.0,61.0,69.0,61.0
000057	74	230	TP	0.9948924868481537	0.0	2.2163732785984283	0.005044905435062149	412.0,82.0,547.0,326.0	57.0,74.0,69.0,74.0
000057	81	231	TP	0.9960558252427184	0.0	1.85339972355143	0.007426588224682509	403.0,62.0,536.0,308.0	57.0,81.0,69.0,81.0
000057	88	232	TP	0.9953842252092315	0.0	2.2926505228777962	0.004252114947999691	392.0,54.0,521.0,300.0	57.0,88.0,69.0,88.0
000057	119	233	TP	0.9948124501197126	0.0	2.7820927512518567	0.009556934040833949	391.0,48.0,520.0,297.0	57.0,119.0,69.0,119.0
000057	246	234	TP	0.995684229455134	0.0	1.0110918304084744	0.0036532991379190057	398.0,19.0,536.0,284.0	57.0,246.0,69.0,246.0
000057	483	235	TP	0.9962795535464256	0.0	0.9154896333099898	0.005697909547242956	414.0,78.0,558.0,361.0	57.0,483.0,69.0,483.0
000057	518	236	TP	0.9974445667557792	0.0	1.3154399640788808	0.00444537020488668	399.0,84.0,541.0,371.0	57.0,518.0,69.0,518.0
000057	526	237	TP	0.9968742674064234	0.0	1.2376505491862773	0.0050888387503303205	391.0,86.0,532.0,373.0	57.0,526.0,69.0,526.0
000057	528	238	TP	0.9971111805121798	0.0	1.2792130094851046	0.004461234968192438	389.0,87.0,530.0,375.0	57.0,528.0,69.0,528.0
000057	537	239	TP	0.9982236638863144	0.0	1.3923258617384502	0.004220187582599262	387.0,81.0,528.0,371.0	57.0,537.0,69.0,537.0
000057	541	240	TP	0.9985784539726449	0.0	0.7829487647686234	0.004752690402729365	391.0,76.0,532.0,367.0	57.0,541.0,69.0,541.0
000057	553	241	TP	0.9982155061128407	0.0	1.3826456980870427	0.004400562447658279	396.0,61.0,537.0,354.0	57.0,553.0,69.0,553.0
000057	554	242	TP	0.9981037621359223	0.0	1.3161055092151335	0.004040876115460414	396.0,60.0,536.0,354.0	57.0,554.0,69.0,554.0
000057	565	243	TP	0.9987312012538717	0.0	1.4753691923737737	0.0039345199148317755	393.0,59.0,535.0,355.0	57.0,565.0,69.0,565.0
000057	574	244	TP	0.9978838295388208	0.0	1.0025087659751049	0.004287311721415824	399.0,53.0,544.0,352.0	57.0,574.0,69.0,574.0
000057	575	245	TP	0.9978146853146853	0.0	1.1993501719221804	0.004509170527131696	400.0,52.0,545.0,351.0	57.0,575.0,69.0,575.0
000057	584	246	TP	0.9981406657846748	0.0	0.8977231701444464	0.0042532816052040495	398.0,54.0,546.0,355.0	57.0,584.0,69.0,584.0
000057	592	247	TP	0.997542735042735	0.0	1.1320864086728057	0.005038760388288918	395.0,70.0,544.0,371.0	57.0,592.0,69.0,592.0
000057	597	248	TP	0.9980890367329606	0.0	1.0582298375148977	0.004416767746934667	397.0,70.0,547.0,372.0	57.0,597.0,69.0,597.0
000057	606	249	TP	0.9980159420794319	0.0	1.4181147922830606	0.005015662208866478	399.0,64.0,549.0,368.0	57.0,606.0,69.0,606.0
000057	610	250	TP	0.9974612323315494	0.0	0.8572765034806028	0.006012293150339602	404.0,58.0,556.0,365.0	57.0,610.0,69.0,610.0
000057	613	251	TP	0.9978934493068768	0.0	1.5126216150059018	0.004490092615388079	404.0,59.0,559.0,367.0	57.0,613.0,69.0,613.0
000057	621	252	TP	0.9984050506728692	0.0	1.276624060263252	0.005748524786988446	409.0,61.0,567.0,372.0	57.0,621.0,69.0,621.0
000057	790	253	TP	0.9664499415858181	0.0	1.7897458994193562	0.010197252247298592	475.0,47.0,656.0,404.0	57.0,790.0,69.0,790.0
000057	844	254	TP	0.9991609638427856	0.0	1.2857211625358982	0.004592300828625886	420.0,69.0,587.0,427.0	57.0,844.0,69.0,844.0
000057	978	255	TP	0.973743626170121	0.0	0.9867457529823678	0.007874838095251947	484.0,43.0,653.0,413.0	57.0,978.0,69.0,978.0
000057	1026	256	TP	0.9994364321028768	0.0	1.0306976635435883	0.003426337229870522	457.0,54.0,611.0,428.0	57.0,1026.0,69.0,1026.0
000057	1028	257	TP	0.9991315675206253	0.0	0.7004021338696887	0.0037418350510166807	457.0,53.0,611.0,427.0	57.0,1028.0,69.0,1028.0
000057	1035	258	TP	0.9993617890329828	0.0	1.4424665529733973	0.006306093657810651	446.0,46.0,595.0,422.0	57.0,1035.0,69.0,1035.0
000057	1040	259	TP	0.9995399008230663	0.0	1.4748675028135052	0.006852663801727603	440.0,40.0,587.0,418.0	57.0,1040.0,69.0,1040.0
000057	1046	260	TP	0.9995953260154787	0.0	1.3282708165750414	0.0073303192398518745	442.0,36.0,589.0,416.0	57.0,1046.0,69.0,1046.0
000057	1054	261	TP	0.9992811105602379	0.0	1.325596675739729	0.005761382577197688	449.0,34.0,598.0,418.0	57.0,1054.0,69.0,1054.0
000057	1057	262	TP	0.9996061635405897	0.0	1.6172666615194657	0.009339268365560868	449.0,31.0,598.0,417.0	57.0,1057.0,69.0,1057.0
000057	1066	263	TP	0.9992957575463222	0.0	1.2610533119165108	0.005050868409922654	473.0,33.0,625.0,420.0	57.0,1066.0,69.0,1066.0
000057	1071	264	TP	0.9994139480367259	0.0	1.6632570983900126	0.002965924761367258	477.0,40.0,631.0,426.0	57.0,1071.0,69.0,1071.0
000057	1073	265	TP	0.9992382918079512	0.0	1.703473114525388	0.0018421547300427855	476.0,46.0,628.0,431.0	57.0,1073.0,69.0,1073.0
000057	1076	266	TP	0.9988327331429281	0.0	1.6212112220500419	0.0036153529632849037	475.0,53.0,626.0,436.0	57.0,1076.0,69.0,1076.0
000057	1078	267	TP	0.9991997599279784	0.0	1.70189960271971	0.002402291195175868	472.0,56.0,621.0,439.0	57.0,1078.0,69.0,1078.0
000057	1081	268	TP	0.9987092528851994	0.0	1.6242427551103253	0.006133449245941952	463.0,61.0,610.0,443.0	57.0,1081.0,69.0,1081.0
000057	1082	269	TP	0.9992893581381184	0.0	1.7762300803010187	0.006288828709355011	460.0,61.0,607.0,443.0	57.0,1082.0,69.0,1082.0
000057	1083	270	TP	0.9993130994479354	0.0	2.196994213150913	0.006940877896710242	457.0,61.0,603.0,443.0	57.0,1083.0,69.0,1083.0
000057	1086	271	TP	0.9991278696934719	0.0	1.9891327131109664	0.006513645219629889	448.0,62.0,592.0,444.0	57.0,1086.0,69.0,1086.0
000057	1087	272	TP	0.9989968103714374	0.0	1.7676971757878779	0.009301562087883608	445.0,63.0,589.0,444.0	57.0,1087.0,69.0,1087.0
000057	1092	273	TP	0.9995062883276167	0.0	2.0128770568696677	0.007656269746581395	442.0,63.0,583.0,444.0	57.0,1092.0,69.0,1092.0
000057	1093	274	TP	0.999635634906176	0.0	2.0992433929447722	0.007980075729163899	442.0,64.0,583.0,445.0	57.0,1093.0,69.0,1093.0
000057	1099	275	TP	0.9995271494995666	0.0	1.4953789835533722	0.006408725971289457	446.0,72.0,586.0,452.0	57.0,1099.0,69.0,1099.0
000057	1101	276	TP	0.9994734625105307	0.0	1.8566304730631475	0.005485332024507422	450.0,74.0,589.0,454.0	57.0,1101.0,69.0,1101.0
000057	1108	277	TP	0.9992320322016842	0.0	2.1085754570451978	0.006774031076534142	454.0,84.0,594.0,463.0	57.0,1108.0,69.0,1108.0
000057	1116	278	TP	0.9995495734195327	0.0	1.5701970637124723	0.0068812176296613615	453.0,87.0,593.0,467.0	57.0,1116.0,69.0,1116.0
000057	1118	279	TP	0.9990483994607597	0.0	1.8514301719255384	0.008383962152788806	453.0,86.0,594.0,466.0	57.0,1118.0,69.0,1118.0
000057	1159	280	TP	0.9875140638292034	0.0	2.120774412020043	0.009561345247183987	453.0,107.0,590.0,487.0	57.0,1159.0,69.0,1159.0
000057	1290	281	TP	0.9989482224960182	0.0	2.662591515695927	0.013653674686864719	406.0,81.0,528.0,463.0	57.0,1290.0,69.0,1290.0
000057	1440	282	TP	0.9958837470375452	0.0	2.9942784781283325	0.009577859020560683	359.0,54.0,465.0,439.0	57.0,1440.0,69.0,1440.0
000057	1527	283	TP	0.996805500623688	0.0	3.074641594532467	0.004979901870849104	381.0,100.0,493.0,480.0	57.0,1527.0,69.0,1527.0
000057	1538	284	TP	0.9994912921180202	0.0	2.925092183215111	0.00428422937290458	374.0,87.0,483.0,468.0	57.0,1538.0,69.0,1538.0
000057	1539	285	TP	0.9993423805822921	0.0	3.1136175587051667	0.005469308880224044	373.0,88.0,482.0,469.0	57.0,1539.0,69.0,1539.0
000057	1549	286	TP	0.9998201061373789	0.0	3.5866110623011056	0.006871487109576258	375.0,85.0,484.0,465.0	57.0,1549.0,69.0,1549.0
000057	1560	287	TP	0.9984813509901591	0.0	3.13039824728237	0.0021233246496934906	376.0,81.0,487.0,457.0	57.0,1560.0,69.0,1560.0
000057	1563	288	TP	0.9989921509941057	0.0	2.9147689038085955	0.0019797905094331996	380.0,82.0,491.0,457.0	57.0,1563.0,69.0,1563.0
000057	1566	289	TP	0.9973325157136287	0.0	2.812535558624138	0.002367469742358085	382.0,87.0,493.0,461.0	57.0,1566.0,69.0,1566.0
000057	1570	290	TP	0.997167051578137	0.0	2.875293484809119	0.0016780443363749106	387.0,90.0,497.0,462.0	57.0,1570.0,69.0,1570.0
000057	1585	291	TP	0.99858726697583	0.0	2.8891754663931226	0.002857366955909606	392.0,90.0,507.0,462.0	57.0,1585.0,69.0,1585.0
000057	1589	292	TP	0.9980298599353548	0.0	3.2621397175611007	0.004959540924367801	385.0,90.0,497.0,461.0	57.0,1589.0,69.0,1589.0
000057	1593	293	TP	0.9978209495749317	0.0	3.1133095234031187	0.003002216896938854	376.0,90.0,485.0,460.0	57.0,1593.0,69.0,1593.0
000057	1602	294	TP	0.9983201490485935	0.0	3.499860419740587	0.005782243624342276	369.0,83.0,479.0,454.0	57.0,1602.0,69.0,1602.0
000057	1612	295	TP	0.9972239823783229	0.0	3.076918440984706	0.004008413803081328	385.0,65.0,506.0,438.0	57.0,1612.0,69.0,1612.0
000057	1621	296	TP	0.9974859912161139	0.0	3.1291726565451867	0.0034181885943887877	422.0,61.0,551.0,433.0	57.0,1621.0,69.0,1621.0
000057	1628	297	TP	0.996687936797326	0.0	3.6936686907798744	0.0027824097220100525	450.0,56.0,584.0,427.0	57.0,1628.0,69.0,1628.0
000057	1712	298	TP	0.994343180389692	0.0	4.4295184505354115	0.012642172647560596	435.0,-5.0,569.0,389.0	57.0,1712.0,69.0,1712.0
000057	1827	299	TP	0.9980429605526868	0.0	3.5773533273271734	0.011431224255790129	374.0,25.0,505.0,426.0	57.0,1827.0,69.0,1827.0
