#  Index into NumPy file "pose_data_ycbv-19-epos.npz".
#  Created at  6:52PM EDT on Sep 11, 2023
#    DATASET:   ycbv
#    OBJECT:    19
#    ESTIMATOR: epos
#  The errors reported in this file have taken discrete and continuous object symmetries into account.
#  Bounding boxes are recorded in pixel coordinates as ((upper-left x, y), (lower-right x, y)) with the origin in the upper-left.
#
#  When a row is marked as a TP, it does not necessarily mean that the bounding boxes overlap.
#  For each ground-truth instance, the prediction best overlapping that instance belongs to that ground-truth.
#  All TPs are in the corresponding *.npz file.
#
#  When a row is marked as a FN, it means that there is a ground-truth but the predictor failed to make a prediction at all.
#  FNs are NOT recorded in the *.npz at all.
#
#  When a row is marked as a FP, it means the predictor hallucinated; there is no corresponding ground-truth instance.
#  FPs are NOT recorded in the *.npz at all.
#
#  Scene  <t>  Frame  <t>  Index  <t>  Error cat.  <t>  Visibility ratio  <t>  Score  <t>  R_err(degrees)  <t>  t_err(meters)  <t>  Gr.Tr.BBox  <t>  Pred.BBox
000048	1	0	TP	0.9818085947798576	0.0	16.383719876179896	0.0465687359119829	329.0,116.0,419.0,329.0	48.0,1.0,67.0,1.0
000048	36	1	TP	0.994432936302434	0.0	17.664816570325524	0.05698097802655311	311.0,112.0,398.0,327.0	48.0,36.0,67.0,36.0
000048	47	2	TP	0.9878194095061565	0.0	19.309159933656932	0.04466402809868893	340.0,111.0,426.0,326.0	48.0,47.0,67.0,47.0
000048	83	3	TP	0.9838881491344873	0.0	15.92315215591017	0.058455623273067525	366.0,123.0,450.0,336.0	48.0,83.0,67.0,83.0
000048	112	4	TP	0.9781688277322043	0.0	14.956202628441009	0.03722901697497014	378.0,110.0,463.0,322.0	48.0,112.0,67.0,112.0
000048	1024	5	TP	0.9961927662558862	0.0	3.8422894195846298	0.024949141041999554	428.0,154.0,525.0,352.0	48.0,1024.0,67.0,1024.0
000048	1027	6	TP	0.9898809523809524	0.0	4.3651526351224526	0.020028925338220746	441.0,161.0,538.0,359.0	48.0,1027.0,67.0,1027.0
000048	1059	7	TP	0.9938314595562631	0.0	3.6824922514051748	0.01792056583166914	450.0,146.0,545.0,342.0	48.0,1059.0,67.0,1059.0
000048	1074	8	TP	0.9947818826967231	0.0	3.467971990527985	0.021324757791669247	426.0,177.0,519.0,370.0	48.0,1074.0,67.0,1074.0
000048	1075	9	TP	0.9973023448848308	0.0	4.90134156660401	0.01823299442394646	424.0,173.0,518.0,366.0	48.0,1075.0,67.0,1075.0
000048	1083	10	TP	0.9953193259829416	0.0	5.204870732888839	0.0216519256777726	433.0,173.0,526.0,365.0	48.0,1083.0,67.0,1083.0
000048	1087	11	TP	0.9935796231975581	0.0	3.3114751759272396	0.023391830487248	431.0,179.0,524.0,370.0	48.0,1087.0,67.0,1087.0
000048	1090	12	TP	0.9960717698269456	0.0	3.2248956848899324	0.019482794272355695	425.0,178.0,517.0,368.0	48.0,1090.0,67.0,1090.0
000048	1094	13	TP	0.9904053471323846	0.0	3.1150893632231655	0.03553104688724703	413.0,177.0,506.0,366.0	48.0,1094.0,67.0,1094.0
000048	1097	14	TP	0.9911001501179498	0.0	4.228993639737079	0.022231321693584404	416.0,173.0,510.0,362.0	48.0,1097.0,67.0,1097.0
000048	1103	15	TP	0.995418220564731	0.0	3.0998851638680374	0.02262690107624554	427.0,169.0,521.0,358.0	48.0,1103.0,67.0,1103.0
000048	1104	16	TP	0.9947839046199702	0.0	3.476533382457299	0.02134738596300026	426.0,167.0,520.0,356.0	48.0,1104.0,67.0,1104.0
000048	1107	17	TP	0.995835557928457	0.0	3.6833594183416727	0.016542032148010415	424.0,165.0,518.0,353.0	48.0,1107.0,67.0,1107.0
000048	1113	18	TP	0.9896167844144723	0.0	3.8701212801737905	0.01667288917345792	436.0,173.0,529.0,361.0	48.0,1113.0,67.0,1113.0
000048	1119	19	TP	0.9896126379571522	0.0	5.2223319098725876	0.008217554043352646	441.0,171.0,533.0,357.0	48.0,1119.0,67.0,1119.0
000048	1120	20	TP	0.9918822383374825	0.0	5.108398620153137	0.003865320778915054	441.0,171.0,533.0,357.0	48.0,1120.0,67.0,1120.0
000048	1122	21	TP	0.9860960243319574	0.0	110.87944873030418	0.2808750602151924	441.0,171.0,533.0,356.0	48.0,1122.0,67.0,1122.0
000048	1124	22	TP	0.9961836222876458	0.0	6.314989868564049	0.0028963247750989846	439.0,168.0,532.0,353.0	48.0,1124.0,67.0,1124.0
000048	1126	23	TP	0.9898845519516217	0.0	5.214231664458832	0.004998023860890927	438.0,169.0,531.0,353.0	48.0,1126.0,67.0,1126.0
000048	1128	24	TP	0.9897779731809189	0.0	111.97299055695817	0.28415315142093217	436.0,168.0,531.0,352.0	48.0,1128.0,67.0,1128.0
000048	1132	25	TP	0.9922109714031379	0.0	112.3654860102543	0.2743569526692582	434.0,174.0,528.0,358.0	48.0,1132.0,67.0,1132.0
000048	1133	26	TP	0.9960841351532781	0.0	111.48396773190953	0.2806264721765352	432.0,174.0,526.0,357.0	48.0,1133.0,67.0,1133.0
000048	1137	27	TP	0.9964077233947014	0.0	5.295100841198608	0.003743831550847866	425.0,177.0,520.0,359.0	48.0,1137.0,67.0,1137.0
000048	1540	28	TP	0.9929140832595217	0.0	5.313627646495665	0.004507457845243908	420.0,193.0,526.0,383.0	48.0,1540.0,67.0,1540.0
000048	1542	29	TP	0.9848260912405163	0.0	4.494822982858947	0.002743706837933815	420.0,195.0,526.0,384.0	48.0,1542.0,67.0,1542.0
000048	1543	30	TP	0.9821870361207323	0.0	3.970509768146611	0.003819675109712646	419.0,199.0,523.0,388.0	48.0,1543.0,67.0,1543.0
000048	1568	31	TP	0.9921007899210079	0.0	4.769136279783286	0.0049267407366615406	406.0,220.0,512.0,407.0	48.0,1568.0,67.0,1568.0
000048	1569	32	TP	0.998003792793692	0.0	4.4365885051543446	0.005897646789639456	405.0,220.0,511.0,407.0	48.0,1569.0,67.0,1569.0
000048	1571	33	TP	0.992272955343703	0.0	2.9737901716245925	0.003984470938426527	408.0,223.0,512.0,410.0	48.0,1571.0,67.0,1571.0
000048	1572	34	TP	0.9884953981592637	0.0	4.334682363538127	0.0037832409909182496	409.0,221.0,514.0,408.0	48.0,1572.0,67.0,1572.0
000048	1576	35	TP	0.9910785886126704	0.0	3.2780878935858198	0.014083277485898823	416.0,232.0,520.0,419.0	48.0,1576.0,67.0,1576.0
000048	1577	36	TP	0.9861083349990006	0.0	110.5339995381912	0.2511090022357888	414.0,234.0,520.0,420.0	48.0,1577.0,67.0,1577.0
000048	1579	37	TP	0.9974028568574568	0.0	5.002628527747558	0.007896882662353208	414.0,232.0,520.0,420.0	48.0,1579.0,67.0,1579.0
000048	1580	38	TP	0.9872115096413228	0.0	110.80177487900363	0.25099178306428477	414.0,232.0,520.0,419.0	48.0,1580.0,67.0,1580.0
000048	1583	39	TP	0.9858240990316463	0.0	110.51723660355253	0.25322906026123354	416.0,233.0,522.0,421.0	48.0,1583.0,67.0,1583.0
000048	1586	40	TP	0.9950099800399201	0.0	3.545736821428529	0.009669946783360342	419.0,233.0,523.0,421.0	48.0,1586.0,67.0,1586.0
000048	1587	41	TP	0.9969077306733167	0.0	3.727596269790866	0.015801751743811505	417.0,233.0,523.0,420.0	48.0,1587.0,67.0,1587.0
000048	1588	42	TP	0.9988045427375971	0.0	4.995649734473138	0.014983908304414525	414.0,236.0,521.0,423.0	48.0,1588.0,67.0,1588.0
000048	1589	43	TP	0.9949106875561321	0.0	4.118947825257437	0.019267230971842905	414.0,237.0,520.0,424.0	48.0,1589.0,67.0,1589.0
000048	1597	44	TP	0.9831907398087569	0.0	112.47066516733962	0.2423962088382796	407.0,254.0,513.0,440.0	48.0,1597.0,67.0,1597.0
000048	1605	45	TP	0.9857242687431367	0.0	4.5227177805282155	0.009204916316302311	421.0,238.0,528.0,425.0	48.0,1605.0,67.0,1605.0
000048	1608	46	TP	0.9962060702875399	0.0	4.083462014884123	0.009389570936025543	424.0,234.0,531.0,421.0	48.0,1608.0,67.0,1608.0
000048	1609	47	TP	0.9894232688086211	0.0	3.766254388627415	0.010693947845635763	423.0,232.0,530.0,419.0	48.0,1609.0,67.0,1609.0
000048	1611	48	TP	0.978509601034723	0.0	5.185222058210513	0.0039019960124564296	420.0,232.0,528.0,419.0	48.0,1611.0,67.0,1611.0
000048	1619	49	TP	0.9825627740135512	0.0	111.51457037374735	0.24527767096299463	415.0,225.0,523.0,412.0	48.0,1619.0,67.0,1619.0
000048	1622	50	TP	0.9920413847990449	0.0	3.3641870756860475	0.0023222578583378534	418.0,223.0,526.0,411.0	48.0,1622.0,67.0,1622.0
000048	1624	51	TP	0.9897267105525633	0.0	4.659081397791944	0.003866563579854299	420.0,223.0,527.0,411.0	48.0,1624.0,67.0,1624.0
000048	1626	52	TP	0.9890470974808324	0.0	4.237698516249131	0.006734663762459969	419.0,222.0,527.0,410.0	48.0,1626.0,67.0,1626.0
000048	1631	53	TP	0.985016868426275	0.0	4.309341450492852	0.011010966172259974	423.0,222.0,531.0,410.0	48.0,1631.0,67.0,1631.0
000048	1639	54	TP	0.9898671913428431	0.0	4.109631771010389	0.0021578955157473705	428.0,227.0,537.0,415.0	48.0,1639.0,67.0,1639.0
000048	1641	55	TP	0.9914251921939681	0.0	3.193663988088309	0.005895592760537768	428.0,228.0,536.0,417.0	48.0,1641.0,67.0,1641.0
000048	1643	56	TP	0.9913513513513513	0.0	4.275077879547444	0.008101041420552603	425.0,230.0,534.0,418.0	48.0,1643.0,67.0,1643.0
000048	1644	57	TP	0.9937931034482759	0.0	4.256299513308198	0.012613840176371016	423.0,231.0,532.0,419.0	48.0,1644.0,67.0,1644.0
000048	1645	58	TP	0.9896643370410474	0.0	5.14110864941076	0.0038645832068038496	422.0,229.0,531.0,417.0	48.0,1645.0,67.0,1645.0
000048	1648	59	TP	0.9906339347333136	0.0	5.304662608965962	0.013412587570089214	418.0,230.0,528.0,417.0	48.0,1648.0,67.0,1648.0
000048	1649	60	TP	0.9932812963145934	0.0	5.124097395453088	0.0043454476985095355	419.0,227.0,528.0,415.0	48.0,1649.0,67.0,1649.0
000048	1724	61	TP	0.992824095930507	0.0	7.294425085457457	0.002549029196114213	409.0,196.0,524.0,389.0	48.0,1724.0,67.0,1724.0
000048	1874	62	TP	0.9873967114598113	0.0	6.798096069895413	0.006357796899893218	375.0,156.0,502.0,364.0	48.0,1874.0,67.0,1874.0
000048	2040	63	TP	0.992676207753813	0.0	6.8958934310650655	0.00708096301992628	398.0,149.0,546.0,380.0	48.0,2040.0,67.0,2040.0
000048	2050	64	TP	0.9943887775551102	0.0	6.553972973836318	0.006953800281393493	398.0,156.0,546.0,388.0	48.0,2050.0,67.0,2050.0
000048	2051	65	TP	0.9895039443775906	0.0	7.412083937864513	0.006006186619940012	396.0,157.0,545.0,389.0	48.0,2051.0,67.0,2051.0
000048	2066	66	TP	0.9936733886911823	0.0	5.512733748796949	0.005967479668531147	394.0,149.0,544.0,383.0	48.0,2066.0,67.0,2066.0
000048	2069	67	TP	0.9874366901269487	0.0	7.5243202740641415	0.0058834132334167795	392.0,146.0,541.0,380.0	48.0,2069.0,67.0,2069.0
000048	2070	68	TP	0.9892211633256655	0.0	8.237368939772303	0.00463996266877902	392.0,145.0,542.0,380.0	48.0,2070.0,67.0,2070.0
000048	2083	69	TP	0.9969250480461243	0.0	6.83512642363725	0.0067235759077642334	397.0,143.0,549.0,381.0	48.0,2083.0,67.0,2083.0
000048	2090	70	TP	0.9943098267374209	0.0	6.801497101242537	0.006203408517333592	388.0,139.0,541.0,377.0	48.0,2090.0,67.0,2090.0
000048	2104	71	TP	0.9903713892709766	0.0	6.424239401311003	0.00808953061376928	390.0,135.0,545.0,375.0	48.0,2104.0,67.0,2104.0
000048	2133	72	TP	0.994889062593951	0.0	5.134447358175559	0.008914127188293057	400.0,134.0,559.0,379.0	48.0,2133.0,67.0,2133.0
000048	2144	73	TP	0.9928876244665719	0.0	5.037293872499169	0.005235229656180686	397.0,137.0,557.0,384.0	48.0,2144.0,67.0,2144.0
000048	2160	74	TP	0.9924655152428422	0.0	5.503360836783966	0.005987386430766999	403.0,130.0,565.0,380.0	48.0,2160.0,67.0,2160.0
000054	1	75	TP	0.9611936911380915	0.0	3.1368855247748875	0.04586189346241482	333.0,257.0,476.0,401.0	54.0,1.0,73.0,1.0
000054	22	76	TP	0.967231511614858	0.0	3.8704601900855575	0.0453930070884777	356.0,258.0,498.0,403.0	54.0,22.0,73.0,22.0
000054	32	77	TP	0.9512998070155523	0.0	2.5435198065788014	0.05846821966365854	359.0,287.0,497.0,431.0	54.0,32.0,73.0,32.0
000054	38	78	TP	0.9543708532184845	0.0	3.0796968603545816	0.015956834044608396	349.0,264.0,486.0,405.0	54.0,38.0,73.0,38.0
000054	43	79	TP	0.9578700994733762	0.0	1.6853206170984492	0.033374124819637245	345.0,235.0,482.0,375.0	54.0,43.0,73.0,43.0
000054	50	80	TP	0.9544656443872176	0.0	2.606899813368366	0.016059063933246288	338.0,234.0,474.0,374.0	54.0,50.0,73.0,50.0
000054	56	81	TP	0.9676930254257056	0.0	3.718438201366558	0.026805607222664868	329.0,243.0,464.0,384.0	54.0,56.0,73.0,56.0
000054	63	82	TP	0.9498613678373382	0.0	3.507080912496008	0.012784963186078812	341.0,235.0,476.0,375.0	54.0,63.0,73.0,63.0
000054	69	83	TP	0.9517714285714286	0.0	2.524866678913721	0.025899954960012513	348.0,236.0,482.0,377.0	54.0,69.0,73.0,69.0
000054	81	84	TP	0.953983286908078	0.0	1.0222468475196484	0.04036611360154503	388.0,273.0,520.0,414.0	54.0,81.0,73.0,81.0
000054	86	85	TP	0.9574067927868127	0.0	3.528473574985511	0.0038359267320183543	382.0,285.0,513.0,427.0	54.0,86.0,73.0,86.0
000054	90	86	TP	0.9607843137254902	0.0	0.5287418545914364	0.045222566645049395	379.0,276.0,510.0,419.0	54.0,90.0,73.0,90.0
000054	135	87	TP	0.9447174447174447	0.0	3.842350018490025	0.02730766848154078	375.0,267.0,493.0,391.0	54.0,135.0,73.0,135.0
000054	202	88	TP	0.9678084364097684	0.0	3.6158946043155313	0.029860839028493236	374.0,281.0,485.0,391.0	54.0,202.0,73.0,202.0
000054	390	89	TP	0.963362681056518	0.0	2.830043708938336	0.010097338404510652	372.0,288.0,492.0,402.0	54.0,390.0,73.0,390.0
000054	479	90	TP	0.9474538916599002	0.0	1.9402281628604698	0.015472860347181016	401.0,264.0,532.0,396.0	54.0,479.0,73.0,479.0
000054	514	91	TP	0.9590346141632264	0.0	1.5142851571735212	0.01486230793372344	421.0,260.0,558.0,400.0	54.0,514.0,73.0,514.0
000054	520	92	TP	0.9559892048993149	0.0	1.5023768686517054	0.01659775371854047	425.0,264.0,563.0,406.0	54.0,520.0,73.0,520.0
000054	524	93	TP	0.9498248506078715	0.0	1.657074044594209	0.01880275241378475	421.0,264.0,560.0,406.0	54.0,524.0,73.0,524.0
000054	530	94	TP	0.9457340663815923	0.0	1.7643286821887498	0.021846729086227906	416.0,269.0,555.0,412.0	54.0,530.0,73.0,530.0
000054	537	95	TP	0.9533373301358913	0.0	1.809988197265303	0.028692364777502664	417.0,285.0,557.0,430.0	54.0,537.0,73.0,537.0
000054	543	96	TP	0.9588368209057864	0.0	1.6172138226743462	0.03015890549892321	421.0,293.0,562.0,439.0	54.0,543.0,73.0,543.0
000054	560	97	TP	0.9716665071312338	0.0	1.201644193577401	0.03026661664406082	428.0,301.0,570.0,450.0	54.0,560.0,73.0,560.0
000054	561	98	TP	0.9568833652007648	0.0	2.028829606770372	0.02294053297811705	428.0,301.0,570.0,451.0	54.0,561.0,73.0,561.0
000054	568	99	TP	0.9567087155963303	0.0	1.3444488582420993	0.02688251085546345	417.0,300.0,559.0,450.0	54.0,568.0,73.0,568.0
000054	577	100	TP	0.9589704625320543	0.0	1.6998289301872467	0.02598480174587189	410.0,302.0,553.0,452.0	54.0,577.0,73.0,577.0
000054	583	101	TP	0.9597794047732243	0.0	0.9875316486124439	0.03550383157468407	409.0,300.0,551.0,450.0	54.0,583.0,73.0,583.0
000054	588	102	TP	0.9529747739171823	0.0	1.0546561422539156	0.0250201584391976	410.0,302.0,552.0,452.0	54.0,588.0,73.0,588.0
000054	589	103	TP	0.9570831750854538	0.0	1.2967209102204702	0.03134366267030784	410.0,304.0,552.0,453.0	54.0,589.0,73.0,589.0
000054	595	104	TP	0.9589417788735065	0.0	1.531716334499137	0.027869177852875862	412.0,307.0,554.0,457.0	54.0,595.0,73.0,595.0
000054	598	105	TP	0.9582937488124643	0.0	1.1659143290932839	0.032089066886104384	411.0,309.0,553.0,459.0	54.0,598.0,73.0,598.0
000054	604	106	TP	0.9516496018202503	0.0	1.6249604842458896	0.03932268614127424	408.0,313.0,550.0,464.0	54.0,604.0,73.0,604.0
000054	681	107	TP	0.9560880296174414	0.0	1.2907390627334894	0.05856092299931557	358.0,302.0,501.0,442.0	54.0,681.0,73.0,681.0
000054	741	108	TP	0.9464073473797947	0.0	2.9275614817781053	0.021406189335895658	365.0,304.0,515.0,440.0	54.0,741.0,73.0,741.0
000054	866	109	TP	0.9309038225788476	0.0	1.8781859254463698	0.011770077381167192	391.0,294.0,550.0,425.0	54.0,866.0,73.0,866.0
000054	1012	110	TP	0.8904540036840395	0.0	1.777090339375595	0.04478692209387052	414.0,292.0,581.0,424.0	54.0,1012.0,73.0,1012.0
000054	1024	111	TP	0.8561876459350456	0.0	3.3418783158504946	0.06650703543286217	450.0,291.0,621.0,423.0	54.0,1024.0,73.0,1024.0
000054	1025	112	TP	0.8564775613886537	0.0	3.2089167001113963	0.07600882378400468	453.0,292.0,624.0,424.0	54.0,1025.0,73.0,1025.0
000054	1028	113	TP	0.8731507711677683	0.0	3.632994330440172	0.061237336927045395	458.0,296.0,631.0,429.0	54.0,1028.0,73.0,1028.0
000054	1029	114	TP	0.8730225248821373	0.0	2.765641548573582	0.042891185408693966	458.0,297.0,631.0,431.0	54.0,1029.0,73.0,1029.0
000054	1032	115	TP	0.8572914499687955	0.0	4.572399916354849	0.052445887061981215	459.0,298.0,634.0,432.0	54.0,1032.0,73.0,1032.0
000054	1033	116	TP	0.8802239966815306	0.0	4.442454955518489	0.04454128019100455	460.0,298.0,634.0,432.0	54.0,1033.0,73.0,1033.0
000054	1039	117	TP	0.8401626524867063	0.0	2.535092162673631	0.04584659989114385	450.0,287.0,625.0,421.0	54.0,1039.0,73.0,1039.0
000054	1042	118	TP	0.872315910757306	0.0	3.3487183239011102	0.07363813812810863	442.0,282.0,617.0,415.0	54.0,1042.0,73.0,1042.0
000054	1063	119	TP	0.8798241852487135	0.0	4.521029042373422	0.04983111545622736	408.0,260.0,583.0,390.0	54.0,1063.0,73.0,1063.0
000054	1068	120	TP	0.8674258702191663	0.0	4.675338895377027	0.05415833341414363	404.0,252.0,580.0,381.0	54.0,1068.0,73.0,1068.0
000054	1080	121	TP	0.8907635734371621	0.0	4.219816688781275	0.035886882220774394	396.0,244.0,572.0,371.0	54.0,1080.0,73.0,1080.0
000054	1083	122	TP	0.8822190919926319	0.0	2.386189490018906	0.05449093408230999	395.0,242.0,572.0,370.0	54.0,1083.0,73.0,1083.0
000054	1089	123	TP	0.8867048277351766	0.0	2.725909108613711	0.057392016194101766	402.0,241.0,579.0,369.0	54.0,1089.0,73.0,1089.0
000054	1096	124	TP	0.8618052563550194	0.0	5.1783930530774365	0.09135432079332322	410.0,247.0,587.0,376.0	54.0,1096.0,73.0,1096.0
000054	1106	125	TP	0.8577087794432549	0.0	2.549892825298382	0.05496920098982119	414.0,264.0,591.0,393.0	54.0,1106.0,73.0,1106.0
000054	1110	126	TP	0.860526874867219	0.0	2.8680068215665977	0.058130588437863076	425.0,280.0,603.0,410.0	54.0,1110.0,73.0,1110.0
000054	1111	127	TP	0.8565369526031174	0.0	3.0047037375217562	0.04041181911217372	427.0,283.0,606.0,413.0	54.0,1111.0,73.0,1111.0
000054	1134	128	TP	0.8775412005292915	0.0	2.9373089394759417	0.03657596811843159	337.0,245.0,507.0,363.0	54.0,1134.0,73.0,1134.0
000054	1178	129	TP	0.8693142778617562	0.0	5.077794374981002	0.022158177113923486	322.0,255.0,485.0,361.0	54.0,1178.0,73.0,1178.0
000054	1355	130	TP	0.8289692170136671	0.0	5.947081446807326	0.06987630523091976	354.0,271.0,529.0,376.0	54.0,1355.0,73.0,1355.0
000054	1531	131	TP	0.7844574780058651	0.0	7.531876178166648	0.10837268221652713	362.0,271.0,547.0,371.0	54.0,1531.0,73.0,1531.0
000054	1539	132	TP	0.7834371564675705	0.0	8.811912583268324	0.11013297598999695	363.0,273.0,548.0,372.0	54.0,1539.0,73.0,1539.0
000054	1543	133	TP	0.7715853658536586	0.0	8.640361852913244	0.11745371709569423	371.0,274.0,556.0,373.0	54.0,1543.0,73.0,1543.0
000054	1547	134	TP	0.7640258001703785	0.0	8.970790850480746	0.1386253076926755	376.0,282.0,562.0,381.0	54.0,1547.0,73.0,1547.0
000054	1550	135	TP	0.7716191631291692	0.0	7.536063304887371	0.10078268954577389	379.0,284.0,565.0,383.0	54.0,1550.0,73.0,1550.0
000054	1557	136	TP	0.7846041767848471	0.0	8.64319266940778	0.1317809986238741	379.0,280.0,565.0,379.0	54.0,1557.0,73.0,1557.0
000054	1559	137	TP	0.7744324389947796	0.0	10.163748143765483	0.14105817003690693	379.0,278.0,565.0,377.0	54.0,1559.0,73.0,1559.0
000054	1568	138	TP	0.7605174081237911	0.0	10.54464432033712	0.14349667934484572	370.0,279.0,556.0,378.0	54.0,1568.0,73.0,1568.0
000054	1573	139	TP	0.7815247500903288	0.0	13.24178564950229	0.1893935010194895	358.0,278.0,545.0,378.0	54.0,1573.0,73.0,1573.0
000054	1580	140	TP	0.7734786775275515	0.0	8.872109832605217	0.14279515244379362	348.0,277.0,535.0,378.0	54.0,1580.0,73.0,1580.0
000054	1585	141	TP	0.776824034334764	0.0	9.803282775781069	0.1348921409658098	345.0,280.0,532.0,381.0	54.0,1585.0,73.0,1585.0
000054	1595	142	TP	0.7568818224964404	0.0	10.329063511462962	0.13584005218478326	357.0,272.0,545.0,375.0	54.0,1595.0,73.0,1595.0
000054	1597	143	TP	0.7582156839482738	0.0	10.459548538234108	0.14398242920507312	360.0,270.0,548.0,373.0	54.0,1597.0,73.0,1597.0
000054	1605	144	TP	0.7715778226285172	0.0	9.738641361458432	0.1420233663527585	373.0,266.0,562.0,369.0	54.0,1605.0,73.0,1605.0
000054	1613	145	TP	0.7521661721068249	0.0	11.618636421511807	0.16504376684570282	378.0,270.0,567.0,372.0	54.0,1613.0,73.0,1613.0
000054	1619	146	TP	0.7553820676602792	0.0	11.657288271275874	0.1571906253617734	381.0,274.0,571.0,376.0	54.0,1619.0,73.0,1619.0
000054	1625	147	TP	0.7722491431272899	0.0	12.736821853695426	0.16977686617179846	388.0,275.0,578.0,376.0	54.0,1625.0,73.0,1625.0
000054	1663	148	TP	0.7564375147649421	0.0	14.558272489437151	0.21649825431019248	384.0,261.0,574.0,363.0	54.0,1663.0,73.0,1663.0
000054	1844	149	TP	0.7067080888275227	0.0	12.50771481955273	0.1390630545831659	379.0,246.0,575.0,341.0	54.0,1844.0,73.0,1844.0
