#  Index into NumPy file "pose_data_ycbv-11-epos.npz".
#  Created at  6:52PM EDT on Sep 11, 2023
#    DATASET:   ycbv
#    OBJECT:    11
#    ESTIMATOR: epos
#  The errors reported in this file have taken discrete and continuous object symmetries into account.
#  Bounding boxes are recorded in pixel coordinates as ((upper-left x, y), (lower-right x, y)) with the origin in the upper-left.
#
#  When a row is marked as a TP, it does not necessarily mean that the bounding boxes overlap.
#  For each ground-truth instance, the prediction best overlapping that instance belongs to that ground-truth.
#  All TPs are in the corresponding *.npz file.
#
#  When a row is marked as a FN, it means that there is a ground-truth but the predictor failed to make a prediction at all.
#  FNs are NOT recorded in the *.npz at all.
#
#  When a row is marked as a FP, it means the predictor hallucinated; there is no corresponding ground-truth instance.
#  FPs are NOT recorded in the *.npz at all.
#
#  Scene  <t>  Frame  <t>  Index  <t>  Error cat.  <t>  Visibility ratio  <t>  Score  <t>  R_err(degrees)  <t>  t_err(meters)  <t>  Gr.Tr.BBox  <t>  Pred.BBox
000052	1	0	TP	0.9648210082992692	0.0	2.17529259216561	0.0013288139876548796	247.0,77.0,459.0,357.0	52.0,1.0,63.0,1.0
000052	21	1	TP	0.9733108273398894	0.0	2.040562603577039	0.0013244886893300145	236.0,81.0,450.0,363.0	52.0,21.0,63.0,21.0
000052	34	2	TP	0.9686322787147605	0.0	1.603476053971309	0.0054290284931200064	246.0,78.0,458.0,359.0	52.0,34.0,63.0,34.0
000052	39	3	TP	0.9675382338431179	0.0	1.7215241800302816	0.005031237850386616	253.0,81.0,466.0,362.0	52.0,39.0,63.0,39.0
000052	48	4	TP	0.9675721100373217	0.0	1.720068506219145	0.0036996512538134915	258.0,113.0,471.0,393.0	52.0,48.0,63.0,48.0
000052	52	5	TP	0.9569097958885069	0.0	1.4999168906943956	0.004330687750278129	250.0,106.0,464.0,389.0	52.0,52.0,63.0,52.0
000052	57	6	TP	0.9628259081894258	0.0	2.0293884078446784	0.001147065863358559	259.0,87.0,475.0,370.0	52.0,57.0,63.0,57.0
000052	61	7	TP	0.9585203677476656	0.0	2.0741099955941316	0.0021161183892663186	264.0,80.0,479.0,365.0	52.0,61.0,63.0,61.0
000052	65	8	TP	0.9559226662819218	0.0	1.9514522474118217	0.000746830569154399	258.0,82.0,471.0,367.0	52.0,65.0,63.0,65.0
000052	71	9	TP	0.952614732991601	0.0	1.597519113108304	0.0021688256799684527	257.0,72.0,470.0,357.0	52.0,71.0,63.0,71.0
000052	80	10	TP	0.9539895725715384	0.0	1.6615928120045076	0.005601670661260187	234.0,85.0,447.0,371.0	52.0,80.0,63.0,80.0
000052	81	11	TP	0.9434292986289529	0.0	1.9483914104848712	0.004244702914864865	233.0,84.0,447.0,370.0	52.0,81.0,63.0,81.0
000052	84	12	TP	0.9511751036151506	0.0	2.1413264684379834	0.0027651083036152025	230.0,78.0,443.0,364.0	52.0,84.0,63.0,84.0
000052	88	13	TP	0.9554763385807934	0.0	2.8754084840287275	0.0026939478461164065	229.0,71.0,442.0,358.0	52.0,88.0,63.0,88.0
000052	92	14	TP	0.9469195671388644	0.0	2.6646332507302444	0.007267727571139776	215.0,78.0,428.0,365.0	52.0,92.0,63.0,92.0
000052	97	15	TP	0.9504559198152512	0.0	2.5378975552527545	0.00170108990462757	197.0,92.0,411.0,380.0	52.0,97.0,63.0,97.0
000052	98	16	TP	0.9443942563712439	0.0	1.8274669216862567	0.005467269449061108	194.0,92.0,409.0,380.0	52.0,98.0,63.0,98.0
000052	114	17	TP	0.9457118515713745	0.0	1.3480372095775093	0.003805501647005284	161.0,102.0,376.0,391.0	52.0,114.0,63.0,114.0
000052	116	18	TP	0.9480016986740905	0.0	1.6341625621835945	0.0029643899305558333	151.0,100.0,367.0,390.0	52.0,116.0,63.0,116.0
000052	121	19	TP	0.9435302474251214	0.0	1.4662623443696061	0.004964030316287169	142.0,95.0,359.0,385.0	52.0,121.0,63.0,121.0
000052	127	20	TP	0.9419929415665932	0.0	0.8042142723522098	0.006420489268440047	123.0,80.0,341.0,369.0	52.0,127.0,63.0,127.0
000052	132	21	TP	0.9507676145452809	0.0	0.8517791607815979	0.005456463024947405	109.0,74.0,327.0,362.0	52.0,132.0,63.0,132.0
000052	136	22	TP	0.9407850323078407	0.0	2.2474219857412576	0.005417317102903875	94.0,75.0,312.0,362.0	52.0,136.0,63.0,136.0
000052	143	23	TP	0.9413057655612184	0.0	2.2530221799610888	0.004732905419353264	82.0,65.0,300.0,352.0	52.0,143.0,63.0,143.0
000052	150	24	TP	0.9497246359074777	0.0	1.7680689275737276	0.005297609775460869	102.0,56.0,319.0,340.0	52.0,150.0,63.0,150.0
000052	156	25	TP	0.945714566059952	0.0	2.01057730638094	0.0059817213971888	108.0,47.0,324.0,332.0	52.0,156.0,63.0,156.0
000052	164	26	TP	0.948769079271295	0.0	2.61032599713487	0.0019338815850487288	112.0,36.0,328.0,320.0	52.0,164.0,63.0,164.0
000052	165	27	TP	0.948395201615883	0.0	1.8599513519818183	0.0024072243888050558	113.0,35.0,329.0,319.0	52.0,165.0,63.0,165.0
000052	167	28	TP	0.9464008477291209	0.0	2.261521194705062	0.002211807048821831	115.0,33.0,331.0,317.0	52.0,167.0,63.0,167.0
000052	169	29	TP	0.9518824836439945	0.0	2.4785003601287974	0.0010530516003738545	117.0,32.0,333.0,315.0	52.0,169.0,63.0,169.0
000052	170	30	TP	0.9423029404497159	0.0	2.1835494557730257	0.0024948044208097982	118.0,30.0,334.0,313.0	52.0,170.0,63.0,170.0
000052	171	31	TP	0.9480342978576194	0.0	2.3745650416336654	0.0007653490362782264	119.0,29.0,335.0,313.0	52.0,171.0,63.0,171.0
000052	173	32	TP	0.9504774155246624	0.0	1.9670048882147606	0.0012995972321189631	120.0,29.0,335.0,312.0	52.0,173.0,63.0,173.0
000052	175	33	TP	0.9494799405646359	0.0	2.6493813438719203	0.001776942081171498	120.0,30.0,336.0,313.0	52.0,175.0,63.0,175.0
000052	259	34	TP	0.9553569413410974	0.0	1.9343605575531122	0.0017712853387694212	98.0,54.0,324.0,350.0	52.0,259.0,63.0,259.0
000052	388	35	TP	0.9571437380526608	0.0	1.7313618564580378	0.0031192055878290943	176.0,85.0,408.0,396.0	52.0,388.0,63.0,388.0
000052	516	36	TP	0.972599581115616	0.0	1.0946464383911112	0.0015000224402380333	90.0,8.0,331.0,329.0	52.0,516.0,63.0,516.0
000052	520	37	TP	0.9712612785563448	0.0	1.3534305405650346	0.007321049592769358	95.0,6.0,336.0,327.0	52.0,520.0,63.0,520.0
000052	524	38	TP	0.9699747216486888	0.0	1.5934941543898038	0.002641099812141377	112.0,4.0,352.0,324.0	52.0,524.0,63.0,524.0
000052	526	39	TP	0.970841809551487	0.0	1.3024515398236907	0.0021847647557377723	127.0,7.0,366.0,326.0	52.0,526.0,63.0,526.0
000052	527	40	TP	0.9714750794512054	0.0	1.4393360073648707	0.001197558841882986	130.0,9.0,369.0,329.0	52.0,527.0,63.0,527.0
000052	532	41	TP	0.9722513699428704	0.0	1.4482168844591325	0.0016958067118032515	132.0,20.0,370.0,339.0	52.0,532.0,63.0,532.0
000052	537	42	TP	0.9759510361521658	0.0	1.7737588009665366	0.00218992595418066	125.0,22.0,360.0,340.0	52.0,537.0,63.0,537.0
000052	539	43	TP	0.978971315529179	0.0	1.2899927361878225	0.002119758334659986	123.0,21.0,357.0,338.0	52.0,539.0,63.0,539.0
000052	543	44	TP	0.9791060353651928	0.0	1.7318721874720484	0.0023354957717840836	106.0,19.0,340.0,333.0	52.0,543.0,63.0,543.0
000052	544	45	TP	0.9812411847672778	0.0	1.577207110159915	0.002375366548383509	105.0,20.0,338.0,333.0	52.0,544.0,63.0,544.0
000052	550	46	TP	0.9769025945879002	0.0	1.130178660443348	0.001989386201623229	98.0,36.0,328.0,345.0	52.0,550.0,63.0,550.0
000052	556	47	TP	0.9779301297107429	0.0	1.6891771468275822	0.00045824131022731803	99.0,41.0,326.0,347.0	52.0,556.0,63.0,556.0
000052	561	48	TP	0.9817456036249865	0.0	1.5364108754820007	0.00041209670740826806	97.0,42.0,322.0,345.0	52.0,561.0,63.0,561.0
000052	567	49	TP	0.9797930989039952	0.0	1.6091957064798736	0.0016749454071661382	100.0,46.0,322.0,346.0	52.0,567.0,63.0,567.0
000052	574	50	TP	0.9772600228070568	0.0	1.4786217865907003	0.002524163291483652	110.0,52.0,330.0,350.0	52.0,574.0,63.0,574.0
000052	575	51	TP	0.9823236849180034	0.0	1.208767801006274	0.0008454400700712043	111.0,53.0,330.0,350.0	52.0,575.0,63.0,575.0
000052	582	52	TP	0.9810825612705947	0.0	1.4578839968135344	0.0022363744723911494	120.0,64.0,336.0,358.0	52.0,582.0,63.0,582.0
000052	587	53	TP	0.9828357695220175	0.0	1.2943338137661802	0.000519816788974862	126.0,57.0,342.0,351.0	52.0,587.0,63.0,587.0
000052	589	54	TP	0.9831569259088817	0.0	1.562582029200699	0.0005651513614533182	131.0,57.0,346.0,350.0	52.0,589.0,63.0,589.0
000052	593	55	TP	0.9805396149574231	0.0	1.298124209962789	0.0008050310351175871	133.0,62.0,347.0,354.0	52.0,593.0,63.0,593.0
000052	594	56	TP	0.9797740820634148	0.0	1.4107854239510484	0.0023125266937175067	130.0,63.0,344.0,355.0	52.0,594.0,63.0,594.0
000052	604	57	TP	0.9764177693761815	0.0	1.7254704252210131	0.0036110011698613875	120.0,65.0,333.0,354.0	52.0,604.0,63.0,604.0
000052	608	58	TP	0.980009355227849	0.0	1.181741213578288	0.0009806250582816416	114.0,88.0,320.0,371.0	52.0,608.0,63.0,608.0
000052	622	59	TP	0.9797051170858629	0.0	1.691169515313237	0.0026639566756058524	119.0,95.0,325.0,377.0	52.0,622.0,63.0,622.0
000052	625	60	TP	0.9832313280589142	0.0	1.9650065420081362	0.003255796095094613	124.0,102.0,329.0,384.0	52.0,625.0,63.0,625.0
000052	632	61	TP	0.9816817864619679	0.0	1.3066108189034809	0.0012383820272661653	134.0,110.0,339.0,392.0	52.0,632.0,63.0,632.0
000052	638	62	TP	0.9782404663110057	0.0	0.9351006263253697	0.0032542438903539173	138.0,126.0,342.0,410.0	52.0,638.0,63.0,638.0
000052	643	63	TP	0.9847307924984876	0.0	1.09037310070303	0.0037605493622692825	121.0,120.0,328.0,406.0	52.0,643.0,63.0,643.0
000052	650	64	TP	0.9848938326302642	0.0	0.6049533116011221	0.002454715549990101	91.0,117.0,301.0,406.0	52.0,650.0,63.0,650.0
000052	653	65	TP	0.979241773634297	0.0	1.0171420290383804	0.0009953944366827307	83.0,115.0,297.0,408.0	52.0,653.0,63.0,653.0
000052	656	66	TP	0.9813140580942578	0.0	0.614646088210349	0.0023808628153861922	91.0,99.0,308.0,396.0	52.0,656.0,63.0,656.0
000052	662	67	TP	0.9912437415911246	0.0	0.8543661751401503	0.0013045789292433787	132.0,93.0,350.0,393.0	52.0,662.0,63.0,662.0
000052	666	68	TP	0.9785575048732943	0.0	1.1944419630370624	0.0023255980131391377	149.0,90.0,369.0,393.0	52.0,666.0,63.0,666.0
000052	669	69	TP	0.9829312360505899	0.0	1.0072091836681332	0.004511792111563813	170.0,85.0,392.0,392.0	52.0,669.0,63.0,669.0
000052	678	70	TP	0.9862146282724688	0.0	1.2333596922149586	0.000536007543644887	192.0,80.0,417.0,390.0	52.0,678.0,63.0,678.0
000052	688	71	TP	0.9810350170436938	0.0	1.0752441327532951	0.0026693116307115084	151.0,86.0,377.0,397.0	52.0,688.0,63.0,688.0
000052	742	72	TP	0.9817574843850958	0.0	1.408917582829741	0.0031177557233658146	62.0,29.0,278.0,332.0	52.0,742.0,63.0,742.0
000052	820	73	TP	0.9802429910724274	0.0	1.8678846785221155	0.00317775178430931	124.0,36.0,326.0,336.0	52.0,820.0,63.0,820.0
000052	886	74	TP	0.9948381327859858	0.0	0.4601715278403562	0.003440357443661978	152.0,48.0,355.0,365.0	52.0,886.0,63.0,886.0
000056	1	75	TP	0.9989091117873342	0.0	1.5817931084812649	0.003437496371603784	226.0,69.0,513.0,439.0	56.0,1.0,67.0,1.0
000056	24	76	TP	0.9994800543054392	0.0	2.305468999217848	0.0043442390917190375	239.0,76.0,524.0,445.0	56.0,24.0,67.0,24.0
000056	32	77	TP	0.999579758868537	0.0	2.136491715191352	0.0032810206133989774	252.0,80.0,537.0,448.0	56.0,32.0,67.0,32.0
000056	39	78	TP	0.9985085756897838	0.0	3.0247509398748327	0.0042317142874208616	260.0,83.0,543.0,450.0	56.0,39.0,67.0,39.0
000056	46	79	TP	0.9986514722662675	0.0	2.0833652349119025	0.003939740398196393	262.0,86.0,544.0,450.0	56.0,46.0,67.0,46.0
000056	53	80	TP	0.9989006581195311	0.0	3.066088122276287	0.005295235871877934	265.0,81.0,547.0,444.0	56.0,53.0,67.0,53.0
000056	62	81	TP	0.9993132688403201	0.0	2.5882145582001006	0.005263725214660938	268.0,83.0,549.0,445.0	56.0,62.0,67.0,62.0
000056	75	82	TP	0.9989428696558286	0.0	2.4794834829775305	0.004823454277076504	258.0,81.0,537.0,442.0	56.0,75.0,67.0,75.0
000056	85	83	TP	0.9991458727350375	0.0	1.7981344105402237	0.00713058762893353	264.0,84.0,541.0,443.0	56.0,85.0,67.0,85.0
000056	98	84	TP	0.998837547224644	0.0	2.367797688390182	0.004164889922032235	270.0,73.0,546.0,431.0	56.0,98.0,67.0,98.0
000056	104	85	TP	0.9979567252710388	0.0	2.009026109516339	0.0035290857402551974	283.0,70.0,561.0,428.0	56.0,104.0,67.0,104.0
000056	107	86	TP	0.9980356925325862	0.0	2.756224411673726	0.00472211006677982	288.0,67.0,566.0,426.0	56.0,107.0,67.0,107.0
000056	116	87	TP	0.9984184674341154	0.0	3.791720792698857	0.00545973576667008	297.0,62.0,574.0,421.0	56.0,116.0,67.0,116.0
000056	119	88	TP	0.9982537127585265	0.0	1.9599585174511993	0.004762143219036463	303.0,61.0,581.0,420.0	56.0,119.0,67.0,119.0
000056	128	89	TP	0.9986301578362582	0.0	2.825118864022698	0.006384120599318552	308.0,62.0,585.0,421.0	56.0,128.0,67.0,128.0
000056	132	90	TP	0.9985043419867833	0.0	1.3745772912630378	0.0040532907493256685	309.0,58.0,586.0,416.0	56.0,132.0,67.0,132.0
000056	140	91	TP	0.9980949768349183	0.0	2.342802809328628	0.004246905819265788	316.0,62.0,593.0,420.0	56.0,140.0,67.0,140.0
000056	143	92	TP	0.9967724746898075	0.0	2.188404551201133	0.0074402697054010945	322.0,66.0,600.0,424.0	56.0,143.0,67.0,143.0
000056	254	93	TP	0.9985716779609909	0.0	2.099241899213762	0.006311594902615391	302.0,76.0,564.0,427.0	56.0,254.0,67.0,254.0
000056	357	94	TP	0.9968482207697894	0.0	2.6016528602669315	0.005756622157638525	275.0,71.0,538.0,439.0	56.0,357.0,67.0,357.0
000056	498	95	TP	0.9963674983453648	0.0	1.3514333224729198	0.0024184774388223583	276.0,62.0,516.0,420.0	56.0,498.0,67.0,498.0
000056	515	96	TP	0.9967455044468108	0.0	1.990982934572213	0.004164930946236417	284.0,52.0,527.0,414.0	56.0,515.0,67.0,515.0
000056	517	97	TP	0.995383236216943	0.0	1.6526223297917504	0.004519697915412733	284.0,51.0,527.0,414.0	56.0,517.0,67.0,517.0
000056	522	98	TP	0.9949323566783765	0.0	1.7512928085265553	0.004172954225770034	277.0,50.0,520.0,413.0	56.0,522.0,67.0,522.0
000056	527	99	TP	0.9970376133337323	0.0	0.8476692200181748	0.0019582186468095827	294.0,52.0,537.0,415.0	56.0,527.0,67.0,527.0
000056	535	100	TP	0.9954444699228006	0.0	1.6053367660873399	0.0036076381641627292	317.0,69.0,556.0,428.0	56.0,535.0,67.0,535.0
000056	538	101	TP	0.9975109854653843	0.0	1.8531279639047449	0.004627126840137182	316.0,75.0,555.0,433.0	56.0,538.0,67.0,538.0
000056	551	102	TP	0.9961701928915043	0.0	1.3115494200531834	0.003497668147606354	318.0,76.0,554.0,432.0	56.0,551.0,67.0,551.0
000056	553	103	TP	0.995614103544616	0.0	1.652093590457173	0.002049319877310995	320.0,74.0,557.0,429.0	56.0,553.0,67.0,553.0
000056	559	104	TP	0.995961468956739	0.0	1.6924149314362567	0.003104478449085479	334.0,66.0,569.0,420.0	56.0,559.0,67.0,559.0
000056	563	105	TP	0.9952571419537414	0.0	1.1827963889872906	0.003490844685180162	341.0,62.0,575.0,414.0	56.0,563.0,67.0,563.0
000056	567	106	TP	0.9942046426196283	0.0	1.5516979326408447	0.0024496287039734153	349.0,60.0,584.0,412.0	56.0,567.0,67.0,567.0
000056	570	107	TP	0.995568989254799	0.0	1.3307430144491101	0.002718440735285731	356.0,58.0,591.0,410.0	56.0,570.0,67.0,570.0
000056	575	108	TP	0.9956595434600092	0.0	1.160000674940904	0.0019673675073275136	363.0,64.0,598.0,416.0	56.0,575.0,67.0,575.0
000056	578	109	TP	0.9953720638050859	0.0	0.8090545997328031	0.0021170430032183517	364.0,67.0,599.0,418.0	56.0,578.0,67.0,578.0
000056	587	110	TP	0.995463571347852	0.0	1.4436554996734536	0.0042231764513662	367.0,74.0,598.0,423.0	56.0,587.0,67.0,587.0
000056	589	111	TP	0.9950731707317073	0.0	1.2870458845424841	0.0029719802631508895	362.0,77.0,593.0,425.0	56.0,589.0,67.0,589.0
000056	596	112	TP	0.9933882111805349	0.0	0.9532976542454097	0.0012626256295750304	365.0,77.0,593.0,423.0	56.0,596.0,67.0,596.0
000056	598	113	TP	0.9946239235402459	0.0	1.63156808707409	0.0027204634867813715	370.0,75.0,598.0,420.0	56.0,598.0,67.0,598.0
000056	601	114	TP	0.9903370335696134	0.0	1.2911118273006263	0.0032459996833414397	373.0,76.0,601.0,419.0	56.0,601.0,67.0,601.0
000056	603	115	TP	0.9914857171645927	0.0	1.3558765949840461	0.002858813627169215	373.0,76.0,600.0,419.0	56.0,603.0,67.0,603.0
000056	604	116	TP	0.9929322675641565	0.0	1.3316685064476486	0.0034739748022267402	371.0,76.0,598.0,419.0	56.0,604.0,67.0,604.0
000056	608	117	TP	0.9935974729548427	0.0	1.4858070071621872	0.003193417242420631	364.0,75.0,589.0,416.0	56.0,608.0,67.0,608.0
000056	628	118	TP	0.9900727766976928	0.0	1.211380561405937	0.0021995445686069106	343.0,66.0,565.0,405.0	56.0,628.0,67.0,628.0
000056	631	119	TP	0.9904575567226169	0.0	1.3224390068076826	0.0019625651845781443	349.0,64.0,571.0,404.0	56.0,631.0,67.0,631.0
000056	634	120	TP	0.9890513454146074	0.0	1.1205189053241458	0.002674692742032338	352.0,63.0,574.0,402.0	56.0,634.0,67.0,634.0
000056	644	121	TP	0.9903568977350721	0.0	1.117749639476106	0.0018111450496289892	358.0,65.0,578.0,405.0	56.0,644.0,67.0,644.0
000056	653	122	TP	0.9919106053335162	0.0	1.2972016222914646	0.003279794808866306	359.0,68.0,579.0,408.0	56.0,653.0,67.0,653.0
000056	753	123	TP	0.991688287476502	0.0	1.236327367001236	0.0054631498176810145	367.0,65.0,592.0,426.0	56.0,753.0,67.0,753.0
000056	956	124	TP	0.9859498787388844	0.0	1.7351423664110777	0.00616067432360168	343.0,29.0,546.0,392.0	56.0,956.0,67.0,956.0
000056	1025	125	TP	0.9810822473461638	0.0	1.6078774692696052	0.004028440701590866	341.0,19.0,539.0,373.0	56.0,1025.0,67.0,1025.0
000056	1028	126	TP	0.9802287298561775	0.0	1.7631864847852623	0.004290772621328497	336.0,24.0,533.0,377.0	56.0,1028.0,67.0,1028.0
000056	1036	127	TP	0.983657198080972	0.0	1.4658053521632304	0.004897097194716965	327.0,24.0,525.0,378.0	56.0,1036.0,67.0,1036.0
000056	1037	128	TP	0.981371704290884	0.0	1.501159373521207	0.0071106025067095594	327.0,23.0,525.0,377.0	56.0,1037.0,67.0,1037.0
000056	1044	129	TP	0.9792578104894745	0.0	1.6948661378553482	0.003764711120864025	332.0,24.0,531.0,379.0	56.0,1044.0,67.0,1044.0
000056	1046	130	TP	0.9778346706988092	0.0	1.3084528143308767	0.002324155154902154	337.0,28.0,536.0,383.0	56.0,1046.0,67.0,1046.0
000056	1047	131	TP	0.9788486360898374	0.0	1.5732810731898703	0.0024527910455433947	339.0,31.0,538.0,385.0	56.0,1047.0,67.0,1047.0
000056	1048	132	TP	0.9779916995298696	0.0	1.3957671325201635	0.0037340296411820344	342.0,33.0,540.0,387.0	56.0,1048.0,67.0,1048.0
000056	1049	133	TP	0.9810630885447208	0.0	1.0785766757289033	0.0030758673881192376	343.0,35.0,541.0,389.0	56.0,1049.0,67.0,1049.0
000056	1054	134	TP	0.9828426290690442	0.0	1.3221434699229853	0.003723422822970773	354.0,34.0,552.0,388.0	56.0,1054.0,67.0,1054.0
000056	1062	135	TP	0.9791053664004483	0.0	1.0229786616096963	0.0048380729456396826	372.0,36.0,569.0,387.0	56.0,1062.0,67.0,1062.0
000056	1064	136	TP	0.9822258200760242	0.0	1.0448323875999272	0.003472097853070056	376.0,36.0,572.0,386.0	56.0,1064.0,67.0,1064.0
000056	1070	137	TP	0.983093479940351	0.0	1.1213591253278545	0.0024169062917218384	377.0,43.0,571.0,389.0	56.0,1070.0,67.0,1070.0
000056	1071	138	TP	0.9819136838685222	0.0	1.3645115260988396	0.0038611889535300936	377.0,45.0,570.0,391.0	56.0,1071.0,67.0,1071.0
000056	1078	139	TP	0.9833918993896801	0.0	1.3026868813274206	0.006661113994876558	374.0,53.0,565.0,395.0	56.0,1078.0,67.0,1078.0
000056	1087	140	TP	0.9860114845147322	0.0	1.3600147797263418	0.004899389925063293	380.0,50.0,570.0,388.0	56.0,1087.0,67.0,1087.0
000056	1097	141	TP	0.9807257313387443	0.0	0.8744366648317814	0.005318189640445067	372.0,37.0,560.0,374.0	56.0,1097.0,67.0,1097.0
000056	1108	142	TP	0.9820590143909608	0.0	0.8728164760148961	0.001784167458278432	387.0,33.0,575.0,370.0	56.0,1108.0,67.0,1108.0
000056	1116	143	TP	0.979926267636897	0.0	0.5999830227824574	0.002011459848159537	388.0,39.0,575.0,373.0	56.0,1116.0,67.0,1116.0
000056	1124	144	TP	0.97991819244254	0.0	0.9314998810367755	0.00692847804761561	397.0,37.0,584.0,370.0	56.0,1124.0,67.0,1124.0
000056	1135	145	TP	0.9785010809512371	0.0	0.27713165010235413	0.002132425730832053	364.0,33.0,547.0,362.0	56.0,1135.0,67.0,1135.0
000056	1146	146	TP	0.9777822257806245	0.0	0.6555544714974387	0.0011986576057553013	369.0,39.0,552.0,368.0	56.0,1146.0,67.0,1146.0
000056	1158	147	TP	0.9727781904322165	0.0	0.5081620854421779	0.00442234315592927	382.0,33.0,565.0,362.0	56.0,1158.0,67.0,1158.0
000056	1171	148	TP	0.9748256610564633	0.0	0.5262446355602128	0.005211967070903825	384.0,45.0,565.0,370.0	56.0,1171.0,67.0,1171.0
000056	1202	149	TP	0.9669189556935114	0.0	0.8943957204239072	0.004376074755320717	380.0,40.0,557.0,358.0	56.0,1202.0,67.0,1202.0
000058	30	150	TP	0.9946926959619953	0.0	0.9452405961582355	0.002837508677191989	152.0,102.0,362.0,432.0	58.0,30.0,69.0,30.0
000058	77	151	TP	0.9980358683481102	0.0	1.214325540360367	0.0020006792908671034	126.0,93.0,341.0,424.0	58.0,77.0,69.0,77.0
000058	86	152	TP	0.997188447073429	0.0	1.1278235874625528	0.003911244177416731	121.0,94.0,338.0,424.0	58.0,86.0,69.0,86.0
000058	94	153	TP	0.9972112058818203	0.0	1.3411489905094809	0.002730583974480411	100.0,90.0,320.0,422.0	58.0,94.0,69.0,94.0
000058	102	154	TP	0.9969642986984658	0.0	1.280476782151767	0.0018362977618839058	96.0,89.0,316.0,420.0	58.0,102.0,69.0,102.0
000058	103	155	TP	0.9970148710387885	0.0	0.9328446983993632	0.0015769113227524585	94.0,90.0,315.0,421.0	58.0,103.0,69.0,103.0
000058	107	156	TP	0.9982982928034254	0.0	1.1571476745325446	0.004285718611342603	94.0,95.0,315.0,425.0	58.0,107.0,69.0,107.0
000058	114	157	TP	0.9981586845642527	0.0	1.8595672103521823	0.0036391378963322534	95.0,88.0,316.0,417.0	58.0,114.0,69.0,114.0
000058	116	158	TP	0.9983566601425459	0.0	0.5997225497577585	0.006184937108890045	90.0,94.0,311.0,422.0	58.0,116.0,69.0,116.0
000058	121	159	TP	0.9978368701749152	0.0	1.1734769147398694	0.0036512852182797838	97.0,88.0,317.0,414.0	58.0,121.0,69.0,121.0
000058	124	160	TP	0.9984418120036795	0.0	1.4895038961157976	0.0016586859406010016	104.0,90.0,325.0,416.0	58.0,124.0,69.0,124.0
000058	135	161	TP	0.9979575626914785	0.0	1.6597465079093536	0.0020045946870744726	118.0,81.0,338.0,406.0	58.0,135.0,69.0,135.0
000058	137	162	TP	0.9980322037425972	0.0	1.371471222267943	0.0016333941776997048	121.0,79.0,341.0,404.0	58.0,137.0,69.0,137.0
000058	154	163	TP	0.9991879898026627	0.0	1.836694467311816	0.0013180416080260217	121.0,66.0,346.0,391.0	58.0,154.0,69.0,154.0
000058	163	164	TP	0.9981899245484338	0.0	1.4120357706988569	0.0022238227509058955	124.0,78.0,348.0,401.0	58.0,163.0,69.0,163.0
000058	215	165	TP	0.998636074885094	0.0	1.3769080402976823	0.001686790009275623	121.0,63.0,349.0,389.0	58.0,215.0,69.0,215.0
000058	319	166	TP	0.9989535086529331	0.0	1.2418364024073392	0.0033746010441525497	71.0,95.0,307.0,414.0	58.0,319.0,69.0,319.0
000058	444	167	TP	0.9986885386881087	0.0	0.871638374197505	0.007836259431057561	159.0,117.0,385.0,420.0	58.0,444.0,69.0,444.0
000058	516	168	TP	0.9995006513243595	0.0	0.8221582889343279	0.003302519512370063	135.0,115.0,362.0,416.0	58.0,516.0,69.0,516.0
000058	519	169	TP	0.9972476865396701	0.0	1.002899682829157	0.005253104740328557	137.0,110.0,364.0,411.0	58.0,519.0,69.0,519.0
000058	529	170	TP	0.997769693820103	0.0	0.8218746905278436	0.002650736902784448	131.0,117.0,359.0,417.0	58.0,529.0,69.0,529.0
000058	531	171	TP	0.9986112015276783	0.0	0.7474391696714274	0.0034677643719086162	133.0,120.0,361.0,420.0	58.0,531.0,69.0,531.0
000058	541	172	TP	0.9992152246419462	0.0	0.4510091836848104	0.002677268235388946	137.0,119.0,364.0,419.0	58.0,541.0,69.0,541.0
000058	553	173	TP	0.9994528103659605	0.0	0.7968587380557242	0.0020770260528314385	143.0,110.0,370.0,409.0	58.0,553.0,69.0,553.0
000058	561	174	TP	0.9992242563943438	0.0	1.291408030758624	0.002601551058648638	156.0,89.0,382.0,386.0	58.0,561.0,69.0,561.0
000058	562	175	TP	0.9981561292042476	0.0	1.3903105449338138	0.004338578397495524	158.0,87.0,384.0,384.0	58.0,562.0,69.0,562.0
000058	574	176	TP	0.9967073363252972	0.0	0.9591715546380408	0.001371571182060395	171.0,76.0,395.0,371.0	58.0,574.0,69.0,574.0
000058	576	177	TP	0.9987575956086652	0.0	0.925388720539352	0.0018600785969061407	171.0,78.0,395.0,372.0	58.0,576.0,69.0,576.0
000058	583	178	TP	0.9968429181429999	0.0	1.087053792974089	0.00369363982566396	173.0,68.0,397.0,362.0	58.0,583.0,69.0,583.0
000058	588	179	TP	0.9978843922746196	0.0	1.5562303028100173	0.0033724334449078287	177.0,70.0,401.0,364.0	58.0,588.0,69.0,588.0
000058	596	180	TP	0.9981073130686612	0.0	1.275084281249232	0.0035610067644221872	184.0,67.0,409.0,361.0	58.0,596.0,69.0,596.0
000058	603	181	TP	0.9974633789620421	0.0	1.5805958665347388	0.0036804360385191423	190.0,61.0,415.0,354.0	58.0,603.0,69.0,603.0
000058	610	182	TP	0.9964740360838905	0.0	2.3030030725150006	0.0032960965753072017	194.0,57.0,419.0,350.0	58.0,610.0,69.0,610.0
000058	617	183	TP	0.9967173224369864	0.0	2.221952779537025	0.003987615299592161	197.0,55.0,422.0,348.0	58.0,617.0,69.0,617.0
000058	631	184	TP	0.9977372462973121	0.0	2.6950250733747563	0.005944452510581678	195.0,39.0,421.0,332.0	58.0,631.0,69.0,631.0
000058	635	185	TP	0.9968578702323341	0.0	3.6263863281401973	0.005474261729873919	196.0,42.0,423.0,334.0	58.0,635.0,69.0,635.0
000058	642	186	TP	0.9964912280701754	0.0	2.99116219547362	0.006034198863686061	195.0,41.0,421.0,334.0	58.0,642.0,69.0,642.0
000058	646	187	TP	0.9983253808038172	0.0	2.773764224588478	0.0042982044191727685	195.0,42.0,421.0,335.0	58.0,646.0,69.0,646.0
000058	653	188	TP	0.9958112067386925	0.0	2.7797374726081734	0.004004980477777707	180.0,47.0,406.0,340.0	58.0,653.0,69.0,653.0
000058	655	189	TP	0.9987656014264161	0.0	2.015214625608258	0.005999784963265186	176.0,48.0,402.0,341.0	58.0,655.0,69.0,655.0
000058	660	190	TP	0.998030233623454	0.0	2.6055823162741536	0.001747174500464388	168.0,54.0,394.0,347.0	58.0,660.0,69.0,660.0
000058	662	191	TP	0.9989926509306531	0.0	2.8919574456899517	0.0022444696671198236	165.0,54.0,391.0,346.0	58.0,662.0,69.0,662.0
000058	670	192	TP	0.9982118704293803	0.0	2.36928421120686	0.003978089638737051	165.0,59.0,391.0,352.0	58.0,670.0,69.0,670.0
000058	677	193	TP	0.9981613422201793	0.0	2.1305252916076687	0.003831238973621307	174.0,69.0,400.0,361.0	58.0,677.0,69.0,677.0
000058	691	194	TP	0.9989457762295457	0.0	2.33685096747822	0.0018638805861360141	173.0,71.0,398.0,364.0	58.0,691.0,69.0,691.0
000058	826	195	TP	0.9976018647182752	0.0	3.9594265326975226	0.0040612372705595284	163.0,68.0,391.0,363.0	58.0,826.0,69.0,826.0
000058	940	196	TP	0.9803528914402688	0.0	6.9016979912684455	0.002604242991645158	195.0,53.0,421.0,348.0	58.0,940.0,69.0,940.0
000058	1035	197	TP	0.9720200859611047	0.0	6.068751623706285	0.0060958917197799735	201.0,121.0,429.0,424.0	58.0,1035.0,69.0,1035.0
000058	1036	198	TP	0.969899878834258	0.0	5.721989003348335	0.006595497646061697	201.0,122.0,429.0,425.0	58.0,1036.0,69.0,1036.0
000058	1051	199	TP	0.9688502448083741	0.0	6.541296003516862	0.010616023315591739	202.0,113.0,431.0,418.0	58.0,1051.0,69.0,1051.0
000058	1068	200	TP	0.9649893780980547	0.0	8.749813520356543	0.010949528228133375	196.0,113.0,427.0,419.0	58.0,1068.0,69.0,1068.0
000058	1072	201	TP	0.9651558543975428	0.0	6.630083583210863	0.011792074409380186	191.0,111.0,422.0,418.0	58.0,1072.0,69.0,1072.0
000058	1082	202	TP	0.9636569545969319	0.0	7.6400827876582715	0.010205919901412713	185.0,114.0,416.0,422.0	58.0,1082.0,69.0,1082.0
000058	1084	203	TP	0.9655278800468953	0.0	8.118203928267818	0.010155173691953193	184.0,112.0,416.0,420.0	58.0,1084.0,69.0,1084.0
000058	1094	204	TP	0.9596803783276937	0.0	7.192424694440485	0.006491081863958047	184.0,102.0,416.0,412.0	58.0,1094.0,69.0,1094.0
000058	1097	205	TP	0.9627182729250097	0.0	8.391461645677698	0.009302796703562275	184.0,101.0,416.0,410.0	58.0,1097.0,69.0,1097.0
000058	1113	206	TP	0.9596904550230341	0.0	6.603428504766564	0.005483754245416023	164.0,76.0,397.0,386.0	58.0,1113.0,69.0,1113.0
000058	1129	207	TP	0.9586625650923859	0.0	7.005951128184626	0.0061108747755463785	160.0,67.0,393.0,378.0	58.0,1129.0,69.0,1129.0
000058	1144	208	TP	0.9570158003573651	0.0	7.999550571925629	0.004958464539577745	157.0,66.0,388.0,377.0	58.0,1144.0,69.0,1144.0
000058	1146	209	TP	0.9546330883238945	0.0	6.545757287710212	0.008856872248328249	155.0,66.0,387.0,378.0	58.0,1146.0,69.0,1146.0
000058	1164	210	TP	0.9514467974483573	0.0	7.643702854467399	0.007164790993089592	157.0,68.0,388.0,380.0	58.0,1164.0,69.0,1164.0
000058	1167	211	TP	0.9506463923911523	0.0	7.810451786837079	0.00805459790994715	156.0,69.0,388.0,381.0	58.0,1167.0,69.0,1167.0
000058	1177	212	TP	0.9493559835706026	0.0	6.738457841562116	0.008466652229019846	144.0,64.0,375.0,377.0	58.0,1177.0,69.0,1177.0
000058	1180	213	TP	0.9526532889623976	0.0	6.177677669738259	0.00664032463492689	143.0,64.0,373.0,376.0	58.0,1180.0,69.0,1180.0
000058	1278	214	TP	0.9335384968269745	0.0	7.639678176766901	0.007203989625857974	122.0,52.0,355.0,371.0	58.0,1278.0,69.0,1278.0
000058	1511	215	TP	0.8992048466489966	0.0	19.04546227405342	0.020021835980450643	131.0,40.0,357.0,362.0	58.0,1511.0,69.0,1511.0
000058	1529	216	TP	0.8923653610771114	0.0	13.011131236150739	0.012793629267640945	117.0,51.0,340.0,372.0	58.0,1529.0,69.0,1529.0
000058	1549	217	TP	0.9001173505704008	0.0	13.650595652822505	0.027534878787308984	112.0,55.0,334.0,375.0	58.0,1549.0,69.0,1549.0
000058	1584	218	TP	0.8878905170030412	0.0	14.999217192085634	0.03671927507934434	115.0,93.0,332.0,408.0	58.0,1584.0,69.0,1584.0
000058	1599	219	TP	0.8891143874728904	0.0	13.561209886444287	0.0316966717991558	127.0,90.0,342.0,404.0	58.0,1599.0,69.0,1599.0
000058	1614	220	TP	0.8890964605680768	0.0	15.250542453030482	0.03251448544812334	140.0,85.0,354.0,398.0	58.0,1614.0,69.0,1614.0
000058	1639	221	TP	0.8874551675804923	0.0	18.08221635949546	0.03783534650575652	152.0,86.0,363.0,395.0	58.0,1639.0,69.0,1639.0
000058	1669	222	TP	0.8869055128043396	0.0	17.223147801030585	0.0313076554016801	156.0,81.0,365.0,387.0	58.0,1669.0,69.0,1669.0
000058	1672	223	TP	0.8904936863887833	0.0	23.31324988960908	0.029949356623305418	158.0,83.0,367.0,388.0	58.0,1672.0,69.0,1672.0
000058	1684	224	TP	0.8847782150835017	0.0	17.369590394187085	0.03302368054890081	157.0,74.0,365.0,379.0	58.0,1684.0,69.0,1684.0
