#  Index into NumPy file "pose_data_ycbv-6-epos.npz".
#  Created at  6:52PM EDT on Sep 11, 2023
#    DATASET:   ycbv
#    OBJECT:    6
#    ESTIMATOR: epos
#  The errors reported in this file have taken discrete and continuous object symmetries into account.
#  Bounding boxes are recorded in pixel coordinates as ((upper-left x, y), (lower-right x, y)) with the origin in the upper-left.
#
#  When a row is marked as a TP, it does not necessarily mean that the bounding boxes overlap.
#  For each ground-truth instance, the prediction best overlapping that instance belongs to that ground-truth.
#  All TPs are in the corresponding *.npz file.
#
#  When a row is marked as a FN, it means that there is a ground-truth but the predictor failed to make a prediction at all.
#  FNs are NOT recorded in the *.npz at all.
#
#  When a row is marked as a FP, it means the predictor hallucinated; there is no corresponding ground-truth instance.
#  FPs are NOT recorded in the *.npz at all.
#
#  Scene  <t>  Frame  <t>  Index  <t>  Error cat.  <t>  Visibility ratio  <t>  Score  <t>  R_err(degrees)  <t>  t_err(meters)  <t>  Gr.Tr.BBox  <t>  Pred.BBox
000048	1	0	TP	0.9974096796182685	0.0	3.769781034595401	0.02859997340008804	282.0,280.0,394.0,353.0	48.0,1.0,54.0,1.0
000048	36	1	TP	1.0	0.0	3.82466194508125	0.027363756569886096	260.0,277.0,373.0,350.0	48.0,36.0,54.0,36.0
000048	47	2	TP	1.0	0.0	4.46595848026981	0.03382086019818545	289.0,275.0,401.0,348.0	48.0,47.0,54.0,47.0
000048	83	3	TP	0.999438832772166	0.0	3.7408653277623825	0.037038350033617655	315.0,285.0,426.0,356.0	48.0,83.0,54.0,83.0
000048	112	4	TP	0.9988641204032372	0.0	3.2748568798934143	0.0436949190828672	327.0,272.0,438.0,343.0	48.0,112.0,54.0,112.0
000048	1024	5	TP	0.9935562521769419	0.0	10.136923821099176	0.013441322132559573	341.0,292.0,438.0,358.0	48.0,1024.0,54.0,1024.0
000048	1027	6	TP	1.0	0.0	12.243376886376149	0.0033357038838921845	352.0,298.0,450.0,364.0	48.0,1027.0,54.0,1027.0
000048	1059	7	TP	0.9987682562027098	0.0	12.772491129316357	0.009103895065184655	359.0,281.0,456.0,346.0	48.0,1059.0,54.0,1059.0
000048	1074	8	TP	0.9990877577084474	0.0	11.386452945225727	0.005262453269523328	338.0,310.0,433.0,374.0	48.0,1074.0,54.0,1074.0
000048	1075	9	TP	0.9994549418604651	0.0	12.455737664275086	0.004611190004576396	336.0,305.0,431.0,370.0	48.0,1075.0,54.0,1075.0
000048	1083	10	TP	0.9948444117105505	0.0	10.483464704498145	0.01715744538235533	344.0,304.0,438.0,368.0	48.0,1083.0,54.0,1083.0
000048	1087	11	TP	0.9992584352984798	0.0	14.695863284740383	0.005835101589189887	342.0,309.0,436.0,373.0	48.0,1087.0,54.0,1087.0
000048	1090	12	TP	0.9938028169014085	0.0	15.27599317203026	0.008062272792119582	336.0,308.0,430.0,372.0	48.0,1090.0,54.0,1090.0
000048	1094	13	TP	0.996565540927304	0.0	13.031513617201782	0.014933918902853824	326.0,307.0,420.0,370.0	48.0,1094.0,54.0,1094.0
000048	1097	14	TP	0.9978862413528056	0.0	12.70595187279749	0.013464109387048591	329.0,304.0,422.0,366.0	48.0,1097.0,54.0,1097.0
000048	1103	15	TP	1.0	0.0	14.678633494138326	0.006543283747213385	340.0,299.0,433.0,361.0	48.0,1103.0,54.0,1103.0
000048	1104	16	TP	0.9998083189572551	0.0	11.871729188646357	0.006142087987032036	339.0,297.0,432.0,360.0	48.0,1104.0,54.0,1104.0
000048	1107	17	TP	0.9984547034962333	0.0	12.00553196521555	0.009559966477205648	336.0,294.0,429.0,356.0	48.0,1107.0,54.0,1107.0
000048	1113	18	TP	0.9992239037640668	0.0	15.85301738974155	0.01154161708027792	347.0,301.0,440.0,363.0	48.0,1113.0,54.0,1113.0
000048	1119	19	TP	0.9929147805550088	0.0	12.031750524322407	0.0005329335475184912	352.0,297.0,444.0,359.0	48.0,1119.0,54.0,1119.0
000048	1120	20	TP	0.9976279897212887	0.0	12.234587543423547	0.008077719842729439	352.0,297.0,444.0,358.0	48.0,1120.0,54.0,1120.0
000048	1122	21	TP	0.9968216130313866	0.0	13.560297812217225	0.004648256466122149	353.0,296.0,444.0,358.0	48.0,1122.0,54.0,1122.0
000048	1124	22	TP	0.9975874547647768	0.0	13.75446650736666	0.002685577401100319	352.0,294.0,443.0,355.0	48.0,1124.0,54.0,1124.0
000048	1126	23	TP	0.9961436979906637	0.0	13.353654817335357	0.010653306839781723	351.0,295.0,442.0,355.0	48.0,1126.0,54.0,1126.0
000048	1128	24	TP	0.9989841527834213	0.0	12.545041953061578	0.022531346609453416	351.0,294.0,441.0,355.0	48.0,1128.0,54.0,1128.0
000048	1132	25	TP	0.9983566146261298	0.0	13.579571965511713	0.00252917862029212	349.0,300.0,439.0,360.0	48.0,1132.0,54.0,1132.0
000048	1133	26	TP	0.9962878944112188	0.0	11.644587433899124	0.0068572312012987816	348.0,300.0,438.0,360.0	48.0,1133.0,54.0,1133.0
000048	1137	27	TP	0.9882992060175512	0.0	13.641990938275681	0.01306367325186495	341.0,302.0,430.0,362.0	48.0,1137.0,54.0,1137.0
000048	1540	28	TP	0.9957081545064378	0.0	13.671585757556036	0.01560049979745189	328.0,314.0,423.0,379.0	48.0,1540.0,54.0,1540.0
000048	1542	29	TP	0.9958978183852322	0.0	10.346704955238149	0.011075709447065114	328.0,315.0,424.0,380.0	48.0,1542.0,54.0,1542.0
000048	1543	30	TP	0.9977645305514158	0.0	11.635333603502186	0.019067946916481365	327.0,318.0,422.0,383.0	48.0,1543.0,54.0,1543.0
000048	1568	31	TP	0.9986869255299193	0.0	9.70072130431531	0.013598759197961966	315.0,337.0,411.0,402.0	48.0,1568.0,54.0,1568.0
000048	1569	32	TP	0.9979334961487882	0.0	11.734708848359118	0.028301187862572765	314.0,337.0,410.0,402.0	48.0,1569.0,54.0,1569.0
000048	1571	33	TP	1.0	0.0	10.271311240778893	0.006934162515853008	317.0,340.0,412.0,405.0	48.0,1571.0,54.0,1571.0
000048	1572	34	TP	0.9969919157736417	0.0	11.224018659133367	0.009695420704919739	318.0,338.0,413.0,403.0	48.0,1572.0,54.0,1572.0
000048	1576	35	TP	1.0	0.0	10.650575888927763	0.02688047791465415	325.0,348.0,420.0,414.0	48.0,1576.0,54.0,1576.0
000048	1577	36	TP	0.9984942593638246	0.0	10.34245015635645	0.02000926808200381	323.0,350.0,419.0,415.0	48.0,1577.0,54.0,1577.0
000048	1579	37	TP	0.9981185324553151	0.0	12.132281768824523	0.03846210005477103	324.0,349.0,419.0,414.0	48.0,1579.0,54.0,1579.0
000048	1580	38	TP	0.9896324222431668	0.0	11.446734364168357	0.03294865961654105	323.0,349.0,418.0,414.0	48.0,1580.0,54.0,1580.0
000048	1583	39	TP	0.9994337485843715	0.0	12.688834651363878	0.033829783553508866	325.0,351.0,420.0,416.0	48.0,1583.0,54.0,1583.0
000048	1586	40	TP	0.999054462934947	0.0	9.351422751816342	0.03509796786105409	327.0,351.0,422.0,416.0	48.0,1586.0,54.0,1586.0
000048	1587	41	TP	0.9986772486772487	0.0	10.028404084539018	0.026560832761311316	326.0,350.0,421.0,415.0	48.0,1587.0,54.0,1587.0
000048	1588	42	TP	0.9996213555471413	0.0	12.599549489719776	0.038985370198646306	323.0,352.0,418.0,417.0	48.0,1588.0,54.0,1588.0
000048	1589	43	TP	0.9977345667358882	0.0	11.383247570524137	0.014644380924693227	323.0,353.0,418.0,418.0	48.0,1589.0,54.0,1589.0
000048	1597	44	TP	0.9994313874147082	0.0	11.529651271027776	0.03059210888303117	316.0,369.0,412.0,435.0	48.0,1597.0,54.0,1597.0
000048	1605	45	TP	0.9990474376071633	0.0	13.526907170196791	0.030007758768248356	330.0,354.0,425.0,419.0	48.0,1605.0,54.0,1605.0
000048	1608	46	TP	0.9979007633587786	0.0	11.04259873120206	0.01934657463547287	334.0,351.0,429.0,416.0	48.0,1608.0,54.0,1608.0
000048	1609	47	TP	0.9984700707592273	0.0	12.911801560899663	0.011360761200266354	333.0,349.0,428.0,414.0	48.0,1609.0,54.0,1609.0
000048	1611	48	TP	0.9988479262672811	0.0	14.035082833263372	0.012048256799091024	330.0,349.0,424.0,413.0	48.0,1611.0,54.0,1611.0
000048	1619	49	TP	0.9994220766711617	0.0	10.693633912284556	0.007306288038022339	325.0,344.0,419.0,407.0	48.0,1619.0,54.0,1619.0
000048	1622	50	TP	0.9986535872283131	0.0	11.629968476280837	0.02097906853789077	328.0,343.0,422.0,406.0	48.0,1622.0,54.0,1622.0
000048	1624	51	TP	0.9990369799691834	0.0	10.156676266925352	0.0024644533363200076	329.0,343.0,423.0,406.0	48.0,1624.0,54.0,1624.0
000048	1626	52	TP	0.9990349353406678	0.0	12.13358090323813	0.0157458863174954	328.0,343.0,422.0,405.0	48.0,1626.0,54.0,1626.0
000048	1631	53	TP	0.9980820866896817	0.0	11.804406087868127	0.017137698487636587	333.0,341.0,428.0,405.0	48.0,1631.0,54.0,1631.0
000048	1639	54	TP	0.9976971790443293	0.0	9.545535325474178	0.021332432446866608	337.0,346.0,432.0,409.0	48.0,1639.0,54.0,1639.0
000048	1641	55	TP	0.9977199315979479	0.0	11.509845443095713	0.027025755339634285	337.0,348.0,432.0,412.0	48.0,1641.0,54.0,1641.0
000048	1643	56	TP	0.9898739014138326	0.0	11.604132052013084	0.028380095173575218	334.0,348.0,429.0,412.0	48.0,1643.0,54.0,1643.0
000048	1644	57	TP	0.9915966386554622	0.0	11.422876311870219	0.025879504614876543	332.0,349.0,428.0,413.0	48.0,1644.0,54.0,1644.0
000048	1645	58	TP	0.9955930254838091	0.0	11.434150960248697	0.020222739462187823	331.0,348.0,426.0,411.0	48.0,1645.0,54.0,1645.0
000048	1648	59	TP	0.9940476190476191	0.0	9.749102498213531	0.01928546717392456	328.0,348.0,423.0,412.0	48.0,1648.0,54.0,1648.0
000048	1649	60	TP	0.9990404912684705	0.0	10.294420339799643	0.02009283260144531	328.0,346.0,423.0,409.0	48.0,1649.0,54.0,1649.0
000048	1724	61	TP	0.9990582030514221	0.0	10.606523929029276	0.011498194093103223	317.0,323.0,413.0,385.0	48.0,1724.0,54.0,1724.0
000048	1874	62	TP	0.9962277091906722	0.0	10.825016095526678	0.021121543934141934	279.0,297.0,380.0,361.0	48.0,1874.0,54.0,1874.0
000048	2040	63	TP	0.994824450972164	0.0	8.715290679803147	0.015120101826266585	294.0,305.0,407.0,375.0	48.0,2040.0,54.0,2040.0
000048	2050	64	TP	0.990887753693221	0.0	10.585641395362096	0.01914410745066091	293.0,313.0,406.0,384.0	48.0,2050.0,54.0,2050.0
000048	2051	65	TP	0.9969423210562891	0.0	9.313607887712307	0.01795296555667535	292.0,314.0,405.0,384.0	48.0,2051.0,54.0,2051.0
000048	2066	66	TP	0.993735530437151	0.0	9.6495895663778	0.01712185565293341	290.0,307.0,403.0,378.0	48.0,2066.0,54.0,2066.0
000048	2069	67	TP	0.995931099959311	0.0	9.086848811898006	0.014635219514183468	287.0,304.0,401.0,375.0	48.0,2069.0,54.0,2069.0
000048	2070	68	TP	0.9873297002724796	0.0	9.696151516039457	0.015090982808109646	287.0,303.0,401.0,375.0	48.0,2070.0,54.0,2070.0
000048	2083	69	TP	0.9969414893617021	0.0	9.364276373891837	0.015029505674145136	291.0,303.0,407.0,375.0	48.0,2083.0,54.0,2083.0
000048	2090	70	TP	0.9981459409349756	0.0	7.996761389785935	0.012681751137992034	283.0,300.0,398.0,372.0	48.0,2090.0,54.0,2090.0
000048	2104	71	TP	0.992585848074922	0.0	9.454664414487082	0.01929341731720051	284.0,297.0,401.0,370.0	48.0,2104.0,54.0,2104.0
000048	2133	72	TP	0.9983733733733734	0.0	8.965076336343168	0.01854185242920011	292.0,299.0,411.0,374.0	48.0,2133.0,54.0,2133.0
000048	2144	73	TP	0.9950829748002459	0.0	9.608393110022648	0.009109332816670451	288.0,303.0,408.0,379.0	48.0,2144.0,54.0,2144.0
000048	2160	74	TP	0.997820823244552	0.0	8.546697570392215	0.014044436779098269	293.0,299.0,414.0,375.0	48.0,2160.0,54.0,2160.0
000049	1	75	TP	0.9995778809624314	0.0	4.809847812455082	0.009613169618934126	433.0,88.0,530.0,173.0	49.0,1.0,55.0,1.0
000049	36	76	TP	0.9991384261918438	0.0	3.3519885512401673	0.007043488543683928	428.0,93.0,525.0,177.0	49.0,36.0,55.0,36.0
000049	47	77	TP	0.9997076878105817	0.0	6.225488605842679	0.006493768504707052	423.0,94.0,520.0,178.0	49.0,47.0,55.0,47.0
000049	58	78	TP	0.9996991576413959	0.0	4.297844964133512	0.009213750968151375	411.0,104.0,507.0,187.0	49.0,58.0,55.0,58.0
000049	65	79	TP	0.9977004445807144	0.0	4.858405564312909	0.010677813634067248	417.0,114.0,512.0,195.0	49.0,65.0,55.0,65.0
000049	73	80	TP	0.9937830276655268	0.0	5.433607929174045	0.009943209093798484	407.0,120.0,502.0,201.0	49.0,73.0,55.0,73.0
000049	91	81	TP	1.0	0.0	2.443659640848948	0.008446785870167365	400.0,116.0,495.0,197.0	49.0,91.0,55.0,91.0
000049	109	82	TP	0.9990471653168176	0.0	3.4416094349709154	0.004230228273443404	398.0,131.0,493.0,211.0	49.0,109.0,55.0,109.0
000049	125	83	TP	0.9979226589964845	0.0	2.3945208663687487	0.01028284382210509	379.0,145.0,473.0,225.0	49.0,125.0,55.0,125.0
000049	148	84	TP	0.998108448928121	0.0	3.1714281100684656	0.003175297384548999	385.0,129.0,480.0,209.0	49.0,148.0,55.0,148.0
000049	231	85	TP	0.9995475113122172	0.0	3.4708369308264087	0.004113572199396055	403.0,155.0,499.0,235.0	49.0,231.0,55.0,231.0
000049	357	86	TP	1.0	0.0	3.8370163313181505	0.0389942680832208	415.0,208.0,515.0,287.0	49.0,357.0,55.0,357.0
000049	521	87	TP	0.9976567076742824	0.0	4.549580372884392	0.011475971070070968	475.0,207.0,578.0,285.0	49.0,521.0,55.0,521.0
000049	526	88	TP	0.9972144846796658	0.0	3.8766334596258067	0.028316098416790503	469.0,212.0,572.0,290.0	49.0,526.0,55.0,526.0
000049	537	89	TP	0.9957421817647922	0.0	5.174854635323318	0.019531395341085205	469.0,218.0,572.0,296.0	49.0,537.0,55.0,537.0
000049	542	90	TP	0.9995605683316244	0.0	2.8427213917246528	0.004531268378954729	470.0,220.0,573.0,298.0	49.0,542.0,55.0,542.0
000049	552	91	TP	0.9985384390529085	0.0	4.418512447145729	0.01895325320271564	476.0,221.0,580.0,299.0	49.0,552.0,55.0,552.0
000049	558	92	TP	1.0	0.0	3.4123350016017455	0.019359388451942797	476.0,227.0,580.0,305.0	49.0,558.0,55.0,558.0
000049	564	93	TP	0.9992663242846662	0.0	3.2110659509898927	0.009434227987274701	474.0,227.0,578.0,305.0	49.0,564.0,55.0,564.0
000049	570	94	TP	0.9995590180802587	0.0	2.9779977124037704	0.021428790740183595	472.0,225.0,576.0,302.0	49.0,570.0,55.0,570.0
000049	576	95	TP	0.9982451009066978	0.0	4.468208392851185	0.023749927962984294	476.0,225.0,580.0,303.0	49.0,576.0,55.0,576.0
000049	591	96	TP	0.9975102519039251	0.0	3.044467472445619	0.008315750201313324	474.0,232.0,578.0,310.0	49.0,591.0,55.0,591.0
000049	594	97	TP	0.9975182481751825	0.0	2.175757546649119	0.008127467397349474	481.0,235.0,585.0,313.0	49.0,594.0,55.0,594.0
000049	617	98	TP	0.9992688989618366	0.0	3.5325177871608724	0.018348326027406617	475.0,241.0,579.0,318.0	49.0,617.0,55.0,617.0
000049	629	99	TP	0.9979559059716747	0.0	1.9624014637919356	0.005142069595049536	467.0,237.0,571.0,314.0	49.0,629.0,55.0,629.0
000049	631	100	TP	0.9991244710345834	0.0	4.473113818356718	0.014813681947953511	464.0,238.0,569.0,316.0	49.0,631.0,55.0,631.0
000049	651	101	TP	0.9970947123765252	0.0	6.927791113421603	0.030798111525364588	465.0,247.0,571.0,325.0	49.0,651.0,55.0,651.0
000049	669	102	TP	0.997993119266055	0.0	16.02854369392529	0.08761460456558642	466.0,240.0,572.0,318.0	49.0,669.0,55.0,669.0
000049	762	103	TP	0.9980563654033042	0.0	4.933354015672889	0.02504057107683295	474.0,259.0,583.0,337.0	49.0,762.0,55.0,762.0
000049	1024	104	TP	0.9976482884766136	0.0	29.906892928202286	0.04705392985974639	489.0,252.0,602.0,331.0	49.0,1024.0,55.0,1024.0
000049	1036	105	TP	0.9992094861660079	0.0	179.42074749638962	0.018775327172237496	481.0,258.0,593.0,335.0	49.0,1036.0,55.0,1036.0
000049	1052	106	TP	0.9984266421922119	0.0	178.77715342487755	0.010932349895807315	476.0,256.0,588.0,334.0	49.0,1052.0,55.0,1052.0
000049	1067	107	TP	0.9866387215090385	0.0	5.763156467590606	0.04669977412708111	466.0,259.0,578.0,336.0	49.0,1067.0,55.0,1067.0
000049	1095	108	TP	0.9998679867986798	0.0	179.57892264759727	0.007910341823328655	451.0,257.0,563.0,335.0	49.0,1095.0,55.0,1095.0
000049	1102	109	TP	0.9992064541727285	0.0	140.59042451411824	0.046355972089329206	449.0,257.0,560.0,335.0	49.0,1102.0,55.0,1102.0
000049	1130	110	TP	0.9998698255662588	0.0	9.086118565184393	0.029234641979912705	452.0,260.0,564.0,338.0	49.0,1130.0,55.0,1130.0
000049	1144	111	TP	1.0	0.0	137.84642246895407	0.043620498497046425	458.0,264.0,571.0,343.0	49.0,1144.0,55.0,1144.0
000049	1150	112	TP	0.9997465788139889	0.0	29.262342164651056	0.05790472431458939	457.0,266.0,571.0,346.0	49.0,1150.0,55.0,1150.0
000049	1157	113	TP	0.999748047367095	0.0	179.24195253218295	0.021589834028719817	454.0,268.0,568.0,348.0	49.0,1157.0,55.0,1157.0
000049	1168	114	TP	0.9998745609633718	0.0	10.829445924331642	0.024284098960620133	450.0,278.0,563.0,357.0	49.0,1168.0,55.0,1168.0
000049	1172	115	TP	0.9986246561640411	0.0	11.861160211959916	0.015426664883481133	446.0,276.0,560.0,356.0	49.0,1172.0,55.0,1172.0
000049	1179	116	TP	0.9997519225998511	0.0	176.09206831724757	0.025103391424081717	448.0,278.0,562.0,358.0	49.0,1179.0,55.0,1179.0
000049	1269	117	TP	0.9988767831068179	0.0	177.77505052480342	0.021596917268511758	457.0,268.0,575.0,354.0	49.0,1269.0,55.0,1269.0
000049	1491	118	TP	0.9976328814288788	0.0	178.71003955364364	0.03085063280071682	465.0,290.0,585.0,380.0	49.0,1491.0,55.0,1491.0
000049	1554	119	TP	0.9996817988969029	0.0	178.98237702080684	0.02765954879852351	465.0,275.0,587.0,366.0	49.0,1554.0,55.0,1554.0
000049	1557	120	TP	0.9983013058711115	0.0	178.94822387974082	0.013744520089992256	458.0,269.0,580.0,359.0	49.0,1557.0,55.0,1557.0
000049	1565	121	TP	0.9996789727126806	0.0	176.80627779966986	0.09417086232677088	448.0,260.0,569.0,351.0	49.0,1565.0,55.0,1565.0
000049	1568	122	TP	0.9977441185949082	0.0	179.96880845576922	0.028028429046638416	442.0,258.0,562.0,349.0	49.0,1568.0,55.0,1568.0
000049	1575	123	TP	0.9996769330174456	0.0	178.34909635671576	0.04603879762542922	433.0,261.0,553.0,351.0	49.0,1575.0,55.0,1575.0
000049	1582	124	TP	0.9988186016539576	0.0	179.76114524258875	0.019690754572609503	435.0,267.0,555.0,358.0	49.0,1582.0,55.0,1582.0
000049	1587	125	TP	0.9949597855227882	0.0	178.98533363799422	0.03002473441996003	437.0,268.0,557.0,358.0	49.0,1587.0,55.0,1587.0
000049	1592	126	TP	0.9987157534246576	0.0	179.93095646273773	0.028959837468155333	437.0,268.0,557.0,359.0	49.0,1592.0,55.0,1592.0
000049	1595	127	TP	0.9995701697829358	0.0	179.60444472197346	0.030665395819547008	436.0,268.0,555.0,358.0	49.0,1595.0,55.0,1595.0
000049	1614	128	TP	1.0	0.0	179.68022352645175	0.02379813387319869	458.0,255.0,579.0,346.0	49.0,1614.0,55.0,1614.0
000049	1615	129	TP	1.0	0.0	179.9407068185158	0.03240352115789648	458.0,255.0,580.0,346.0	49.0,1615.0,55.0,1615.0
000049	1618	130	TP	1.0	0.0	179.29423628067002	0.03355856341531913	459.0,256.0,580.0,347.0	49.0,1618.0,55.0,1618.0
000049	1631	131	TP	0.9996850724333404	0.0	179.86821129431985	0.01966419068568771	457.0,264.0,578.0,356.0	49.0,1631.0,55.0,1631.0
000049	1641	132	TP	0.9990499313839333	0.0	179.6525092281882	0.01214577704111787	460.0,273.0,581.0,364.0	49.0,1641.0,55.0,1641.0
000049	1644	133	TP	0.9928133586979497	0.0	179.8520705724737	0.015628752201534746	462.0,276.0,582.0,367.0	49.0,1644.0,55.0,1644.0
000049	1655	134	TP	0.9996788696210661	0.0	179.93938908455692	0.027759747018312415	451.0,267.0,571.0,358.0	49.0,1655.0,55.0,1655.0
000049	1671	135	TP	0.9998938766847076	0.0	179.62607409208528	0.017446812291006468	456.0,274.0,576.0,366.0	49.0,1671.0,55.0,1671.0
000049	1677	136	TP	0.9998922994076468	0.0	179.23043055637848	0.031163916752201478	447.0,272.0,566.0,363.0	49.0,1677.0,55.0,1677.0
000049	1682	137	TP	0.999562650338946	0.0	179.54796014920024	0.03132666565591541	433.0,270.0,551.0,360.0	49.0,1682.0,55.0,1682.0
000049	1688	138	TP	0.999889758571271	0.0	179.89914050114868	0.012755603415645708	425.0,270.0,543.0,360.0	49.0,1688.0,55.0,1688.0
000049	1881	139	TP	0.9998169168802636	0.0	179.32890488624054	0.04012933028905564	446.0,277.0,572.0,377.0	49.0,1881.0,55.0,1881.0
000049	2061	140	TP	0.9989063683015058	0.0	179.90417038062094	0.09028690732602844	435.0,258.0,567.0,361.0	49.0,2061.0,55.0,2061.0
000049	2064	141	TP	0.9977286110877429	0.0	178.10556808123687	0.13786790268181362	435.0,258.0,566.0,361.0	49.0,2064.0,55.0,2064.0
000049	2089	142	TP	0.9989834815756036	0.0	178.33484348118665	0.028148536892581226	430.0,265.0,562.0,368.0	49.0,2089.0,55.0,2089.0
000049	2097	143	TP	1.0	0.0	179.0102929857491	0.07439713327378518	433.0,272.0,565.0,375.0	49.0,2097.0,55.0,2097.0
000049	2119	144	TP	0.9997513880832021	0.0	179.9877613388252	0.05305190218756152	447.0,269.0,581.0,372.0	49.0,2119.0,55.0,2119.0
000049	2123	145	TP	0.9992508739803563	0.0	178.57760355729366	0.046993423545682325	446.0,269.0,580.0,372.0	49.0,2123.0,55.0,2123.0
000049	2146	146	TP	0.9999157965644998	0.0	178.88819910694676	0.08794412465439637	441.0,271.0,573.0,374.0	49.0,2146.0,55.0,2146.0
000049	2151	147	TP	0.9991517516328781	0.0	176.64591944350641	0.022061404639770372	432.0,267.0,564.0,369.0	49.0,2151.0,55.0,2151.0
000049	2173	148	TP	0.9997460209955977	0.0	176.69389790135043	0.031167242496547	433.0,259.0,565.0,361.0	49.0,2173.0,55.0,2173.0
000049	2196	149	TP	0.9995886466474702	0.0	177.95957180750096	0.0679035252865408	439.0,250.0,573.0,353.0	49.0,2196.0,55.0,2196.0
000052	1	150	TP	0.9998665955176094	0.0	58.95815498516564	0.03947592235207722	228.0,333.0,327.0,427.0	52.0,1.0,58.0,1.0
000052	21	151	TP	1.0	0.0	61.35196089807038	0.02418958786928117	215.0,339.0,315.0,432.0	52.0,21.0,58.0,21.0
000052	34	152	TP	1.0	0.0	78.10831635007754	0.0698148151963623	226.0,335.0,326.0,428.0	52.0,34.0,58.0,34.0
000052	39	153	TP	1.0	0.0	55.43922994647842	0.03079617389798033	234.0,337.0,333.0,430.0	52.0,39.0,58.0,39.0
000052	48	154	TP	0.9956630306216323	0.0	87.76218056776833	0.03398594279410777	238.0,368.0,337.0,462.0	52.0,48.0,58.0,48.0
000052	52	155	TP	1.0	0.0	58.43681135970852	0.036535298575223855	223.0,361.0,324.0,456.0	52.0,52.0,58.0,52.0
000052	57	156	TP	0.9962195280928171	0.0	77.2679997141135	0.02859196468924746	230.0,342.0,331.0,436.0	52.0,57.0,58.0,57.0
000052	61	157	TP	1.0	0.0	61.889634087360115	0.02903591365440156	233.0,336.0,334.0,430.0	52.0,61.0,58.0,61.0
000052	65	158	TP	1.0	0.0	81.4025436358561	0.014282278381454898	228.0,339.0,328.0,432.0	52.0,65.0,58.0,65.0
000052	71	159	TP	1.0	0.0	67.89936279361032	0.04516463461829818	228.0,329.0,328.0,422.0	52.0,71.0,58.0,71.0
000052	80	160	TP	1.0	0.0	63.192718100256904	0.03945070927913989	205.0,343.0,306.0,436.0	52.0,80.0,58.0,80.0
000052	81	161	TP	1.0	0.0	62.436211282906335	0.047675687213805724	204.0,342.0,305.0,435.0	52.0,81.0,58.0,81.0
000052	84	162	TP	0.9967591392273788	0.0	56.316845632270116	0.039001985611505016	200.0,335.0,301.0,428.0	52.0,84.0,58.0,84.0
000052	88	163	TP	1.0	0.0	53.38202122519757	0.032368911226800204	199.0,329.0,300.0,422.0	52.0,88.0,58.0,88.0
000052	92	164	TP	1.0	0.0	42.90987298852429	0.06458612707799587	186.0,336.0,287.0,429.0	52.0,92.0,58.0,92.0
000052	97	165	TP	0.9998721227621483	0.0	62.38368001082821	0.026759654303520945	172.0,352.0,273.0,445.0	52.0,97.0,58.0,97.0
000052	98	166	TP	0.999616907163836	0.0	55.43783434680226	0.04285033805901122	171.0,352.0,272.0,445.0	52.0,98.0,58.0,98.0
000052	114	167	TP	0.998863349330639	0.0	66.66972372099121	0.02765029667182202	138.0,362.0,240.0,456.0	52.0,114.0,58.0,114.0
000052	116	168	TP	0.9959697732997481	0.0	79.89381200551547	0.03759801756111785	129.0,361.0,232.0,454.0	52.0,116.0,58.0,116.0
000052	121	169	TP	0.9989846427211575	0.0	47.794348282308135	0.04934868994061042	128.0,357.0,230.0,450.0	52.0,121.0,58.0,121.0
000052	127	170	TP	0.9994883601944231	0.0	42.26554143653016	0.04197892474296003	117.0,343.0,218.0,434.0	52.0,127.0,58.0,127.0
000052	132	171	TP	1.0	0.0	38.51403822168094	0.016372458770129692	110.0,337.0,211.0,428.0	52.0,132.0,58.0,132.0
000052	136	172	TP	0.9982935153583617	0.0	9.057587082738932	0.02418128425930846	100.0,337.0,201.0,427.0	52.0,136.0,58.0,136.0
000052	143	173	TP	1.0	0.0	16.206363797439035	0.04994702574382653	90.0,327.0,190.0,417.0	52.0,143.0,58.0,143.0
000052	150	174	TP	1.0	0.0	29.57829390245665	0.031120138842158203	112.0,316.0,212.0,404.0	52.0,150.0,58.0,150.0
000052	156	175	TP	0.9941280895807729	0.0	18.984614718496204	0.06152053242079441	118.0,307.0,217.0,395.0	52.0,156.0,58.0,156.0
000052	164	176	TP	1.0	0.0	15.355614930036916	0.02206226797721258	125.0,296.0,224.0,383.0	52.0,164.0,58.0,164.0
000052	165	177	TP	0.9995854635898853	0.0	16.47664998533015	0.06664720877598584	126.0,295.0,225.0,382.0	52.0,165.0,58.0,165.0
000052	167	178	TP	1.0	0.0	13.8557649606598	0.022112775175451616	128.0,293.0,227.0,380.0	52.0,167.0,58.0,167.0
000052	169	179	TP	1.0	0.0	16.208159596823656	0.017198054816173702	131.0,291.0,229.0,378.0	52.0,169.0,58.0,169.0
000052	170	180	TP	1.0	0.0	16.246077926483412	0.01082420027517433	133.0,289.0,231.0,375.0	52.0,170.0,58.0,170.0
000052	171	181	TP	0.9984626135569532	0.0	14.03189953288116	0.018262907155163627	134.0,289.0,232.0,374.0	52.0,171.0,58.0,171.0
000052	173	182	TP	0.9998602375960867	0.0	14.500710768607785	0.025151680495496972	135.0,288.0,233.0,374.0	52.0,173.0,58.0,173.0
000052	175	183	TP	0.9995804782547896	0.0	15.298834714491935	0.027745094599269042	136.0,289.0,234.0,375.0	52.0,175.0,58.0,175.0
000052	259	184	TP	1.0	0.0	10.943137752875856	0.013394146828638528	127.0,324.0,231.0,414.0	52.0,259.0,58.0,259.0
000052	388	185	TP	0.9997716373601279	0.0	10.178401779752724	0.013638840097268904	189.0,366.0,302.0,460.0	52.0,388.0,58.0,388.0
000052	516	186	TP	0.9997784424504265	0.0	8.169630311870336	0.00807830160642387	135.0,299.0,250.0,392.0	52.0,516.0,58.0,516.0
000052	520	187	TP	1.0	0.0	8.905202283505998	0.005034371753309317	141.0,297.0,255.0,390.0	52.0,520.0,58.0,520.0
000052	524	188	TP	0.9991070431967853	0.0	8.887264790695573	0.0022935684707094733	156.0,295.0,270.0,387.0	52.0,524.0,58.0,524.0
000052	526	189	TP	0.9980924596050269	0.0	9.36382507448155	0.005969341797610715	168.0,297.0,282.0,389.0	52.0,526.0,58.0,526.0
000052	527	190	TP	0.9964165733482643	0.0	9.140122193416545	0.00440747945205524	170.0,299.0,285.0,392.0	52.0,527.0,58.0,527.0
000052	532	191	TP	1.0	0.0	8.084933735774733	0.009343675692141968	173.0,310.0,287.0,403.0	52.0,532.0,58.0,532.0
000052	537	192	TP	0.999661437760975	0.0	9.718474496350847	0.0056163121613544	165.0,311.0,279.0,403.0	52.0,537.0,58.0,537.0
000052	539	193	TP	1.0	0.0	9.265263252568232	0.006994100428112909	161.0,308.0,275.0,400.0	52.0,539.0,58.0,539.0
000052	543	194	TP	0.9994200208792483	0.0	9.278864847848354	0.0042015845960702335	150.0,304.0,262.0,395.0	52.0,543.0,58.0,543.0
000052	544	195	TP	0.9990678163598229	0.0	9.172114588345872	0.004540513074084172	150.0,305.0,262.0,395.0	52.0,544.0,58.0,544.0
000052	550	196	TP	1.0	0.0	9.616528023571508	0.0114849577229181	145.0,316.0,256.0,405.0	52.0,550.0,58.0,550.0
000052	556	197	TP	0.9991438356164384	0.0	9.759984428058155	0.006548087271325675	147.0,319.0,256.0,406.0	52.0,556.0,58.0,556.0
000052	561	198	TP	0.9982478097622027	0.0	9.946345728626305	0.00686675316249561	148.0,317.0,256.0,403.0	52.0,561.0,58.0,561.0
000052	567	199	TP	0.9980867346938775	0.0	8.922229800080974	0.010243926036057194	150.0,318.0,257.0,404.0	52.0,567.0,58.0,567.0
000052	574	200	TP	1.0	0.0	10.288903688199893	0.007277276672221661	161.0,322.0,267.0,407.0	52.0,574.0,58.0,574.0
000052	575	201	TP	1.0	0.0	12.13222679184559	0.013082483157464988	163.0,322.0,268.0,407.0	52.0,575.0,58.0,575.0
000052	582	202	TP	0.9769169540992305	0.0	11.15951355714462	0.010545982634625136	170.0,331.0,275.0,414.0	52.0,582.0,58.0,582.0
000052	587	203	TP	1.0	0.0	10.192558046847891	0.0034187952801143736	179.0,324.0,283.0,407.0	52.0,587.0,58.0,587.0
000052	589	204	TP	1.0	0.0	10.83151259327665	0.00793248152786887	183.0,323.0,287.0,406.0	52.0,589.0,58.0,589.0
000052	593	205	TP	1.0	0.0	9.6413941816881	0.012668361707429866	186.0,327.0,290.0,410.0	52.0,593.0,58.0,593.0
000052	594	206	TP	0.9994591671173607	0.0	9.625705167656484	0.004832330931391538	183.0,328.0,287.0,410.0	52.0,594.0,58.0,594.0
000052	604	207	TP	1.0	0.0	10.202315154833792	0.005256211849998944	178.0,327.0,281.0,408.0	52.0,604.0,58.0,604.0
000052	608	208	TP	1.0	0.0	11.047312934909744	0.015110031975964737	171.0,344.0,272.0,424.0	52.0,608.0,58.0,608.0
000052	622	209	TP	0.9995672868887927	0.0	12.377095897946688	0.020853572057739914	180.0,350.0,280.0,430.0	52.0,622.0,58.0,622.0
000052	625	210	TP	0.9998557206752272	0.0	10.889357784897454	0.008064930447171607	184.0,357.0,284.0,436.0	52.0,625.0,58.0,625.0
000052	632	211	TP	0.999856548558313	0.0	10.448815397815581	0.011968870310714835	193.0,366.0,293.0,446.0	52.0,632.0,58.0,632.0
000052	638	212	TP	1.0	0.0	12.449868295397078	0.015931682288929928	197.0,383.0,298.0,464.0	52.0,638.0,58.0,638.0
000052	643	213	TP	1.0	0.0	10.80807302545201	0.008067860463673976	184.0,379.0,285.0,461.0	52.0,643.0,58.0,643.0
000052	650	214	TP	0.999195494770716	0.0	12.748161224263054	0.02609944554570656	158.0,378.0,261.0,462.0	52.0,650.0,58.0,650.0
000052	653	215	TP	0.9994797086368367	0.0	12.922463463362721	0.008652258931830324	153.0,380.0,258.0,465.0	52.0,653.0,58.0,653.0
000052	656	216	TP	0.9992387718853083	0.0	12.84980350478227	0.021081783453389936	158.0,368.0,264.0,455.0	52.0,656.0,58.0,656.0
000052	662	217	TP	1.0	0.0	12.770840147844831	0.011111665816903319	192.0,366.0,299.0,454.0	52.0,662.0,58.0,662.0
000052	666	218	TP	0.9995134411872035	0.0	13.968317544015001	0.019081282725556453	208.0,366.0,315.0,455.0	52.0,666.0,58.0,666.0
000052	669	219	TP	1.0	0.0	13.59691967594113	0.004709170848294909	225.0,365.0,334.0,455.0	52.0,669.0,58.0,669.0
000052	678	220	TP	1.0	0.0	10.904300374103043	0.0037508836716626205	242.0,363.0,353.0,455.0	52.0,678.0,58.0,678.0
000052	688	221	TP	0.9993105825577387	0.0	11.086240369738228	0.022785056385869324	200.0,369.0,311.0,462.0	52.0,688.0,58.0,688.0
000052	742	222	TP	1.0	0.0	9.389477576152096	0.006695069868319799	123.0,304.0,231.0,389.0	52.0,742.0,58.0,742.0
000052	820	223	TP	1.0	0.0	11.45862882811118	0.02089527609944344	183.0,307.0,291.0,390.0	52.0,820.0,58.0,820.0
000052	886	224	TP	0.9990375360923965	0.0	9.795896033659398	0.022065393475370607	220.0,333.0,335.0,419.0	52.0,886.0,58.0,886.0
000059	1	225	TP	1.0	0.0	9.916747765596584	0.003079600038812161	320.0,281.0,418.0,362.0	59.0,1.0,65.0,1.0
000059	29	226	TP	0.999556803072832	0.0	10.331728567938496	0.019917858021995197	320.0,277.0,417.0,358.0	59.0,29.0,65.0,29.0
000059	37	227	TP	0.9995603107137623	0.0	10.71515970967945	0.004661574974615812	302.0,280.0,399.0,361.0	59.0,37.0,65.0,37.0
000059	55	228	TP	0.9995745284356828	0.0	10.178689704350756	0.010142554913768502	328.0,295.0,427.0,378.0	59.0,55.0,65.0,55.0
000059	61	229	TP	0.9995815315943646	0.0	8.96659314648349	0.0066502760209820036	315.0,284.0,415.0,367.0	59.0,61.0,65.0,61.0
000059	68	230	TP	0.9987611837577426	0.0	9.351421590682511	0.010626003412009555	302.0,275.0,402.0,359.0	59.0,68.0,65.0,68.0
000059	80	231	TP	0.9986227792315108	0.0	8.260544032751161	0.0029761050757955636	312.0,273.0,413.0,357.0	59.0,80.0,65.0,80.0
000059	88	232	TP	1.0	0.0	9.651131340660625	0.02419376371739758	312.0,270.0,413.0,354.0	59.0,88.0,65.0,88.0
000059	99	233	TP	0.9992971605285352	0.0	9.460641527891948	0.01178647909902447	344.0,236.0,444.0,319.0	59.0,99.0,65.0,99.0
000059	114	234	TP	0.9983010052385671	0.0	10.856924656527632	0.0126346081610218	336.0,250.0,435.0,333.0	59.0,114.0,65.0,114.0
000059	120	235	TP	1.0	0.0	11.019810741513727	0.010093885255050535	333.0,262.0,432.0,344.0	59.0,120.0,65.0,120.0
000059	126	236	TP	1.0	0.0	10.170083159632135	0.005759986180210554	328.0,259.0,427.0,341.0	59.0,126.0,65.0,126.0
000059	127	237	TP	0.9995628733789887	0.0	8.238621909086163	0.002607115251592247	327.0,258.0,425.0,339.0	59.0,127.0,65.0,127.0
000059	132	238	TP	1.0	0.0	10.555354719296625	0.006161190542726241	320.0,251.0,417.0,332.0	59.0,132.0,65.0,132.0
000059	164	239	TP	0.9923495409724583	0.0	8.07809517402701	0.002502208919515475	314.0,236.0,406.0,310.0	59.0,164.0,65.0,164.0
000059	242	240	TP	0.9983488441909336	0.0	7.837427582204967	0.02136058620594022	422.0,313.0,520.0,393.0	59.0,242.0,65.0,242.0
000059	274	241	TP	0.9980966325036603	0.0	4.711646711622625	0.023734000107399827	423.0,320.0,523.0,401.0	59.0,274.0,65.0,274.0
000059	320	242	TP	0.9990241182211069	0.0	2.9412054626923436	0.0031510566584054866	406.0,321.0,509.0,405.0	59.0,320.0,65.0,320.0
000059	422	243	TP	0.9997822062506806	0.0	2.861490959431959	0.012981204358970945	468.0,314.0,583.0,411.0	59.0,422.0,65.0,422.0
000059	455	244	TP	1.0	0.0	2.5193269581038757	0.018302062866766142	419.0,320.0,536.0,420.0	59.0,455.0,65.0,455.0
000059	492	245	TP	0.9998993052059209	0.0	1.784871973362059	0.005063334558652314	402.0,336.0,518.0,437.0	59.0,492.0,65.0,492.0
000059	510	246	TP	0.9993106165058105	0.0	1.7749913780046438	0.00423590969397948	374.0,347.0,491.0,450.0	59.0,510.0,65.0,510.0
000059	514	247	TP	0.9997075453304738	0.0	3.468935416809175	0.013643262246737741	369.0,341.0,487.0,445.0	59.0,514.0,65.0,514.0
000059	515	248	TP	0.9988316619608607	0.0	1.8218964724220743	0.0031172832395156514	372.0,340.0,489.0,444.0	59.0,515.0,65.0,515.0
000059	523	249	TP	0.9990389235944258	0.0	1.2051664055520401	0.0064435286669784165	372.0,341.0,491.0,446.0	59.0,523.0,65.0,523.0
000059	525	250	TP	0.9994251221615407	0.0	2.3328718429125166	0.0023494674536459425	374.0,345.0,492.0,451.0	59.0,525.0,65.0,525.0
000059	530	251	TP	0.9998087954110899	0.0	4.027692901776212	0.006178706598226627	368.0,350.0,486.0,455.0	59.0,530.0,65.0,530.0
000059	535	252	TP	1.0	0.0	4.932626867955456	0.005282374553003748	359.0,350.0,477.0,455.0	59.0,535.0,65.0,535.0
000059	545	253	TP	0.9979508196721312	0.0	4.001806192328099	0.007886617474986911	384.0,348.0,501.0,452.0	59.0,545.0,65.0,545.0
000059	561	254	TP	1.0	0.0	3.194490749406895	0.011162626028257525	379.0,328.0,497.0,431.0	59.0,561.0,65.0,561.0
000059	567	255	TP	0.9986628462273162	0.0	4.935946822218027	0.002125069514121307	389.0,323.0,508.0,428.0	59.0,567.0,65.0,567.0
000059	615	256	TP	0.99933818663137	0.0	2.2695976803355764	0.010948912711162849	406.0,312.0,526.0,417.0	59.0,615.0,65.0,615.0
000059	629	257	TP	1.0	0.0	3.4677577454663595	0.011864158526969933	389.0,312.0,508.0,416.0	59.0,629.0,65.0,629.0
000059	636	258	TP	1.0	0.0	3.062570998993127	0.00528318762284863	376.0,314.0,495.0,419.0	59.0,636.0,65.0,636.0
000059	637	259	TP	1.0	0.0	3.9369143369066286	0.0013108235420011753	376.0,314.0,494.0,418.0	59.0,637.0,65.0,637.0
000059	648	260	TP	0.9991399904443383	0.0	4.66166058820737	0.011234442649626943	365.0,314.0,483.0,419.0	59.0,648.0,65.0,648.0
000059	710	261	TP	0.9992504450482526	0.0	6.344786893429678	0.003526323685966663	341.0,331.0,460.0,438.0	59.0,710.0,65.0,710.0
000059	801	262	TP	0.9996296296296296	0.0	3.882898430725653	0.0025904079937645336	300.0,338.0,420.0,446.0	59.0,801.0,65.0,801.0
000059	908	263	TP	1.0	0.0	4.30420910282684	0.0044305029966322735	260.0,318.0,383.0,430.0	59.0,908.0,65.0,908.0
000059	1026	264	TP	0.9991685912240185	0.0	6.640716092486672	0.014512709197803945	253.0,328.0,373.0,436.0	59.0,1026.0,65.0,1026.0
000059	1027	265	TP	0.999630621479361	0.0	4.933075475700932	0.010027823835337332	249.0,328.0,368.0,436.0	59.0,1027.0,65.0,1027.0
000059	1032	266	TP	1.0	0.0	6.573317884655198	0.013652968651205372	232.0,329.0,351.0,436.0	59.0,1032.0,65.0,1032.0
000059	1034	267	TP	1.0	0.0	9.143108805268163	0.007435166056132837	232.0,330.0,350.0,437.0	59.0,1034.0,65.0,1034.0
000059	1039	268	TP	0.9992357661444402	0.0	5.4754288859347175	0.01840377240807568	240.0,333.0,358.0,439.0	59.0,1039.0,65.0,1039.0
000059	1044	269	TP	0.9980698706813357	0.0	7.54531375253623	0.008193625330596532	246.0,332.0,363.0,437.0	59.0,1044.0,65.0,1044.0
000059	1048	270	TP	0.999709499370582	0.0	7.666518499348022	0.013277364621592774	240.0,330.0,357.0,435.0	59.0,1048.0,65.0,1048.0
000059	1054	271	TP	0.9775302663438257	0.0	5.7779551322602485	0.014016087568497104	230.0,331.0,347.0,436.0	59.0,1054.0,65.0,1054.0
000059	1060	272	TP	0.999903790648451	0.0	8.563509331936958	0.010751907244418213	221.0,328.0,338.0,434.0	59.0,1060.0,65.0,1060.0
000059	1063	273	TP	0.999712698716721	0.0	6.018853814979407	0.006026528400643559	220.0,327.0,337.0,433.0	59.0,1063.0,65.0,1063.0
000059	1064	274	TP	1.0	0.0	7.3025016964537794	0.0038095718654102906	219.0,326.0,337.0,431.0	59.0,1064.0,65.0,1064.0
000059	1068	275	TP	1.0	0.0	8.013923505423135	0.008040182756620804	215.0,329.0,333.0,435.0	59.0,1068.0,65.0,1068.0
000059	1070	276	TP	1.0	0.0	9.207336660445081	0.011388344708646522	215.0,333.0,332.0,439.0	59.0,1070.0,65.0,1070.0
000059	1071	277	TP	0.9999049881235155	0.0	7.468768341534791	0.0061018563708966295	216.0,335.0,334.0,442.0	59.0,1071.0,65.0,1071.0
000059	1073	278	TP	0.9997152078982343	0.0	5.975483710181814	0.005249916997406213	213.0,335.0,331.0,442.0	59.0,1073.0,65.0,1073.0
000059	1074	279	TP	1.0	0.0	6.358532390454869	0.011095620873315417	210.0,334.0,328.0,440.0	59.0,1074.0,65.0,1074.0
000059	1075	280	TP	0.999715126768588	0.0	8.000474939213841	0.009682182915897371	209.0,329.0,327.0,436.0	59.0,1075.0,65.0,1075.0
000059	1076	281	TP	0.9995257516835815	0.0	7.179310707421102	0.010663353241191982	206.0,326.0,324.0,432.0	59.0,1076.0,65.0,1076.0
000059	1078	282	TP	1.0	0.0	8.851412235230077	0.006778032013241773	200.0,321.0,318.0,427.0	59.0,1078.0,65.0,1078.0
000059	1081	283	TP	0.9994321945679947	0.0	6.091991003870074	0.004289770930267693	195.0,316.0,313.0,422.0	59.0,1081.0,65.0,1081.0
000059	1090	284	TP	0.9999054105183504	0.0	6.180955658115491	0.006960130911536101	195.0,314.0,313.0,420.0	59.0,1090.0,65.0,1090.0
000059	1093	285	TP	0.9999054820415879	0.0	8.00303906116101	0.006157474219927602	194.0,311.0,312.0,417.0	59.0,1093.0,65.0,1093.0
000059	1103	286	TP	0.9999049248906636	0.0	6.8113793512441045	0.00698982388568656	214.0,321.0,331.0,427.0	59.0,1103.0,65.0,1103.0
000059	1110	287	TP	0.9955233831793504	0.0	6.104762177362131	0.004439449434516073	206.0,317.0,324.0,423.0	59.0,1110.0,65.0,1110.0
000059	1124	288	TP	0.9998064640990904	0.0	4.478187535668907	0.004465443129916523	227.0,331.0,343.0,436.0	59.0,1124.0,65.0,1124.0
000059	1129	289	TP	0.9994180971777713	0.0	6.992743234065815	0.009274155719114389	226.0,333.0,342.0,438.0	59.0,1129.0,65.0,1129.0
000059	1131	290	TP	0.9995154569241206	0.0	7.188415200881404	0.012631272143298638	224.0,335.0,340.0,440.0	59.0,1131.0,65.0,1131.0
000059	1132	291	TP	1.0	0.0	7.02553884881817	0.008280617921073378	223.0,336.0,339.0,441.0	59.0,1132.0,65.0,1132.0
000059	1148	292	TP	0.9967092528068138	0.0	6.804633971564455	0.0064196392887914165	226.0,337.0,343.0,443.0	59.0,1148.0,65.0,1148.0
000059	1152	293	TP	0.9997101169195092	0.0	7.644807374687643	0.00903888873131392	229.0,337.0,346.0,442.0	59.0,1152.0,65.0,1152.0
000059	1251	294	TP	0.9999048887198022	0.0	3.420789990311366	0.003791565299805353	252.0,309.0,370.0,415.0	59.0,1251.0,65.0,1251.0
000059	1490	295	TP	0.9978176934698674	0.0	3.6647048599133996	0.021315912774614577	262.0,292.0,386.0,407.0	59.0,1490.0,65.0,1490.0
000059	1539	296	TP	0.9994740071885684	0.0	20.138391807864767	0.007610371926039096	216.0,307.0,338.0,419.0	59.0,1539.0,65.0,1539.0
000059	1541	297	TP	1.0	0.0	25.24700043255867	0.0146696456519088	217.0,311.0,339.0,423.0	59.0,1541.0,65.0,1541.0
000059	1544	298	TP	0.9991211881536163	0.0	50.256373352961994	0.05891834241641567	221.0,314.0,343.0,426.0	59.0,1544.0,65.0,1544.0
000059	1546	299	TP	0.9998235709244884	0.0	3.060745620685087	0.023630112849230625	225.0,314.0,346.0,426.0	59.0,1546.0,65.0,1546.0
