#  Index into NumPy file "pose_data_ycbv-3-zebrapose.npz".
#  Created at  5:58PM EDT on Sep 11, 2023
#    DATASET:   ycbv
#    OBJECT:    3
#    ESTIMATOR: zebrapose
#  The errors reported in this file have taken discrete and continuous object symmetries into account.
#  Bounding boxes are recorded in pixel coordinates as ((upper-left x, y), (lower-right x, y)) with the origin in the upper-left.
#
#  When a row is marked as a TP, it does not necessarily mean that the bounding boxes overlap.
#  For each ground-truth instance, the prediction best overlapping that instance belongs to that ground-truth.
#  All TPs are in the corresponding *.npz file.
#
#  When a row is marked as a FN, it means that there is a ground-truth but the predictor failed to make a prediction at all.
#  FNs are NOT recorded in the *.npz at all.
#
#  When a row is marked as a FP, it means the predictor hallucinated; there is no corresponding ground-truth instance.
#  FPs are NOT recorded in the *.npz at all.
#
#  Scene  <t>  Frame  <t>  Index  <t>  Error cat.  <t>  Visibility ratio  <t>  Score  <t>  R_err(degrees)  <t>  t_err(meters)  <t>  Gr.Tr.BBox  <t>  Pred.BBox
000049	1	0	TP	0.9989705882352942	0.9285537004470825	1.6377244988238753	0.011862079092138735	232.0,131.0,429.0,339.0	233.0,132.0,427.0,340.0
000049	36	1	TP	0.9986489529385274	0.9260495901107788	1.7094844652565429	0.014738456009366208	232.0,140.0,425.0,345.0	234.0,141.0,424.0,345.0
000049	47	2	TP	0.9993865971476767	0.8986411690711975	1.8787144750425222	0.01610071918688813	230.0,144.0,420.0,346.0	230.0,146.0,417.0,347.0
000049	58	3	TP	0.9992531446540881	0.9292475581169128	1.935919939757633	0.016048823972298624	222.0,156.0,408.0,354.0	222.0,157.0,407.0,353.0
000049	65	4	TP	0.9991945876288659	0.9128919839859009	1.9955025600740293	0.018372673436901393	232.0,165.0,415.0,361.0	233.0,167.0,414.0,359.0
000049	73	5	TP	0.9950752950752951	0.8990973234176636	2.0281421496763494	0.014411651052759556	222.0,174.0,404.0,368.0	223.0,177.0,404.0,368.0
000049	91	6	TP	0.9995472133036963	0.8722829818725586	1.9967466779743375	0.014208905959719876	217.0,172.0,398.0,364.0	219.0,174.0,398.0,363.0
000049	109	7	TP	0.9995853375352463	0.8962968587875366	2.339299157189682	0.013821517573631412	215.0,187.0,395.0,378.0	215.0,188.0,393.0,375.0
000049	125	8	TP	0.999050489204475	0.920466959476471	2.3132594598860683	0.016471962393292697	189.0,198.0,373.0,389.0	189.0,200.0,373.0,388.0
000049	148	9	TP	0.9995915366391634	0.9081366062164307	2.200287691064002	0.016442042215071704	190.0,178.0,379.0,370.0	190.0,180.0,379.0,369.0
000049	231	10	TP	1.0	0.934667706489563	2.3857580340447875	0.011085780356860331	173.0,184.0,385.0,379.0	173.0,186.0,384.0,382.0
000049	357	11	TP	1.0	0.9502121806144714	2.0694428198946406	0.013542956862539474	136.0,189.0,382.0,371.0	135.0,189.0,380.0,370.0
000049	521	12	TP	1.0	0.9191946983337402	1.5961402318686455	0.013817150407303526	182.0,174.0,434.0,338.0	181.0,174.0,431.0,338.0
000049	526	13	TP	1.0	0.9353010654449463	1.5729434650343483	0.01217190343076016	176.0,179.0,428.0,343.0	176.0,179.0,425.0,343.0
000049	537	14	TP	0.9997182645093777	0.914746105670929	1.7332421033931333	0.010208065433246583	174.0,184.0,427.0,347.0	174.0,183.0,425.0,348.0
000049	542	15	TP	1.0	0.9104102253913879	1.739825942553296	0.0126514076769997	174.0,185.0,427.0,347.0	173.0,185.0,424.0,348.0
000049	552	16	TP	1.0	0.9038788080215454	1.760010828609942	0.011927819299599034	179.0,184.0,433.0,344.0	178.0,184.0,429.0,345.0
000049	558	17	TP	1.0	0.8957433104515076	1.715117032009466	0.01094656822742141	178.0,189.0,432.0,349.0	177.0,189.0,429.0,349.0
000049	564	18	TP	1.0	0.8986973166465759	1.805816415282342	0.011095369625647519	176.0,189.0,430.0,348.0	174.0,188.0,426.0,348.0
000049	570	19	TP	1.0	0.922236442565918	1.7268226365132946	0.013359474609599025	173.0,186.0,428.0,344.0	172.0,185.0,425.0,344.0
000049	576	20	TP	1.0	0.9078124761581421	1.5435500163684006	0.013582136680507345	176.0,186.0,431.0,344.0	176.0,186.0,429.0,345.0
000049	591	21	TP	0.9999186264138661	0.9057266712188721	1.7552506838508586	0.011384984898203927	173.0,192.0,429.0,348.0	173.0,191.0,427.0,348.0
000049	594	22	TP	1.0	0.8878588080406189	1.8147004801764146	0.01261187381697592	179.0,194.0,435.0,349.0	179.0,194.0,433.0,350.0
000049	617	23	TP	0.9998370937525454	0.9224836230278015	1.890761849772575	0.013643709728170111	171.0,197.0,429.0,350.0	167.0,195.0,426.0,350.0
000049	629	24	TP	0.9974894719792678	0.8673232793807983	1.8931461166428014	0.012721053693298272	160.0,191.0,420.0,344.0	157.0,191.0,416.0,344.0
000049	631	25	TP	1.0	0.8677443861961365	1.360857390142548	0.014908813885912552	157.0,192.0,417.0,344.0	156.0,192.0,415.0,346.0
000049	651	26	TP	1.0	0.8868476152420044	1.809221955597403	0.013233004837898443	156.0,200.0,418.0,350.0	153.0,199.0,415.0,349.0
000049	669	27	TP	1.0	0.8954353928565979	1.4273221722144849	0.014339157666903603	153.0,191.0,417.0,341.0	149.0,190.0,415.0,340.0
000049	762	28	TP	0.9999603583604217	0.9174886345863342	2.0365350163183398	0.010282131645790624	147.0,205.0,417.0,350.0	144.0,204.0,416.0,351.0
000049	1024	29	TP	0.9994403134244823	0.8794722557067871	1.8384207605287162	0.007197963326627924	138.0,194.0,416.0,329.0	134.0,193.0,414.0,330.0
000049	1036	30	TP	0.9997188867916951	0.8187376856803894	1.639373945473249	0.006341110158952139	128.0,200.0,407.0,336.0	125.0,198.0,404.0,333.0
000049	1052	31	TP	1.0	0.8377702236175537	2.200782677757856	0.003887367728126831	122.0,199.0,401.0,336.0	119.0,198.0,397.0,334.0
000049	1067	32	TP	0.9997610989448537	0.7465476989746094	2.246505332893477	0.004997323881129384	110.0,202.0,390.0,340.0	107.0,202.0,388.0,341.0
000049	1095	33	TP	0.9992429675671368	0.8340986371040344	2.0698921977968885	0.0042809011159762435	95.0,200.0,375.0,336.0	92.0,198.0,374.0,335.0
000049	1102	34	TP	0.9998800863378368	0.7811000347137451	2.1682094683761224	0.0040877647194604225	92.0,201.0,372.0,337.0	88.0,198.0,371.0,335.0
000049	1130	35	TP	1.0	0.8017293214797974	1.833646342395848	0.0039572618019060365	93.0,202.0,374.0,340.0	90.0,199.0,375.0,340.0
000049	1144	36	TP	0.9998834544112505	0.8552137613296509	1.8435013902184436	0.004940869176358725	96.0,206.0,379.0,345.0	92.0,206.0,377.0,346.0
000049	1150	37	TP	0.9991484420359977	0.8464776873588562	2.0486438736441466	0.0035112352810112227	94.0,208.0,378.0,348.0	90.0,208.0,376.0,349.0
000049	1157	38	TP	0.9994226772380879	0.8403865098953247	1.7468974132251738	0.0034944992914002627	89.0,210.0,374.0,350.0	87.0,208.0,370.0,349.0
000049	1168	39	TP	0.9982353843793156	0.8491259217262268	1.9858200428013417	0.0037185780693136695	82.0,220.0,368.0,360.0	79.0,219.0,365.0,362.0
000049	1172	40	TP	0.9992732836106331	0.8317304849624634	1.1769503838393904	0.003715076667137369	78.0,219.0,364.0,360.0	75.0,218.0,361.0,362.0
000049	1179	41	TP	0.9990846681922196	0.837113618850708	1.5144391154943602	0.0042803611579585454	78.0,220.0,365.0,362.0	76.0,218.0,361.0,364.0
000049	1269	42	TP	0.9993242281974676	0.8466867804527283	1.9697638924273044	0.003356200935745741	73.0,204.0,367.0,350.0	71.0,204.0,364.0,351.0
000049	1491	43	TP	0.9974547941042394	0.8745258450508118	1.6954486918411715	0.006098719920391423	85.0,215.0,365.0,348.0	83.0,215.0,362.0,349.0
000049	1554	44	TP	0.9945918993556305	0.8871598243713379	2.1912050968734675	0.0058027085652451425	86.0,197.0,364.0,326.0	80.0,193.0,360.0,324.0
000049	1557	45	TP	0.9957132468327784	0.8505006432533264	1.723160302503885	0.005013186699831405	79.0,191.0,357.0,321.0	75.0,188.0,353.0,318.0
000049	1565	46	TP	0.997036067593056	0.8698611855506897	1.8125619361227843	0.006864903021154202	69.0,183.0,346.0,312.0	63.0,181.0,340.0,309.0
000049	1568	47	TP	0.9967622571692877	0.860287070274353	2.820761737600937	0.004988696293217033	63.0,181.0,339.0,310.0	58.0,179.0,336.0,309.0
000049	1575	48	TP	0.9947049047269354	0.8172915577888489	1.9333494217949123	0.005024638650074491	55.0,183.0,331.0,312.0	50.0,181.0,325.0,310.0
000049	1582	49	TP	0.9969360843934223	0.8616517782211304	1.7833130352324762	0.0031200727019416777	58.0,189.0,332.0,317.0	56.0,188.0,331.0,317.0
000049	1587	50	TP	0.9960295834955235	0.8729037046432495	2.2406135765779447	0.003948522050124111	60.0,191.0,334.0,321.0	58.0,190.0,332.0,319.0
000049	1592	51	TP	0.996720927509076	0.8675768375396729	2.1597255666576443	0.0049199615353427385	60.0,191.0,334.0,320.0	57.0,190.0,331.0,320.0
000049	1595	52	TP	0.9967435655994978	0.8662626147270203	1.6097930450920859	0.006242974521660063	59.0,190.0,332.0,319.0	59.0,189.0,329.0,318.0
000049	1614	53	TP	0.9987039000824791	0.892302393913269	1.9426927937537533	0.004642621733767072	81.0,177.0,353.0,305.0	77.0,176.0,352.0,305.0
000049	1615	54	TP	0.998310744450992	0.8921219706535339	2.6164353369410875	0.004595665433852933	82.0,176.0,354.0,305.0	78.0,175.0,351.0,305.0
000049	1618	55	TP	0.9981538944970344	0.8894917368888855	2.164575287832103	0.005015693811138007	82.0,177.0,354.0,305.0	78.0,175.0,351.0,305.0
000049	1631	56	TP	0.9966161715522329	0.8707438707351685	1.6808317980831162	0.004932857755410129	82.0,184.0,352.0,311.0	77.0,182.0,348.0,310.0
000049	1641	57	TP	0.9974056038955855	0.8819317817687988	2.0691285300815423	0.006778658516396334	87.0,194.0,356.0,320.0	83.0,192.0,353.0,318.0
000049	1644	58	TP	0.9981906638253387	0.8887485861778259	1.9140377208797135	0.006166842025570368	89.0,197.0,357.0,323.0	85.0,195.0,355.0,321.0
000049	1655	59	TP	0.9973676750496092	0.8598182797431946	2.0045055582667626	0.006918192734608242	83.0,185.0,348.0,308.0	78.0,184.0,344.0,307.0
000049	1671	60	TP	0.9986252072297925	0.8862900137901306	1.8749479112042629	0.006544074846481465	89.0,192.0,352.0,314.0	85.0,190.0,350.0,313.0
000049	1677	61	TP	0.999057878998894	0.8532726764678955	1.6636071595713697	0.007846475508760536	80.0,190.0,343.0,313.0	77.0,190.0,340.0,311.0
000049	1682	62	TP	0.999214843588578	0.8506455421447754	1.8739554652991595	0.0062820039801495375	68.0,189.0,330.0,310.0	64.0,188.0,325.0,308.0
000049	1688	63	TP	0.9992541642496063	0.8352676033973694	1.6758097748217657	0.007628803551495434	63.0,188.0,323.0,309.0	57.0,188.0,320.0,308.0
000049	1881	64	TP	1.0	0.8816035389900208	1.2245017365865272	0.009180278483761238	59.0,191.0,330.0,323.0	54.0,193.0,325.0,321.0
000049	2061	65	TP	0.999816554153214	0.8458219170570374	1.055342765950691	0.006919843766920306	28.0,170.0,309.0,300.0	20.0,172.0,306.0,296.0
000049	2064	66	TP	1.0	0.866240382194519	1.5200798653621186	0.007167350528490268	27.0,169.0,309.0,299.0	20.0,172.0,304.0,295.0
000049	2089	67	TP	1.0	0.8810440301895142	1.0854970145840448	0.0059938825839790525	26.0,173.0,305.0,297.0	18.0,176.0,302.0,295.0
000049	2097	68	TP	1.0	0.8664014339447021	1.3026915490121336	0.006303217929955761	31.0,180.0,309.0,302.0	23.0,183.0,304.0,302.0
000049	2119	69	TP	1.0	0.8639559149742126	1.7317202832808878	0.009646811505783939	44.0,174.0,322.0,295.0	34.0,177.0,318.0,293.0
000049	2123	70	TP	0.9999247412982126	0.8626718521118164	1.2374589540992793	0.00825485783448285	43.0,175.0,321.0,295.0	34.0,179.0,315.0,293.0
000049	2146	71	TP	1.0	0.8181084990501404	1.2219770524520237	0.009625987239859305	41.0,177.0,316.0,296.0	31.0,180.0,310.0,292.0
000049	2151	72	TP	0.9998466963053809	0.8361022472381592	1.372244984353462	0.008454471888575784	33.0,173.0,308.0,292.0	23.0,175.0,305.0,289.0
000049	2173	73	TP	0.9953837276399308	0.8827112913131714	1.3687431100583802	0.008090002343451645	35.0,164.0,309.0,283.0	25.0,168.0,301.0,281.0
000049	2196	74	TP	0.9999621154720412	0.7924483418464661	1.881230006145905	0.007958411999744204	38.0,152.0,316.0,269.0	29.0,155.0,309.0,266.0
000051	1	75	TP	0.9984050159498405	0.933708667755127	2.998299234780082	0.019748095077026365	195.0,286.0,330.0,453.0	190.0,286.0,334.0,450.0
000051	35	76	TP	1.0	0.8893735408782959	2.7410326994675054	0.01734797542854304	204.0,304.0,338.0,471.0	199.0,304.0,341.0,470.0
000051	56	77	TP	0.9991068438093111	0.9406471252441406	3.2247403567725543	0.011080135344200956	193.0,307.0,327.0,474.0	189.0,305.0,331.0,470.0
000051	83	78	TP	1.0	0.9165798425674438	2.760459941920861	0.01895381457386217	184.0,293.0,317.0,461.0	179.0,291.0,319.0,457.0
000051	100	79	TP	1.0	0.8806602358818054	2.7439769609136624	0.022342509927225824	187.0,283.0,318.0,451.0	182.0,282.0,320.0,448.0
000051	116	80	TP	0.9994824314221634	0.9549373388290405	3.0747302720191385	0.013316252729400102	197.0,272.0,324.0,438.0	191.0,271.0,328.0,436.0
000051	138	81	TP	0.9999419684308264	0.9023305177688599	3.0625981666046296	0.019712568302706318	210.0,248.0,335.0,413.0	205.0,246.0,338.0,410.0
000051	169	82	TP	1.0	0.9467682242393494	3.0657007677930217	0.018861705729739435	212.0,253.0,334.0,419.0	208.0,252.0,339.0,417.0
000051	240	83	TP	1.0	0.8752175569534302	2.6574812321125574	0.018762475973058242	230.0,280.0,342.0,438.0	231.0,279.0,346.0,437.0
000051	407	84	TP	0.9931459473055398	0.896128237247467	3.2513856104953613	0.009927982848849779	191.0,262.0,317.0,420.0	193.0,265.0,318.0,420.0
000051	515	85	TP	0.9905348748570703	0.8766576051712036	2.9782063323394934	0.015445155759899439	189.0,275.0,324.0,430.0	192.0,275.0,324.0,430.0
000051	520	86	TP	0.988136023347291	0.8421101570129395	2.9003848683623876	0.01612985180052879	193.0,273.0,329.0,428.0	196.0,276.0,328.0,428.0
000051	532	87	TP	0.9908332279681376	0.8466521501541138	2.850380628963822	0.015440327059834847	193.0,275.0,331.0,431.0	196.0,277.0,330.0,430.0
000051	546	88	TP	0.9928143712574851	0.8643506169319153	2.863299293878555	0.018762727415921276	200.0,273.0,340.0,429.0	203.0,274.0,338.0,427.0
000051	553	89	TP	0.9902175957860413	0.870790421962738	2.529698487662329	0.018329133517157415	194.0,275.0,335.0,431.0	196.0,277.0,333.0,432.0
000051	571	90	TP	0.9927468848800446	0.8940327763557434	2.677566085927891	0.01747833060721214	195.0,280.0,338.0,437.0	195.0,281.0,336.0,437.0
000051	582	91	TP	0.9906754186859702	0.8920647501945496	2.6700257450177856	0.018813891403206023	193.0,299.0,339.0,457.0	196.0,300.0,337.0,456.0
000051	601	92	TP	0.9915280063387578	0.8937205076217651	2.782315047095382	0.0204433901474223	193.0,290.0,342.0,449.0	196.0,292.0,342.0,448.0
000051	611	93	TP	0.9911665053242982	0.8907696008682251	2.4282962007452054	0.023307601529708472	190.0,286.0,341.0,446.0	190.0,290.0,339.0,445.0
000051	618	94	TP	0.9917062323456939	0.9124659895896912	2.5451781651587315	0.022529418957724746	185.0,279.0,338.0,439.0	186.0,282.0,335.0,438.0
000051	636	95	TP	0.9896689363700399	0.9159137010574341	2.256680498467657	0.02335458341771186	185.0,289.0,342.0,452.0	187.0,291.0,342.0,451.0
000051	637	96	TP	0.9900316641257183	0.9078719615936279	2.5697950031963375	0.021968122340335332	186.0,290.0,343.0,452.0	188.0,292.0,343.0,451.0
000051	649	97	TP	0.9958081043316255	0.8622291088104248	2.372934496934512	0.024693135231449365	168.0,282.0,328.0,445.0	168.0,282.0,327.0,443.0
000051	654	98	TP	0.9943689771275979	0.8738681674003601	2.4937549811049355	0.02155387305572869	170.0,282.0,330.0,445.0	171.0,283.0,330.0,444.0
000051	669	99	TP	0.9934812442817932	0.9111486673355103	2.52171218235616	0.01897047095335794	170.0,293.0,333.0,457.0	173.0,294.0,333.0,456.0
000051	672	100	TP	0.9973210214318285	0.9208924770355225	2.707535290441802	0.019814213972769487	174.0,294.0,337.0,458.0	176.0,298.0,335.0,457.0
000051	675	101	TP	0.9975523679417122	0.9405598640441895	2.4680678558028393	0.02074678134266859	176.0,290.0,340.0,454.0	177.0,292.0,337.0,453.0
000051	681	102	TP	0.998303455296047	0.9468919634819031	2.7390275716625605	0.01937496837329856	176.0,290.0,341.0,454.0	176.0,289.0,338.0,451.0
000051	685	103	TP	0.9979199460310322	0.9405166506767273	2.6169786611201125	0.01703762572576947	173.0,290.0,339.0,454.0	174.0,292.0,336.0,455.0
000051	694	104	TP	0.9946577629382304	0.9195817708969116	2.8546444746322788	0.019358629805810965	168.0,291.0,335.0,456.0	167.0,290.0,334.0,453.0
000051	698	105	TP	0.9952185032803291	0.8965597152709961	2.820151485187427	0.01460331358852281	166.0,286.0,334.0,450.0	168.0,287.0,333.0,448.0
000051	780	106	TP	0.9975330673944993	0.9267845749855042	2.7289904233722053	0.014110006891747585	147.0,285.0,326.0,452.0	146.0,284.0,326.0,450.0
000051	946	107	TP	0.9994831555701734	0.9385805726051331	2.8422248056767954	0.004738104512430321	135.0,269.0,339.0,436.0	135.0,267.0,338.0,434.0
000051	1038	108	TP	1.0	0.9223178029060364	2.648408206790881	0.00483523575210161	138.0,270.0,353.0,436.0	136.0,267.0,352.0,436.0
000051	1045	109	TP	1.0	0.9268622398376465	2.6208010561161004	0.0041864119459874925	136.0,270.0,352.0,436.0	133.0,266.0,350.0,433.0
000051	1057	110	TP	1.0	0.9145547151565552	2.7277121755136555	0.003040121601318659	135.0,262.0,352.0,427.0	131.0,258.0,350.0,425.0
000051	1063	111	TP	1.0	0.9066911339759827	2.686834186270247	0.004750207144787504	135.0,263.0,352.0,428.0	132.0,259.0,351.0,425.0
000051	1076	112	TP	1.0	0.9319508671760559	2.4852039751164825	0.005610000906768714	136.0,276.0,355.0,442.0	132.0,273.0,354.0,440.0
000051	1080	113	TP	1.0	0.9342135190963745	2.225503825606313	0.005233676731201195	135.0,272.0,354.0,438.0	132.0,268.0,353.0,434.0
000051	1091	114	TP	1.0	0.8819456100463867	2.5601120287590704	0.002927281597376545	120.0,266.0,339.0,431.0	117.0,261.0,337.0,427.0
000051	1092	115	TP	0.9999558401413116	0.8841869235038757	2.130718926575795	0.004034094850873089	119.0,265.0,339.0,429.0	117.0,261.0,338.0,426.0
000051	1110	116	TP	1.0	0.9221675395965576	2.29855497402082	0.0025353617384089437	106.0,261.0,328.0,425.0	100.0,256.0,328.0,422.0
000051	1111	117	TP	0.9999122268059335	0.9208904504776001	2.1115374880491165	0.004015130528915245	106.0,260.0,329.0,423.0	98.0,256.0,328.0,422.0
000051	1149	118	TP	1.0	0.9138707518577576	2.050753130403095	0.007799874620629179	95.0,251.0,320.0,412.0	89.0,246.0,317.0,410.0
000051	1150	119	TP	1.0	0.9139639139175415	2.5168908991645447	0.0024452033067936807	94.0,251.0,320.0,412.0	91.0,246.0,319.0,411.0
000051	1160	120	TP	1.0	0.9201072454452515	2.235438359063948	0.0041086358387816165	91.0,250.0,318.0,411.0	86.0,246.0,315.0,409.0
000051	1182	121	TP	1.0	0.9202629327774048	1.9357428090807736	0.004628733024597943	116.0,256.0,343.0,417.0	113.0,253.0,341.0,415.0
000051	1220	122	TP	1.0	0.8952672481536865	1.8617753468183338	0.006054653229622913	112.0,272.0,341.0,431.0	111.0,267.0,342.0,428.0
000051	1528	123	TP	1.0	0.9272161722183228	1.7516045745496005	0.0023745843504579542	83.0,255.0,323.0,417.0	78.0,249.0,323.0,415.0
000051	1536	124	TP	1.0	0.9353519678115845	1.477563741504607	0.0023463547843800203	82.0,256.0,323.0,419.0	77.0,250.0,324.0,419.0
000051	1545	125	TP	1.0	0.9198024868965149	1.1345737041909538	0.005223713854179085	84.0,270.0,326.0,436.0	81.0,264.0,327.0,435.0
000051	1566	126	TP	1.0	0.8841127157211304	1.2874541082758666	0.004804526858502029	89.0,265.0,333.0,434.0	84.0,261.0,332.0,432.0
000051	1571	127	TP	1.0	0.8940665125846863	1.4357428705129454	0.007728454274193979	90.0,267.0,335.0,437.0	88.0,263.0,336.0,436.0
000051	1584	128	TP	1.0	0.9104097485542297	1.3137411294268992	0.006899398700771058	92.0,259.0,338.0,430.0	88.0,251.0,339.0,427.0
000051	1588	129	TP	1.0	0.9037902355194092	1.341874956579114	0.005762750971635657	90.0,251.0,337.0,422.0	86.0,245.0,337.0,420.0
000051	1603	130	TP	1.0	0.9521015286445618	1.567532687834033	0.005104822212352627	100.0,234.0,350.0,406.0	94.0,228.0,346.0,404.0
000051	1611	131	TP	1.0	0.9245844483375549	1.794587680525945	0.0044300772331804005	91.0,227.0,343.0,402.0	88.0,223.0,341.0,400.0
000051	1617	132	TP	0.9999622741162711	0.9109477996826172	1.72016576893091	0.006863686824424528	88.0,224.0,341.0,400.0	86.0,221.0,340.0,400.0
000051	1628	133	TP	1.0	0.8838983774185181	1.78404099041579	0.006546384243469384	103.0,237.0,355.0,415.0	100.0,235.0,353.0,416.0
000051	1629	134	TP	1.0	0.8867449760437012	1.5381561488602145	0.006798991163764609	103.0,239.0,356.0,417.0	101.0,237.0,355.0,420.0
000051	1645	135	TP	0.999154877824729	0.9193992018699646	1.5775979134119398	0.008565383430315678	115.0,239.0,368.0,420.0	111.0,235.0,366.0,418.0
000051	1650	136	TP	1.0	0.9035433530807495	1.744402950647331	0.002820922787368161	117.0,237.0,370.0,419.0	116.0,235.0,372.0,421.0
000051	1673	137	TP	1.0	0.9378604888916016	1.8174251516197948	0.006199583325379557	150.0,238.0,405.0,424.0	150.0,238.0,407.0,425.0
000051	1674	138	TP	1.0	0.9387151002883911	1.7846133896109524	0.007159938026538883	153.0,240.0,408.0,426.0	151.0,239.0,408.0,425.0
000051	1687	139	TP	1.0	0.923882007598877	1.6010052635312222	0.006469597462764989	151.0,235.0,409.0,423.0	148.0,233.0,407.0,422.0
000051	1693	140	TP	1.0	0.9339556097984314	1.7426927920999966	0.005322632137904868	152.0,238.0,411.0,428.0	149.0,237.0,409.0,426.0
000051	1698	141	TP	1.0	0.9417029023170471	1.8313665426949932	0.0034273455051853008	153.0,241.0,411.0,431.0	149.0,239.0,410.0,431.0
000051	1699	142	TP	1.0	0.941216230392456	1.6100828985074578	0.006372101598671104	153.0,242.0,412.0,433.0	149.0,240.0,410.0,432.0
000051	1700	143	TP	1.0	0.9385057091712952	1.8036127155085009	0.005450217738539821	152.0,243.0,411.0,434.0	149.0,241.0,410.0,434.0
000051	1708	144	TP	1.0	0.919813871383667	1.6566387512449938	0.005957693810087109	156.0,238.0,416.0,431.0	153.0,236.0,416.0,429.0
000051	1709	145	TP	1.0	0.9235720634460449	1.73197573247692	0.005196156137916942	155.0,238.0,417.0,431.0	152.0,236.0,416.0,430.0
000051	1715	146	TP	1.0	0.9326460957527161	1.6728354936797654	0.005805668759244431	153.0,240.0,415.0,435.0	149.0,239.0,413.0,434.0
000051	1717	147	TP	1.0	0.9322138428688049	1.728856764910651	0.0073044542703893265	151.0,242.0,413.0,436.0	147.0,240.0,411.0,438.0
000051	1729	148	TP	1.0	0.9337610602378845	1.8950398701999622	0.0037514298540756216	151.0,255.0,413.0,452.0	148.0,253.0,413.0,451.0
000051	1927	149	TP	1.0	0.8318353891372681	2.1142801030124914	0.004793714590619664	37.0,245.0,324.0,475.0	32.0,244.0,320.0,477.0
000054	1	150	TP	1.0	0.9283594489097595	1.149038265950753	0.010281347645439524	162.0,310.0,387.0,440.0	158.0,311.0,382.0,443.0
000054	22	151	TP	0.9998638220608261	0.9415848255157471	1.3674620223422638	0.007363456818092026	181.0,304.0,408.0,438.0	178.0,304.0,403.0,440.0
000054	32	152	TP	1.0	0.9251104593276978	0.9460276098624668	0.011505234815374493	181.0,321.0,407.0,462.0	177.0,322.0,402.0,464.0
000054	38	153	TP	1.0	0.9175265431404114	1.136582401807469	0.011036309801191793	173.0,300.0,397.0,437.0	167.0,299.0,392.0,436.0
000054	43	154	TP	1.0	0.9436880946159363	1.1836349737995977	0.01165208189512181	168.0,271.0,393.0,406.0	162.0,270.0,387.0,406.0
000054	50	155	TP	1.0	0.910912811756134	0.9468463988103953	0.007871490835994137	160.0,270.0,385.0,405.0	155.0,269.0,379.0,407.0
000054	56	156	TP	1.0	0.9007773399353027	0.8350699911669619	0.009584140777755743	149.0,280.0,375.0,415.0	139.0,279.0,365.0,416.0
000054	63	157	TP	0.9999060812397277	0.92783522605896	0.7942038616452333	0.011120624425233164	158.0,270.0,386.0,406.0	156.0,265.0,385.0,403.0
000054	69	158	TP	1.0	0.9363301396369934	1.176056519797686	0.0076389720324295295	162.0,263.0,391.0,405.0	155.0,264.0,386.0,409.0
000054	81	159	TP	1.0	0.8993932008743286	1.0205312262063029	0.012493771600982534	198.0,286.0,428.0,437.0	192.0,288.0,423.0,444.0
000054	86	160	TP	1.0	0.9481786489486694	0.8512322664624068	0.012288825138703795	189.0,296.0,421.0,449.0	183.0,293.0,415.0,447.0
000054	90	161	TP	1.0	0.9214330315589905	0.7284555575931694	0.01171826331682848	184.0,287.0,416.0,440.0	177.0,284.0,411.0,440.0
000054	135	162	TP	1.0	0.9121516346931458	0.8705727510228465	0.016084629961403907	199.0,277.0,408.0,411.0	193.0,275.0,401.0,411.0
000054	202	163	TP	1.0	0.896740734577179	1.2814773295248134	0.016438948832341527	206.0,288.0,404.0,407.0	201.0,284.0,398.0,407.0
000054	390	164	TP	0.99981765134938	0.9144461750984192	0.9230235318887778	0.0108991235663576	188.0,291.0,399.0,415.0	182.0,287.0,392.0,415.0
000054	479	165	TP	0.9999490809104333	0.9275513291358948	0.7944839699025071	0.011047830913995043	194.0,258.0,421.0,404.0	189.0,254.0,415.0,405.0
000054	514	166	TP	0.9999528502051016	0.9325269460678101	0.6658724944344715	0.009760606010518336	205.0,249.0,439.0,405.0	198.0,243.0,434.0,405.0
000054	520	167	TP	0.9999536350148368	0.9390561580657959	0.6671054522157095	0.007359553063330451	207.0,252.0,443.0,410.0	201.0,247.0,437.0,411.0
000054	524	168	TP	1.0	0.9373433589935303	0.4633698801725923	0.01058944094076	202.0,252.0,439.0,411.0	196.0,248.0,434.0,411.0
000054	530	169	TP	1.0	0.9415936470031738	0.627921069259359	0.010670448880264347	195.0,257.0,434.0,418.0	190.0,253.0,428.0,419.0
000054	537	170	TP	1.0	0.9487124681472778	0.6839873558256899	0.00788942943763381	195.0,274.0,436.0,436.0	190.0,270.0,430.0,437.0
000054	543	171	TP	1.0	0.9267966151237488	0.6037912418617093	0.009368276321571513	198.0,282.0,440.0,445.0	191.0,277.0,433.0,445.0
000054	560	172	TP	1.0	0.9489866495132446	0.6316120866532637	0.007649021855491533	202.0,288.0,446.0,455.0	196.0,284.0,440.0,456.0
000054	561	173	TP	1.0	0.9486826062202454	0.4753771485608011	0.01272732909817806	202.0,288.0,446.0,456.0	196.0,283.0,441.0,456.0
000054	568	174	TP	1.0	0.9200230240821838	0.4817789671630073	0.012864510189059626	191.0,289.0,437.0,456.0	183.0,284.0,431.0,456.0
000054	577	175	TP	1.0	0.9479280710220337	0.8647528532153445	0.009845671797594597	184.0,292.0,432.0,459.0	177.0,287.0,427.0,459.0
000054	583	176	TP	1.0	0.9456742405891418	0.5110715588405154	0.008352361697163371	184.0,292.0,433.0,459.0	178.0,288.0,429.0,460.0
000054	588	177	TP	1.0	0.9242672324180603	0.44487342300511423	0.007805623791324813	187.0,296.0,436.0,463.0	180.0,292.0,431.0,463.0
000054	589	178	TP	1.0	0.9126074910163879	0.6560364957330359	0.009111428885732175	187.0,298.0,436.0,464.0	180.0,293.0,432.0,464.0
000054	595	179	TP	1.0	0.9023458957672119	0.8582206602603243	0.008372257062269106	189.0,303.0,440.0,469.0	184.0,299.0,435.0,469.0
000054	598	180	TP	0.9999590868177727	0.915231466293335	0.7951450873889739	0.008139342731341974	189.0,305.0,440.0,471.0	183.0,302.0,435.0,473.0
000054	604	181	TP	1.0	0.932031512260437	0.6080785849563004	0.008627270893305523	187.0,311.0,438.0,477.0	181.0,307.0,433.0,477.0
000054	681	182	TP	0.9997496348842061	0.9490751028060913	1.1583971976744036	0.007731846867537414	156.0,318.0,403.0,467.0	150.0,316.0,398.0,467.0
000054	741	183	TP	1.0	0.9127443432807922	1.0081337369517598	0.010160757392421867	185.0,331.0,422.0,470.0	180.0,331.0,419.0,470.0
000054	866	184	TP	1.0	0.8898925185203552	1.0701159997240446	0.006961073662806873	237.0,340.0,465.0,461.0	233.0,340.0,463.0,462.0
000054	1012	185	TP	1.0	0.8977558612823486	1.290638412044869	0.0019448145271824186	280.0,344.0,511.0,462.0	279.0,345.0,512.0,464.0
000054	1024	186	TP	0.9998267498267498	0.8870871663093567	0.6473372031380856	0.0031315868044723156	320.0,341.0,553.0,462.0	318.0,342.0,554.0,464.0
000054	1025	187	TP	0.999913781954563	0.8761878609657288	0.807045772541518	0.005129761080497567	323.0,343.0,557.0,463.0	322.0,344.0,559.0,465.0
000054	1028	188	TP	0.9994443494614464	0.954409658908844	0.5700558064985002	0.0033251560284160184	330.0,349.0,565.0,469.0	328.0,350.0,565.0,472.0
000054	1029	189	TP	0.9997439836149513	0.9565916061401367	0.6089575611559308	0.00370504649560584	330.0,351.0,566.0,470.0	328.0,351.0,565.0,472.0
000054	1032	190	TP	1.0	0.958377480506897	0.707732980214935	0.004189784622275211	332.0,353.0,569.0,472.0	330.0,352.0,568.0,473.0
000054	1033	191	TP	1.0	0.9579471349716187	0.8719615977028345	0.002993460808435686	332.0,353.0,570.0,472.0	330.0,352.0,568.0,473.0
000054	1039	192	TP	0.998435716399611	0.8711641430854797	0.632258973154178	0.005973910590575023	323.0,343.0,561.0,461.0	319.0,343.0,557.0,462.0
000054	1042	193	TP	0.9998727465535525	0.9417892694473267	0.8401622457263167	0.006292936816059375	316.0,340.0,554.0,456.0	312.0,338.0,549.0,454.0
000054	1063	194	TP	0.9995698924731182	0.9060892462730408	1.1121440565995644	0.00751613126784567	286.0,326.0,524.0,432.0	281.0,325.0,519.0,432.0
000054	1068	195	TP	0.9985371310558472	0.9443137645721436	0.9754284850465804	0.006695243261272992	283.0,320.0,521.0,424.0	279.0,318.0,517.0,425.0
000054	1080	196	TP	0.9998703095279267	0.8967269062995911	1.1639037819440752	0.004803470093298787	276.0,313.0,515.0,416.0	273.0,311.0,511.0,416.0
000054	1083	197	TP	0.99939501318007	0.9033374786376953	1.1185677938154432	0.006445669440170909	276.0,312.0,515.0,415.0	273.0,310.0,512.0,415.0
000054	1089	198	TP	0.9986145986665512	0.8678864240646362	1.107237960979231	0.005115908819545772	283.0,311.0,522.0,414.0	280.0,310.0,521.0,415.0
000054	1096	199	TP	1.0	0.9224631190299988	0.47224717416563927	0.010298684320030255	292.0,316.0,531.0,419.0	286.0,316.0,528.0,422.0
000054	1106	200	TP	0.9999141851883635	0.9359145760536194	1.2054256791988116	0.007365185027697917	296.0,334.0,535.0,438.0	297.0,337.0,538.0,444.0
000054	1110	201	TP	1.0	0.9178855419158936	0.9200788672992828	0.007597466303603709	307.0,351.0,548.0,456.0	309.0,352.0,549.0,459.0
000054	1111	202	TP	1.0	0.942939817905426	0.5749625336404999	0.01068676344431941	310.0,354.0,551.0,459.0	309.0,355.0,549.0,462.0
000054	1134	203	TP	0.9989991898203308	0.8941054940223694	1.3684861934406003	0.010240219246588548	228.0,312.0,458.0,419.0	222.0,311.0,452.0,415.0
000054	1178	204	TP	1.0	0.9135854244232178	1.3995669541895925	0.007659546145562169	224.0,316.0,441.0,419.0	221.0,318.0,440.0,418.0
000054	1355	205	TP	0.9999491327127524	0.8953807353973389	1.2920486626946834	0.008580026965936474	263.0,332.0,494.0,443.0	263.0,329.0,494.0,442.0
000054	1531	206	TP	1.0	0.9185053706169128	0.6777129777567882	0.01172967679975057	286.0,329.0,524.0,452.0	283.0,326.0,524.0,454.0
000054	1539	207	TP	1.0	0.9406490325927734	0.9090390683644054	0.010753137773101417	287.0,331.0,526.0,455.0	286.0,328.0,527.0,456.0
000054	1543	208	TP	1.0	0.9429454207420349	1.1904616939660544	0.009684513010005205	296.0,332.0,535.0,456.0	293.0,331.0,533.0,459.0
000054	1547	209	TP	1.0	0.8672187924385071	0.7882821756414289	0.010760790124570055	302.0,340.0,542.0,464.0	301.0,339.0,542.0,467.0
000054	1550	210	TP	1.0	0.8859466314315796	1.3197093552193577	0.0086515360148082	306.0,342.0,545.0,467.0	303.0,340.0,544.0,468.0
000054	1557	211	TP	1.0	0.8986520171165466	0.5909782373485186	0.010740343531924403	306.0,338.0,546.0,463.0	302.0,335.0,543.0,461.0
000054	1559	212	TP	1.0	0.9307479858398438	0.6300743401274522	0.010535581369208506	306.0,336.0,546.0,460.0	304.0,333.0,545.0,459.0
000054	1568	213	TP	0.9999035493827161	0.9317198991775513	0.3896678649315049	0.011605440113210021	297.0,337.0,537.0,460.0	290.0,334.0,534.0,461.0
000054	1573	214	TP	1.0	0.9011635780334473	0.8028234113040172	0.009873856379143262	285.0,336.0,526.0,460.0	280.0,334.0,524.0,460.0
000054	1580	215	TP	1.0	0.931858479976654	0.24847824681235045	0.010939655390976622	275.0,336.0,517.0,460.0	271.0,334.0,515.0,461.0
000054	1585	216	TP	0.9999054328809873	0.9029577970504761	0.6111276649959464	0.008622936279314241	271.0,339.0,514.0,463.0	269.0,338.0,515.0,464.0
000054	1595	217	TP	1.0	0.9227573275566101	0.8188268527201644	0.009972848285055947	283.0,331.0,527.0,453.0	282.0,326.0,530.0,452.0
000054	1597	218	TP	1.0	0.9351214170455933	0.9282231003479068	0.008838247762916814	286.0,329.0,530.0,451.0	287.0,325.0,530.0,451.0
000054	1605	219	TP	0.9998100574576191	0.8784141540527344	1.1882086521698194	0.008142902511063525	301.0,325.0,545.0,447.0	299.0,322.0,546.0,448.0
000054	1613	220	TP	0.9988100904331271	0.9407603740692139	0.9187826675784313	0.007732192591863718	307.0,329.0,551.0,451.0	306.0,326.0,551.0,453.0
000054	1619	221	TP	1.0	0.9445540308952332	0.9813937196361467	0.0079736624827397	312.0,333.0,555.0,457.0	310.0,331.0,555.0,458.0
000054	1625	222	TP	0.9994784752512801	0.9223062992095947	0.8515720865934312	0.0066434181239867105	320.0,334.0,563.0,458.0	318.0,330.0,564.0,457.0
000054	1663	223	TP	1.0	0.8957635164260864	0.8462523463442432	0.012313068717114899	318.0,320.0,562.0,442.0	317.0,315.0,566.0,441.0
000054	1844	224	TP	1.0	0.9035578966140747	0.44850942990310183	0.014323207502553807	331.0,301.0,576.0,433.0	329.0,299.0,577.0,432.0
000055	22	225	TP	0.7827098621800609	0.8762502670288086	2.0967103198416175	0.0027931153947726014	110.0,293.0,307.0,409.0	103.0,289.0,303.0,407.0
000055	42	226	TP	0.7894265767647234	0.8835738897323608	2.5996826858305546	0.004755357551060141	136.0,302.0,334.0,417.0	131.0,299.0,329.0,415.0
000055	49	227	TP	0.7871432862721538	0.8876658082008362	1.3623562678598613	0.00383305429555167	142.0,292.0,339.0,405.0	136.0,289.0,333.0,405.0
000055	62	228	TP	0.7907477138246369	0.8354384899139404	1.4743200193906072	0.0051068058470757054	135.0,270.0,332.0,380.0	131.0,267.0,327.0,379.0
000055	89	229	TP	0.7872185027388923	0.8943935036659241	1.853264747843129	0.0033937737263372266	104.0,285.0,302.0,397.0	97.0,282.0,296.0,395.0
000055	100	230	TP	0.7867980414676903	0.8365553021430969	1.5867289893117045	0.003620703416828054	95.0,290.0,295.0,403.0	90.0,287.0,289.0,402.0
000055	128	231	TP	0.786363899669814	0.8537994027137756	0.7668667963738587	0.005224342240284093	20.0,282.0,228.0,409.0	13.0,279.0,223.0,409.0
000055	205	232	TP	0.7937376324060063	0.8652541041374207	0.9572622458654105	0.004093024874333659	49.0,283.0,257.0,405.0	46.0,281.0,252.0,402.0
000055	360	233	TP	0.8012155645108013	0.8817071914672852	0.8342338493065168	0.006903093336629193	119.0,284.0,316.0,397.0	117.0,283.0,312.0,396.0
000055	454	234	TP	0.7910721565430086	0.9166133999824524	0.872760771097816	0.008720289959928972	160.0,315.0,356.0,430.0	156.0,312.0,349.0,429.0
000055	512	235	TP	0.7866852561868247	0.8836833238601685	0.8836420025043679	0.006892346069265959	142.0,303.0,337.0,419.0	141.0,301.0,332.0,417.0
000055	513	236	TP	0.7873126524921575	0.8966807126998901	0.8056676252750292	0.007849185615819912	143.0,303.0,338.0,418.0	142.0,301.0,333.0,417.0
000055	526	237	TP	0.7803367659337601	0.9220755696296692	0.9143635476822051	0.005334991159706711	144.0,300.0,339.0,415.0	141.0,298.0,335.0,415.0
000055	530	238	TP	0.7775615181426386	0.9048742055892944	0.5965264699775602	0.007640474760646558	137.0,297.0,333.0,412.0	135.0,294.0,328.0,411.0
000055	546	239	TP	0.7765728189085853	0.8644123673439026	0.828690972359358	0.007700980873827205	115.0,290.0,311.0,406.0	114.0,287.0,307.0,405.0
000055	562	240	TP	0.7723960863229478	0.9320876002311707	0.7211411156978155	0.006070389991362208	124.0,296.0,320.0,411.0	124.0,293.0,319.0,410.0
000055	563	241	TP	0.7795751180227715	0.9183536171913147	0.8374587380088514	0.008817440840287108	127.0,295.0,323.0,410.0	126.0,291.0,321.0,408.0
000055	588	242	TP	0.7834117321527393	0.8705471754074097	1.0225637987459897	0.004855464295087609	101.0,305.0,297.0,420.0	100.0,303.0,293.0,419.0
000055	598	243	TP	0.7718368769606134	0.924252450466156	1.0916340093158328	0.005782941031495557	109.0,300.0,305.0,415.0	106.0,298.0,302.0,414.0
000055	603	244	TP	0.7677099343300265	0.9280268549919128	0.7985212188603555	0.006475799496638072	109.0,300.0,305.0,414.0	106.0,298.0,302.0,413.0
000055	610	245	TP	0.7615395342351137	0.9029318690299988	1.0946705350835828	0.006740647073029123	114.0,300.0,309.0,414.0	111.0,298.0,307.0,414.0
000055	612	246	TP	0.7619545517914401	0.8986294865608215	0.6633381674945352	0.008256734348236976	116.0,300.0,311.0,414.0	113.0,298.0,308.0,414.0
000055	618	247	TP	0.7738045738045738	0.848422110080719	1.1532486044605483	0.006503966569734171	116.0,307.0,312.0,423.0	113.0,305.0,307.0,425.0
000055	621	248	TP	0.7672712169458674	0.9144941568374634	0.30356302816792236	0.010412215441372935	111.0,314.0,308.0,429.0	109.0,311.0,304.0,429.0
000055	622	249	TP	0.7679077156869517	0.9142402410507202	0.9588278636912061	0.005296427358391211	111.0,314.0,308.0,430.0	110.0,312.0,305.0,431.0
000055	638	250	TP	0.7671468946026057	0.9089762568473816	0.887330526136063	0.007864992038453046	96.0,315.0,293.0,431.0	96.0,312.0,290.0,430.0
000055	641	251	TP	0.7753428433602095	0.891248881816864	0.7352229316353711	0.008288805383840045	94.0,314.0,291.0,430.0	90.0,310.0,286.0,428.0
000055	649	252	TP	0.7692095270969969	0.9031658172607422	0.8223072456759289	0.010344817091732147	95.0,317.0,292.0,432.0	93.0,314.0,289.0,432.0
000055	654	253	TP	0.7645674740484429	0.8886533379554749	0.8310491459222162	0.006131645565504273	97.0,320.0,293.0,435.0	95.0,317.0,291.0,434.0
000055	663	254	TP	0.7693585219015985	0.9258202314376831	1.0704288330433522	0.006545374848740633	107.0,318.0,303.0,431.0	105.0,315.0,301.0,431.0
000055	793	255	TP	0.7461691747406033	0.8899557590484619	0.8982542281121634	0.013811896882123862	183.0,321.0,380.0,437.0	182.0,319.0,377.0,437.0
000055	920	256	TP	0.7614591505099182	0.9238356351852417	0.3604921033489595	0.010340806584104757	158.0,311.0,375.0,438.0	156.0,311.0,372.0,438.0
000055	1025	257	TP	0.7387031113695842	0.9065052270889282	0.9702441234667711	0.006703121635646255	130.0,300.0,343.0,430.0	129.0,302.0,340.0,430.0
000055	1038	258	TP	0.7328623146093659	0.8606588244438171	1.5508148832226722	0.004474789781405346	143.0,296.0,355.0,427.0	142.0,300.0,353.0,427.0
000055	1040	259	TP	0.7327021972884525	0.8702069520950317	0.9973603032468344	0.007422082299116931	146.0,297.0,358.0,427.0	146.0,299.0,357.0,427.0
000055	1041	260	TP	0.7285155108956008	0.8747626543045044	1.2850227501736669	0.005627732149146743	148.0,297.0,360.0,428.0	146.0,299.0,357.0,427.0
000055	1042	261	TP	0.7278199883109293	0.8757140040397644	1.2592973414958246	0.0038111517572998774	148.0,297.0,360.0,428.0	146.0,299.0,358.0,428.0
000055	1044	262	TP	0.7290669158005372	0.8919914364814758	0.9781225745791262	0.008276447938703272	149.0,298.0,361.0,429.0	148.0,300.0,359.0,428.0
000055	1046	263	TP	0.739267198695171	0.9160777926445007	1.0245859026161832	0.006622087383598206	150.0,300.0,362.0,431.0	148.0,303.0,359.0,432.0
000055	1048	264	TP	0.7368635437881874	0.9208849668502808	0.8236056917066958	0.007411211490756252	150.0,301.0,362.0,433.0	150.0,303.0,361.0,433.0
000055	1049	265	TP	0.734092625951537	0.9248703122138977	1.2684444848756335	0.010784072449757114	151.0,302.0,363.0,433.0	150.0,303.0,361.0,433.0
000055	1053	266	TP	0.7377049180327869	0.9299256205558777	1.274092434779557	0.006196676680534423	150.0,302.0,363.0,434.0	150.0,304.0,361.0,434.0
000055	1055	267	TP	0.7328354752807688	0.9263057112693787	1.4278497418038842	0.006936202734628921	151.0,302.0,364.0,433.0	151.0,303.0,363.0,433.0
000055	1064	268	TP	0.7345301316093281	0.9123331904411316	1.2842836168659248	0.010018867142031533	155.0,297.0,368.0,430.0	154.0,302.0,366.0,431.0
000055	1068	269	TP	0.7304122225425195	0.899602472782135	1.104675974005883	0.006718173952940903	155.0,297.0,368.0,429.0	154.0,301.0,366.0,429.0
000055	1088	270	TP	0.7297641073080481	0.8902071118354797	1.4584677189248765	0.0068968234047826925	155.0,295.0,367.0,429.0	154.0,298.0,365.0,428.0
000055	1100	271	TP	0.732222673709874	0.9112111330032349	1.3032533855840727	0.012273296196079277	152.0,291.0,363.0,424.0	150.0,293.0,360.0,425.0
000055	1103	272	TP	0.7395996518711924	0.9158926606178284	1.008736293066086	0.005410296424165783	152.0,290.0,364.0,424.0	151.0,292.0,361.0,425.0
000055	1115	273	TP	0.7254072227696945	0.9282945990562439	1.2512693315790921	0.01061580235618274	152.0,285.0,363.0,419.0	151.0,287.0,361.0,420.0
000055	1120	274	TP	0.7304040754891745	0.9265332221984863	0.9058200606074271	0.01099541655706975	151.0,285.0,362.0,420.0	150.0,287.0,359.0,421.0
000055	1132	275	TP	0.7368969107948629	0.9265643358230591	1.0019545891463912	0.007647922649774491	149.0,287.0,360.0,423.0	148.0,289.0,357.0,423.0
000055	1136	276	TP	0.7324098759707894	0.9254770874977112	1.4030954234559114	0.005919810754088766	150.0,285.0,360.0,420.0	149.0,289.0,357.0,421.0
000055	1147	277	TP	0.7288742563391671	0.9008446931838989	0.8449251439350512	0.00891390120553166	145.0,281.0,356.0,416.0	143.0,284.0,352.0,416.0
000055	1151	278	TP	0.7259800817454378	0.9101930260658264	0.626343682685999	0.008606627298574242	144.0,280.0,355.0,416.0	142.0,284.0,350.0,417.0
000055	1161	279	TP	0.7590092666742936	0.9229709506034851	0.6634407062843303	0.006633858435615221	140.0,281.0,351.0,418.0	138.0,284.0,348.0,419.0
000055	1164	280	TP	0.7290141811527905	0.9214422702789307	1.1170716374414238	0.008242182155843126	141.0,283.0,352.0,420.0	140.0,286.0,349.0,422.0
000055	1176	281	TP	0.7268752876208008	0.9212879538536072	0.7455991774942538	0.008031807702104092	142.0,282.0,351.0,420.0	140.0,286.0,348.0,421.0
000055	1177	282	TP	0.7284916844104276	0.9220983386039734	1.284736643765648	0.007004769093902716	142.0,282.0,351.0,420.0	140.0,285.0,348.0,420.0
000055	1189	283	TP	0.7232555452865065	0.932301938533783	0.7061240431864086	0.0067711562237485114	139.0,282.0,347.0,420.0	137.0,286.0,344.0,421.0
000055	1347	284	TP	0.7313939259094449	0.9068859815597534	1.6640928636444274	0.004247682391991429	143.0,283.0,352.0,426.0	143.0,286.0,348.0,426.0
000055	1520	285	TP	0.7114941203596956	0.8878479599952698	2.269230672086031	0.002210168153376676	188.0,278.0,380.0,423.0	186.0,288.0,375.0,424.0
000055	1543	286	TP	0.7062594904673528	0.8920526504516602	1.9496207271933903	0.004492963993815842	163.0,297.0,355.0,445.0	160.0,306.0,349.0,445.0
000055	1563	287	TP	0.7116432137993645	0.9115084409713745	1.9805458653621735	0.0009012981522151313	166.0,293.0,358.0,440.0	166.0,306.0,353.0,439.0
000055	1567	288	TP	0.7159913988229968	0.8969232439994812	2.054058245586169	0.001702930280366789	167.0,295.0,358.0,442.0	167.0,309.0,354.0,443.0
000055	1585	289	TP	0.7172457214813119	0.8641080856323242	1.6988498271478616	0.0014293568263043807	175.0,290.0,366.0,436.0	175.0,307.0,360.0,434.0
000055	1592	290	TP	0.733488237002614	0.8806635141372681	1.866667110352705	0.005467661393487834	181.0,284.0,372.0,428.0	182.0,295.0,369.0,425.0
000055	1603	291	TP	0.7184282163569653	0.8944846987724304	1.5312661816670996	0.007254060585219551	195.0,279.0,386.0,420.0	198.0,290.0,384.0,418.0
000055	1604	292	TP	0.7143958716412598	0.9082016348838806	1.4684454535246563	0.0026353118561585247	197.0,278.0,388.0,419.0	199.0,292.0,384.0,416.0
000055	1609	293	TP	0.7158236603115414	0.901739239692688	1.8744772229156612	0.006944189750894382	208.0,276.0,398.0,415.0	210.0,289.0,394.0,414.0
000055	1612	294	TP	0.7174804098854731	0.8692503571510315	1.4980436065347305	0.0068395044420174606	211.0,279.0,401.0,418.0	212.0,289.0,398.0,418.0
000055	1625	295	TP	0.7155378010970666	0.8675990700721741	1.607299842507393	0.005191901465948522	201.0,286.0,391.0,426.0	201.0,299.0,388.0,426.0
000055	1632	296	TP	0.7146098274523852	0.8544527292251587	1.500885961230931	0.00567840433586965	207.0,287.0,396.0,427.0	207.0,300.0,392.0,427.0
000055	1643	297	TP	0.7376735280038296	0.8833898305892944	1.4096332534880454	0.0010557280869646576	204.0,290.0,394.0,429.0	203.0,305.0,389.0,428.0
000055	1666	298	TP	0.7255102040816327	0.8720359206199646	1.709398353737245	0.0028116382783287303	211.0,301.0,402.0,439.0	212.0,315.0,398.0,438.0
000055	1717	299	TP	0.7408681214421252	0.8295606970787048	1.659077223351353	0.002229477285852292	211.0,310.0,402.0,449.0	213.0,325.0,399.0,448.0
000058	30	300	TP	0.6202465705851711	0.9020882248878479	2.3635819994158274	0.01968620579685341	420.0,163.0,548.0,381.0	421.0,161.0,549.0,374.0
000058	77	301	TP	0.6183431952662722	0.9413618445396423	3.07841558018999	0.010480166558813906	408.0,159.0,536.0,378.0	406.0,157.0,534.0,371.0
000058	86	302	TP	0.6157100963552576	0.9370228052139282	3.4631174738744654	0.014205449086727495	405.0,161.0,535.0,380.0	403.0,159.0,533.0,371.0
000058	94	303	TP	0.6145424153781863	0.9293819665908813	2.926644058458515	0.009502700296894812	386.0,163.0,518.0,381.0	385.0,162.0,516.0,373.0
000058	102	304	TP	0.6203506129450651	0.8987113833427429	1.9834294773027858	0.006999293746987248	382.0,164.0,514.0,381.0	379.0,165.0,511.0,376.0
000058	103	305	TP	0.6158263129217486	0.896182656288147	3.026090660882056	0.010354266737607976	380.0,166.0,512.0,382.0	378.0,165.0,510.0,376.0
000058	107	306	TP	0.6187678361591405	0.933480978012085	2.7264722814906057	0.012477030706055896	381.0,170.0,512.0,386.0	383.0,168.0,513.0,379.0
000058	114	307	TP	0.6186099219340216	0.912377655506134	2.0205266257278596	0.005275260606137118	383.0,164.0,514.0,380.0	380.0,165.0,512.0,377.0
000058	116	308	TP	0.6174275958011888	0.8861731886863708	2.8337581982416573	0.013482020692592595	378.0,169.0,509.0,385.0	376.0,168.0,507.0,379.0
000058	121	309	TP	0.6204012671594509	0.9083003401756287	3.0106573800514362	0.012049913828400304	386.0,162.0,515.0,378.0	390.0,159.0,519.0,372.0
000058	124	310	TP	0.6228904961299327	0.888826310634613	1.9843200153091234	0.0070776065516531	393.0,165.0,522.0,380.0	393.0,166.0,522.0,378.0
000058	135	311	TP	0.6245059288537549	0.9410094618797302	1.9395088751215994	0.007286731146876523	406.0,157.0,536.0,371.0	407.0,156.0,539.0,367.0
000058	137	312	TP	0.6226993865030674	0.9342696666717529	1.555637269379912	0.0019194775665491912	409.0,157.0,540.0,371.0	407.0,158.0,540.0,368.0
000058	154	313	TP	0.6278616456536165	0.9158715605735779	1.4559126129039757	0.0032485665622960765	410.0,150.0,544.0,363.0	409.0,151.0,543.0,361.0
000058	163	314	TP	0.6319970057390002	0.9095867872238159	2.605335648045874	0.007485424291105901	415.0,159.0,547.0,372.0	417.0,157.0,549.0,367.0
000058	215	315	TP	0.6328807960359344	0.9361603856086731	1.4007966422712967	0.002049686970980139	425.0,139.0,553.0,357.0	421.0,139.0,553.0,356.0
000058	319	316	TP	0.6508606421714664	0.9216959476470947	3.0047406459384343	0.010271750295537143	372.0,195.0,502.0,403.0	371.0,196.0,502.0,408.0
000058	444	317	TP	0.6554096838194943	0.9617198705673218	3.377896966829953	0.013062916781202522	449.0,213.0,572.0,424.0	448.0,212.0,573.0,424.0
000058	516	318	TP	0.6593790808374405	0.9315437078475952	4.704667244317765	0.006758277112707047	421.0,213.0,545.0,430.0	419.0,212.0,547.0,429.0
000058	519	319	TP	0.6610646611486912	0.9554775953292847	4.148586375553724	0.005671502690898956	422.0,209.0,547.0,427.0	422.0,208.0,547.0,425.0
000058	529	320	TP	0.6576633165829145	0.8799509406089783	4.364920126303093	0.007107906612143663	416.0,215.0,541.0,433.0	415.0,215.0,542.0,434.0
000058	531	321	TP	0.6605147520401757	0.9242933988571167	4.490049707171002	0.0034239279145388893	419.0,218.0,543.0,436.0	420.0,220.0,545.0,438.0
000058	541	322	TP	0.6652044951330576	0.9226393699645996	4.155552973336109	0.005908371874703761	423.0,217.0,546.0,435.0	422.0,216.0,547.0,434.0
000058	553	323	TP	0.6701981230448384	0.9608737230300903	4.871929745704027	0.004567204206602513	429.0,207.0,551.0,425.0	427.0,205.0,554.0,423.0
000058	561	324	TP	0.6626672819566221	0.9533382654190063	3.4181089675730036	0.004887350275218312	439.0,186.0,563.0,404.0	441.0,184.0,568.0,402.0
000058	562	325	TP	0.668234108657318	0.9460824131965637	2.9402387334552773	0.007383555207419544	441.0,184.0,564.0,402.0	441.0,180.0,569.0,400.0
000058	574	326	TP	0.6687693154396511	0.9245568513870239	3.7160260475887092	0.002996122841397542	450.0,175.0,574.0,393.0	449.0,175.0,577.0,392.0
000058	576	327	TP	0.6678388340465196	0.9447201490402222	3.0387420412461954	0.0033719786846383016	450.0,176.0,574.0,394.0	447.0,175.0,575.0,393.0
000058	583	328	TP	0.678082191780822	0.9511154294013977	3.6584848733661977	0.0033429195852144157	448.0,168.0,574.0,387.0	449.0,167.0,577.0,387.0
000058	588	329	TP	0.6741768499660556	0.937763512134552	4.017293134542111	0.004511202112484184	451.0,171.0,577.0,390.0	450.0,168.0,580.0,388.0
000058	596	330	TP	0.6763350386875819	0.9280716776847839	3.7453537782473707	0.0021386486556655196	454.0,171.0,584.0,392.0	456.0,171.0,585.0,392.0
000058	603	331	TP	0.6794974493022471	0.9635348916053772	5.267786208764362	0.005507248584858729	457.0,167.0,590.0,389.0	459.0,165.0,591.0,388.0
000058	610	332	TP	0.6861959957850369	0.9671177864074707	3.6670932328630483	0.002336288989382844	458.0,165.0,592.0,388.0	460.0,164.0,593.0,386.0
000058	617	333	TP	0.6823965618943288	0.961629331111908	3.6231268445550513	0.0022401924164757677	460.0,163.0,595.0,387.0	462.0,162.0,595.0,386.0
000058	631	334	TP	0.6811229834485648	0.9600391983985901	4.178009473848756	0.003644207251944789	456.0,149.0,594.0,374.0	458.0,148.0,593.0,373.0
000058	635	335	TP	0.681136344590631	0.9501394629478455	3.186220179756529	0.00225068493650088	456.0,153.0,594.0,378.0	458.0,153.0,593.0,376.0
000058	642	336	TP	0.6769282248619709	0.9450978636741638	3.963715889227422	0.002549806916303744	454.0,153.0,593.0,378.0	458.0,154.0,591.0,376.0
000058	646	337	TP	0.6770798529903107	0.9313663244247437	4.060547023832203	0.003637500473952257	453.0,154.0,592.0,380.0	457.0,155.0,591.0,378.0
000058	653	338	TP	0.682996273499979	0.950617253780365	2.545110359549411	0.0020807869046912506	440.0,159.0,577.0,384.0	441.0,158.0,576.0,382.0
000058	655	339	TP	0.6833305397251089	0.9476325511932373	3.3006510142861862	0.0035199439186335904	435.0,160.0,573.0,384.0	438.0,159.0,571.0,383.0
000058	660	340	TP	0.6831761994552692	0.9356279969215393	3.0209326653936532	0.0022225324217003363	428.0,166.0,564.0,390.0	428.0,165.0,563.0,389.0
000058	662	341	TP	0.6848677869505092	0.9557259678840637	3.4915095432730543	0.0031508567796543828	425.0,165.0,561.0,389.0	425.0,165.0,559.0,389.0
000058	670	342	TP	0.6831303187051561	0.9283729195594788	4.2138646851317665	0.005731195292757207	425.0,170.0,561.0,395.0	427.0,170.0,560.0,395.0
000058	677	343	TP	0.6865473823724321	0.9391195774078369	3.709910468961517	0.003791321203113162	435.0,179.0,570.0,405.0	436.0,179.0,569.0,404.0
000058	691	344	TP	0.6913438231789985	0.9349393248558044	2.256076548137863	0.0024172149352855825	433.0,182.0,569.0,409.0	434.0,182.0,567.0,408.0
000058	826	345	TP	0.7077300150829563	0.9601085186004639	2.0715933446641235	0.004958321351814163	425.0,177.0,561.0,412.0	424.0,177.0,560.0,412.0
000058	940	346	TP	0.7405125332586473	0.8945604562759399	1.184638987000773	0.005801078060662748	451.0,161.0,588.0,406.0	447.0,162.0,583.0,407.0
000058	1035	347	TP	0.7276580826109128	0.904140293598175	1.2153461081662897	0.00224480901803083	448.0,237.0,592.0,499.0	448.0,239.0,589.0,479.0
000058	1036	348	TP	0.7305427343625657	0.902938961982727	1.6191130081677678	0.0025153803514919516	448.0,238.0,592.0,500.0	448.0,241.0,588.0,479.0
000058	1051	349	TP	0.7375074687883266	0.9220383167266846	1.579527771285047	0.003952528762661994	449.0,230.0,594.0,494.0	449.0,233.0,590.0,479.0
000058	1068	350	TP	0.7283194057567317	0.9304410219192505	1.5580845629349125	0.0039132081201638585	441.0,232.0,589.0,498.0	442.0,233.0,584.0,479.0
000058	1072	351	TP	0.7302645796671915	0.9530582427978516	1.183475776587033	0.003268062436667289	437.0,230.0,584.0,497.0	439.0,231.0,580.0,479.0
000058	1082	352	TP	0.7251766001039723	0.9317719340324402	0.9255573336209266	0.003217766054742001	430.0,233.0,578.0,501.0	430.0,235.0,574.0,478.0
000058	1084	353	TP	0.7357153763933425	0.9395696520805359	1.1338650283301361	0.008155245474203003	431.0,231.0,578.0,499.0	431.0,233.0,574.0,479.0
000058	1094	354	TP	0.7493810760219793	0.949661910533905	1.3582836463601788	0.0008276445041002342	433.0,220.0,579.0,489.0	433.0,223.0,576.0,479.0
000058	1097	355	TP	0.7488481344294877	0.9438862800598145	0.8342593501619325	0.005679352134773517	434.0,218.0,579.0,488.0	433.0,219.0,576.0,479.0
000058	1113	356	TP	0.7595496095405291	0.9290303587913513	1.2522232821425359	0.0024415422248909194	418.0,191.0,560.0,459.0	417.0,193.0,558.0,457.0
000058	1129	357	TP	0.7584993080209399	0.9397455453872681	0.8780053588914755	0.0013621631370100567	418.0,179.0,557.0,447.0	414.0,180.0,554.0,444.0
000058	1144	358	TP	0.7637018149092545	0.8998413681983948	0.3408847272911792	0.0012795543993004844	413.0,175.0,553.0,443.0	411.0,178.0,550.0,442.0
000058	1146	359	TP	0.7655321447866018	0.8938226103782654	0.48949970362989054	0.0007347696624156654	412.0,176.0,551.0,443.0	410.0,178.0,548.0,442.0
000058	1164	360	TP	0.7682506682506682	0.9167622923851013	0.4814883412391602	0.002178703632181705	413.0,177.0,553.0,445.0	411.0,179.0,551.0,443.0
000058	1167	361	TP	0.7700951759717733	0.9137722849845886	0.5413965354805809	0.0020793662354882574	412.0,177.0,553.0,446.0	411.0,179.0,552.0,443.0
000058	1177	362	TP	0.7697559817134715	0.9323694705963135	0.7344852402176815	0.0027982353275916084	400.0,171.0,544.0,438.0	400.0,174.0,540.0,438.0
000058	1180	363	TP	0.767711859374072	0.9275622963905334	1.044806297635597	0.0005471872071157234	398.0,171.0,541.0,438.0	397.0,174.0,537.0,438.0
000058	1278	364	TP	0.7764142977765269	0.9335041046142578	0.42907321918777774	0.0028052487322628443	375.0,160.0,520.0,437.0	374.0,161.0,517.0,435.0
000058	1511	365	TP	0.8051773729626078	0.90700763463974	0.43446066518171217	0.0009112843480382313	358.0,150.0,500.0,438.0	356.0,152.0,497.0,435.0
000058	1529	366	TP	0.8029673424993725	0.8946945667266846	0.9381377999196494	0.0003694761582957774	341.0,161.0,481.0,448.0	338.0,161.0,476.0,444.0
000058	1549	367	TP	0.806997297905877	0.8791506886482239	1.0154989435307897	0.0034774037495349784	333.0,165.0,473.0,451.0	330.0,167.0,469.0,447.0
000058	1584	368	TP	0.8101617430051213	0.8872122764587402	1.4942813028649422	0.0016912084738887714	331.0,202.0,472.0,486.0	330.0,204.0,467.0,478.0
000058	1599	369	TP	0.8166802136553646	0.9185102581977844	1.161500041492136	0.0026235083448515966	341.0,196.0,487.0,479.0	341.0,198.0,483.0,477.0
000058	1614	370	TP	0.8170860152135752	0.8973788619041443	1.1251336680723165	0.004711477827742891	353.0,191.0,498.0,473.0	354.0,193.0,496.0,469.0
000058	1639	371	TP	0.8138267441510343	0.9275163412094116	0.9501578784442964	0.003640283751350075	360.0,193.0,500.0,472.0	358.0,196.0,494.0,469.0
000058	1669	372	TP	0.8165035655851572	0.9195787906646729	1.0090083220510417	0.0032871393030273555	361.0,188.0,498.0,464.0	361.0,191.0,495.0,461.0
000058	1672	373	TP	0.8130308102411505	0.9313179850578308	1.4663171297086672	0.0011458737244801872	363.0,189.0,500.0,465.0	363.0,193.0,495.0,462.0
000058	1684	374	TP	0.8071198019491711	0.9349302649497986	1.1801248478194795	0.0038637257407696675	361.0,179.0,498.0,453.0	360.0,181.0,492.0,449.0
