#  Index into NumPy file "pose_data_ycbv-10-zebrapose.npz".
#  Created at  5:58PM EDT on Sep 11, 2023
#    DATASET:   ycbv
#    OBJECT:    10
#    ESTIMATOR: zebrapose
#  The errors reported in this file have taken discrete and continuous object symmetries into account.
#  Bounding boxes are recorded in pixel coordinates as ((upper-left x, y), (lower-right x, y)) with the origin in the upper-left.
#
#  When a row is marked as a TP, it does not necessarily mean that the bounding boxes overlap.
#  For each ground-truth instance, the prediction best overlapping that instance belongs to that ground-truth.
#  All TPs are in the corresponding *.npz file.
#
#  When a row is marked as a FN, it means that there is a ground-truth but the predictor failed to make a prediction at all.
#  FNs are NOT recorded in the *.npz at all.
#
#  When a row is marked as a FP, it means the predictor hallucinated; there is no corresponding ground-truth instance.
#  FPs are NOT recorded in the *.npz at all.
#
#  Scene  <t>  Frame  <t>  Index  <t>  Error cat.  <t>  Visibility ratio  <t>  Score  <t>  R_err(degrees)  <t>  t_err(meters)  <t>  Gr.Tr.BBox  <t>  Pred.BBox
000050	620	0	TP	1.0	0.9320065379142761	3.7999081220704403	0.009700680932311223	204.0,307.0,398.0,408.0	204.0,304.0,393.0,406.0
000050	623	1	TP	0.9998886290232766	0.9001453518867493	2.953161853520459	0.003216949618849474	204.0,304.0,398.0,405.0	204.0,299.0,394.0,402.0
000050	629	2	TP	0.9997796143250689	0.8374146223068237	2.089389670800025	0.006204449522547656	207.0,298.0,403.0,399.0	208.0,295.0,401.0,397.0
000050	633	3	TP	0.9992325402916347	0.8735359907150269	3.3182710343538773	0.00634930618676054	212.0,294.0,409.0,396.0	213.0,291.0,407.0,394.0
000050	640	4	TP	0.9997821113411047	0.8530581593513489	3.1066193510563256	0.009870544311910739	223.0,296.0,422.0,398.0	226.0,293.0,420.0,395.0
000050	642	5	TP	0.9991282554211616	0.8537396192550659	3.6518350856331114	0.006926075815043794	225.0,295.0,423.0,396.0	227.0,292.0,421.0,395.0
000050	644	6	TP	0.9991305292902946	0.8606051206588745	2.5280696989754983	0.0050884087418468	225.0,294.0,423.0,396.0	227.0,291.0,421.0,394.0
000050	651	7	TP	1.0	0.9276899695396423	3.46922877958216	0.003604454777404037	231.0,289.0,431.0,391.0	233.0,288.0,429.0,390.0
000050	653	8	TP	0.9998924962373683	0.9251109957695007	4.344748373338214	0.0019394412193894062	233.0,289.0,434.0,391.0	235.0,289.0,432.0,391.0
000050	660	9	TP	1.0	0.8742138147354126	4.266455512688276	0.002712691516346316	242.0,292.0,443.0,394.0	242.0,291.0,439.0,395.0
000050	662	10	TP	1.0	0.8593441843986511	3.4103041652673207	0.007699959571554064	241.0,294.0,443.0,396.0	242.0,293.0,440.0,396.0
000050	671	11	TP	1.0	0.878114640712738	4.083018583431031	0.008546794998644467	249.0,294.0,452.0,395.0	250.0,292.0,448.0,394.0
000050	681	12	TP	1.0	0.8610494136810303	4.2183173195833	0.002775243999993685	258.0,294.0,464.0,396.0	259.0,294.0,460.0,395.0
000050	682	13	TP	1.0	0.8439216017723083	4.12867483000131	0.0034520936757182785	259.0,295.0,465.0,396.0	260.0,295.0,462.0,396.0
000050	701	14	TP	0.9993818893581952	0.8741296529769897	3.8452329785868966	0.005857176461032378	262.0,310.0,471.0,410.0	264.0,310.0,467.0,410.0
000050	712	15	TP	1.0	0.8915591835975647	4.190328877065607	0.0028056368904795723	276.0,320.0,486.0,420.0	275.0,319.0,479.0,418.0
000050	721	16	TP	0.9990898058252428	0.8725424408912659	4.514187643076242	0.0032590540936867293	288.0,317.0,500.0,419.0	289.0,316.0,494.0,417.0
000050	722	17	TP	1.0	0.8912777304649353	4.698593247495477	0.007281135766191668	289.0,318.0,501.0,419.0	290.0,318.0,496.0,419.0
000050	735	18	TP	1.0	0.8635619282722473	4.920696547941652	0.0039801302696086905	300.0,319.0,514.0,420.0	301.0,317.0,508.0,418.0
000050	737	19	TP	0.9998005186515061	0.8807045817375183	5.477473228441774	0.007793841383186336	301.0,318.0,515.0,420.0	301.0,319.0,509.0,419.0
000050	751	20	TP	1.0	0.9269886612892151	5.520511166890238	0.008038178668659452	308.0,322.0,524.0,424.0	308.0,322.0,517.0,422.0
000050	757	21	TP	1.0	0.9262084364891052	6.95655675477852	0.01600656239879154	310.0,323.0,527.0,424.0	310.0,322.0,520.0,422.0
000050	769	22	TP	1.0	0.9150651097297668	5.411146926277163	0.010277693185722405	314.0,324.0,533.0,424.0	314.0,324.0,525.0,423.0
000050	923	23	TP	1.0	0.9224560856819153	5.06363987354739	0.011347455502731136	333.0,314.0,576.0,408.0	333.0,313.0,568.0,405.0
000050	1026	24	TP	1.0	0.9202746748924255	1.5032341182032243	0.009345057072560272	306.0,331.0,565.0,423.0	305.0,333.0,559.0,423.0
000050	1044	25	TP	0.9997696560196561	0.8629977703094482	2.5754974626400857	0.008757871212159542	294.0,337.0,555.0,427.0	295.0,336.0,549.0,425.0
000050	1052	26	TP	1.0	0.8839941024780273	1.3582650733927175	0.010444283578206655	290.0,335.0,553.0,425.0	290.0,335.0,547.0,424.0
000050	1058	27	TP	1.0	0.8749958276748657	2.5191985321976884	0.017140314423292086	290.0,334.0,554.0,424.0	290.0,336.0,549.0,424.0
000050	1066	28	TP	1.0	0.9017407298088074	1.0002188653404773	0.009839066211307505	289.0,333.0,555.0,423.0	288.0,332.0,549.0,423.0
000050	1077	29	TP	0.9996306419443008	0.8425321578979492	1.9984818149804018	0.0106613406440625	290.0,336.0,557.0,426.0	290.0,340.0,549.0,428.0
000050	1094	30	TP	1.0	0.8654032349586487	0.7521738424213439	0.005253826540186943	292.0,352.0,560.0,443.0	290.0,353.0,553.0,442.0
000050	1098	31	TP	1.0	0.8675190210342407	1.23918162139133	0.009503218669596405	290.0,353.0,559.0,443.0	288.0,353.0,552.0,443.0
000050	1105	32	TP	1.0	0.8326235413551331	1.1919269234965268	0.004861730080690259	292.0,356.0,562.0,446.0	291.0,357.0,556.0,446.0
000050	1113	33	TP	1.0	0.8846761584281921	1.6735343256920077	0.006322343747076886	294.0,362.0,565.0,453.0	291.0,362.0,558.0,453.0
000050	1125	34	TP	0.9995754616854171	0.8564471006393433	4.162374987323382	0.00556548783664642	290.0,361.0,563.0,451.0	288.0,361.0,555.0,451.0
000050	1130	35	TP	1.0	0.8666815757751465	1.463183006917924	0.007961731230829945	287.0,360.0,561.0,451.0	285.0,361.0,552.0,450.0
000050	1145	36	TP	0.9996533555185801	0.8078800439834595	2.262337804378546	0.005143679168321337	287.0,356.0,563.0,447.0	286.0,360.0,557.0,447.0
000050	1150	37	TP	0.9994465965688988	0.8393376469612122	1.0857130828480857	0.004302024841013045	288.0,353.0,564.0,444.0	285.0,352.0,556.0,443.0
000050	1169	38	TP	1.0	0.8887217044830322	2.1606597859866556	0.0035199087898519364	289.0,348.0,565.0,437.0	286.0,348.0,558.0,437.0
000050	1189	39	TP	0.9999299719887955	0.8919860124588013	4.268480955880366	0.0038145882579979523	291.0,350.0,567.0,437.0	290.0,351.0,562.0,440.0
000050	1192	40	TP	1.0	0.8466553688049316	5.173660766085069	0.0024344943453089036	293.0,354.0,568.0,442.0	291.0,357.0,563.0,443.0
000050	1209	41	TP	1.0	0.8741970062255859	3.0841693715020777	0.004478914835319294	287.0,365.0,563.0,452.0	283.0,368.0,557.0,452.0
000050	1216	42	TP	1.0	0.8556822538375854	0.6081609204067269	0.004721425322643757	287.0,365.0,564.0,451.0	284.0,365.0,558.0,450.0
000050	1242	43	TP	1.0	0.8506110310554504	1.5294232442342284	0.00894048000460236	277.0,373.0,556.0,458.0	276.0,376.0,552.0,459.0
000050	1246	44	TP	1.0	0.8470972776412964	2.983809915357103	0.005892599204216941	274.0,373.0,554.0,458.0	273.0,377.0,550.0,460.0
000050	1263	45	TP	1.0	0.8451830148696899	2.9801022259569483	0.0029345982281076353	273.0,363.0,554.0,448.0	271.0,365.0,549.0,447.0
000050	1266	46	TP	1.0	0.8124762177467346	1.7485808786071106	0.004401907129089253	273.0,361.0,555.0,445.0	273.0,361.0,550.0,444.0
000050	1280	47	TP	1.0	0.8291654586791992	2.8054453707045814	0.0028948631277470735	273.0,357.0,557.0,440.0	273.0,359.0,553.0,440.0
000050	1284	48	TP	1.0	0.8554062247276306	4.150946041929378	0.0030251954356619107	275.0,356.0,559.0,438.0	275.0,356.0,554.0,438.0
000050	1324	49	TP	1.0	0.8357461094856262	3.8547519520799187	0.0040601951137445025	259.0,347.0,545.0,425.0	260.0,350.0,540.0,426.0
000050	1480	50	TP	1.0	0.8897231221199036	7.736737541756959	0.01608894921217361	286.0,381.0,547.0,445.0	289.0,381.0,544.0,443.0
000050	1542	51	TP	1.0	0.8468506336212158	4.9853866361691095	0.0016100613679888311	285.0,318.0,549.0,378.0	288.0,317.0,546.0,378.0
000050	1564	52	TP	1.0	0.8343915343284607	3.656276520541279	0.011396792826536642	284.0,314.0,550.0,374.0	288.0,312.0,547.0,374.0
000050	1592	53	TP	1.0	0.8207949995994568	4.715593746882019	0.011885352636366983	289.0,317.0,556.0,379.0	292.0,317.0,553.0,380.0
000050	1593	54	TP	1.0	0.8386820554733276	7.4129169380318904	0.0037411654374731587	290.0,318.0,556.0,380.0	293.0,318.0,553.0,381.0
000050	1613	55	TP	1.0	0.8936742544174194	5.9447494487951955	0.010508174540886074	285.0,323.0,553.0,386.0	288.0,323.0,550.0,388.0
000050	1629	56	TP	1.0	0.8955575227737427	4.813451625636345	0.012064878546088302	281.0,324.0,552.0,389.0	284.0,324.0,549.0,389.0
000050	1656	57	TP	1.0	0.8105523586273193	4.569669556920361	0.006161346379868501	280.0,312.0,554.0,377.0	285.0,311.0,550.0,377.0
000050	1658	58	TP	1.0	0.8202014565467834	5.081635608525895	0.00794900403724856	282.0,310.0,555.0,375.0	286.0,310.0,551.0,375.0
000050	1669	59	TP	1.0	0.8791828155517578	5.114669563294782	0.002058960537192183	276.0,316.0,552.0,382.0	281.0,315.0,548.0,382.0
000050	1678	60	TP	0.9999256395002974	0.8532847166061401	2.998063606817004	0.010202579335302924	266.0,322.0,544.0,390.0	267.0,323.0,541.0,391.0
000050	1695	61	TP	1.0	0.8842443227767944	4.607472249114199	0.0074083333830454665	257.0,318.0,539.0,387.0	259.0,317.0,534.0,387.0
000050	1708	62	TP	1.0	0.8674514889717102	3.824106206373052	0.010317082579276082	248.0,320.0,533.0,388.0	250.0,320.0,529.0,389.0
000050	1711	63	TP	1.0	0.8556824326515198	3.7765560659089985	0.004843997188032408	246.0,321.0,532.0,389.0	249.0,321.0,529.0,390.0
000050	1713	64	TP	1.0	0.8586762547492981	3.4838360095309087	0.011771257388041308	248.0,320.0,534.0,389.0	250.0,321.0,531.0,390.0
000050	1714	65	TP	1.0	0.8620995879173279	5.0837845872654945	0.008045542355247069	249.0,319.0,535.0,388.0	252.0,318.0,533.0,389.0
000050	1718	66	TP	1.0	0.7965978384017944	3.7958463331629257	0.010041153400289838	253.0,311.0,541.0,380.0	257.0,311.0,538.0,381.0
000050	1719	67	TP	1.0	0.7854986190795898	4.897084236539155	0.009641808299087033	253.0,311.0,541.0,379.0	256.0,310.0,538.0,379.0
000050	1733	68	TP	1.0	0.7935737371444702	3.3229261731296824	0.009189886772980905	251.0,328.0,542.0,398.0	252.0,329.0,537.0,401.0
000050	1743	69	TP	1.0	0.7808948159217834	3.8867591573524614	0.008931190331504631	262.0,327.0,553.0,396.0	268.0,331.0,552.0,393.0
000050	1745	70	TP	1.0	0.8208065629005432	2.581926689057794	0.010681606990829606	266.0,325.0,557.0,394.0	271.0,325.0,554.0,392.0
000050	1756	71	TP	1.0	0.8236888647079468	2.0827220044767634	0.010520052409956552	265.0,322.0,557.0,391.0	267.0,324.0,553.0,391.0
000050	1778	72	TP	0.9997283900319142	0.7586221098899841	1.167341938652856	0.011234648254927615	279.0,317.0,572.0,384.0	280.0,317.0,569.0,385.0
000050	1782	73	TP	1.0	0.6326342225074768	1.5053277696914986	0.008536585202570536	275.0,315.0,569.0,381.0	279.0,314.0,564.0,382.0
000050	1874	74	TP	0.9999360040957379	0.8095686435699463	2.1062272975566665	0.012518581642887832	267.0,332.0,568.0,406.0	271.0,333.0,564.0,405.0
000056	1	75	TP	0.6113287453679195	0.457815945148468	7.349027317770494	0.019114431983079223	207.0,303.0,412.0,422.0	204.0,301.0,377.0,420.0
000056	24	76	TP	0.620254518233344	0.5802180767059326	6.855750552735247	0.02929757710604382	217.0,309.0,420.0,427.0	216.0,303.0,398.0,428.0
000056	32	77	TP	0.6443988776170948	0.5477569699287415	14.14090984897196	0.04294109572656625	228.0,312.0,429.0,429.0	227.0,307.0,417.0,429.0
000056	39	78	TP	0.617708219328007	0.5825256705284119	11.865789457455149	0.02903186177388826	235.0,314.0,434.0,431.0	232.0,310.0,415.0,430.0
000056	46	79	TP	0.6114571746384873	0.5615941286087036	12.970459656629997	0.03525261303482186	236.0,316.0,432.0,431.0	234.0,311.0,420.0,431.0
000056	53	80	TP	0.6445018533078738	0.5839190483093262	6.283893049579882	0.0436331008481596	239.0,311.0,433.0,426.0	237.0,303.0,416.0,427.0
000056	62	81	TP	0.6416506065071987	0.5528767108917236	12.712701701051627	0.02429753185747094	241.0,312.0,433.0,427.0	240.0,304.0,432.0,428.0
000056	75	82	TP	0.6514088556641748	0.5362941026687622	10.372645805598975	0.018532533240088814	232.0,310.0,421.0,425.0	230.0,305.0,418.0,426.0
000056	85	83	TP	0.6500991716252479	0.49765968322753906	10.228048587142478	0.01860421699056069	237.0,311.0,424.0,427.0	235.0,310.0,416.0,427.0
000056	98	84	TP	0.6660752306600426	0.4895485043525696	9.547285471451781	0.02703426395926071	242.0,300.0,426.0,415.0	242.0,293.0,422.0,415.0
000056	104	85	TP	0.6690023752969121	0.46339845657348633	4.931798342004089	0.011520823442869548	255.0,298.0,438.0,412.0	255.0,293.0,429.0,411.0
000056	107	86	TP	0.672577957629136	0.5375206470489502	7.041276238896824	0.012394688705427826	260.0,295.0,442.0,410.0	259.0,288.0,435.0,409.0
000056	116	87	TP	0.657204455623428	0.5435811877250671	10.23875721376903	0.007873433750764268	269.0,290.0,450.0,405.0	266.0,282.0,450.0,404.0
000056	119	88	TP	0.66938481832354	0.5246778130531311	8.676012127406686	0.007822590501080372	274.0,289.0,455.0,404.0	273.0,277.0,455.0,405.0
000056	128	89	TP	0.6609965013873809	0.5329141020774841	5.979808691001782	0.015256209441981963	279.0,290.0,458.0,405.0	276.0,277.0,453.0,403.0
000056	132	90	TP	0.6696601941747573	0.5175021290779114	3.2169614409298783	0.01592360995683951	279.0,286.0,457.0,400.0	278.0,276.0,452.0,398.0
000056	140	91	TP	0.6852482960077897	0.5216014981269836	6.626429358196906	0.00417771622872889	285.0,289.0,462.0,404.0	284.0,278.0,473.0,406.0
000056	143	92	TP	0.6934031158714703	0.5688624382019043	5.884772574490674	0.010708522517911165	290.0,292.0,467.0,407.0	287.0,287.0,471.0,408.0
000056	254	93	TP	0.7247540134645262	0.538008451461792	0.5472572705693421	0.020299651700674316	281.0,304.0,441.0,425.0	279.0,299.0,441.0,426.0
000056	357	94	TP	0.7906257435165358	0.6835027933120728	0.5333791747316731	0.02039259648414035	255.0,309.0,403.0,449.0	249.0,298.0,411.0,447.0
000056	498	95	TP	0.8894498381877023	0.7484841346740723	1.6886966808786303	0.019941185922234376	255.0,302.0,380.0,441.0	254.0,299.0,352.0,441.0
000056	515	96	TP	0.8933518005540166	0.8021714091300964	0.994134670041595	0.013866796513688454	260.0,294.0,384.0,437.0	258.0,291.0,358.0,437.0
000056	517	97	TP	0.8963353413654619	0.7879851460456848	2.041071562672581	0.01690890412242706	260.0,294.0,383.0,436.0	258.0,291.0,356.0,438.0
000056	522	98	TP	0.8995490981963928	0.8357473611831665	1.047731410178253	0.013620601611698072	252.0,293.0,375.0,436.0	251.0,290.0,346.0,436.0
000056	527	99	TP	0.9061911339947256	0.8235754370689392	1.9036136436794786	0.007450434516158226	268.0,294.0,389.0,437.0	269.0,291.0,365.0,438.0
000056	535	100	TP	0.9082509944822277	0.825896143913269	1.320119708399087	0.012648575499779616	289.0,308.0,409.0,450.0	285.0,306.0,380.0,452.0
000056	538	101	TP	0.913731036256107	0.8136827349662781	1.2551167446803835	0.012427232035199659	289.0,313.0,409.0,455.0	286.0,312.0,383.0,455.0
000056	551	102	TP	0.9171783148269105	0.8272346258163452	1.9653525221153625	0.018188054339857287	289.0,313.0,407.0,453.0	287.0,310.0,381.0,452.0
000056	553	103	TP	0.9127983215316025	0.7839499711990356	1.7906588372843493	0.011725102402767962	291.0,310.0,409.0,450.0	291.0,307.0,385.0,448.0
000056	559	104	TP	0.9193505456481235	0.8069087266921997	1.3338544681219022	0.018783389227139815	305.0,302.0,420.0,441.0	304.0,300.0,392.0,439.0
000056	563	105	TP	0.9189880231462791	0.7714285850524902	2.263819266840088	0.013338779930840585	311.0,297.0,426.0,435.0	309.0,294.0,399.0,432.0
000056	567	106	TP	0.9151670951156813	0.7851592898368835	1.0303411989742528	0.01979172821264877	318.0,295.0,432.0,432.0	316.0,293.0,407.0,430.0
000056	570	107	TP	0.9330617786829599	0.8266082406044006	1.4300282076085908	0.01339728387131058	323.0,293.0,436.0,430.0	322.0,291.0,411.0,428.0
000056	575	108	TP	0.9210705067246298	0.8340862989425659	0.9129674459824072	0.015395843703691589	328.0,299.0,441.0,435.0	326.0,299.0,414.0,436.0
000056	578	109	TP	0.9244075183873603	0.8296617865562439	1.1433278914088552	0.018308608144859972	328.0,300.0,441.0,437.0	327.0,299.0,416.0,436.0
000056	587	110	TP	0.9213219026548672	0.8121934533119202	2.122270471080464	0.011795400919619427	331.0,307.0,441.0,442.0	326.0,307.0,415.0,444.0
000056	589	111	TP	0.9287895613548028	0.834481418132782	1.1512414161953057	0.011218763608097097	325.0,308.0,435.0,444.0	323.0,307.0,411.0,443.0
000056	596	112	TP	0.9365281311846197	0.7996646165847778	1.0731548884486102	0.010782516678370102	327.0,307.0,436.0,441.0	327.0,307.0,413.0,439.0
000056	598	113	TP	0.9266941326893025	0.8072303533554077	1.1252070422247393	0.02059653112771757	332.0,305.0,440.0,438.0	332.0,304.0,417.0,437.0
000056	601	114	TP	0.9360481789503872	0.8171026110649109	1.0578840392127469	0.016834922221015566	334.0,305.0,442.0,437.0	333.0,303.0,417.0,436.0
000056	603	115	TP	0.9388167388167388	0.8317751884460449	0.9523049158315237	0.014027981815284613	334.0,304.0,441.0,436.0	330.0,304.0,415.0,436.0
000056	604	116	TP	0.9355211797021831	0.8561819791793823	1.16786220983636	0.013002002678805337	332.0,304.0,439.0,436.0	328.0,303.0,413.0,435.0
000056	608	117	TP	0.937946103423161	0.8381319642066956	2.551833301676139	0.010535951218945102	325.0,303.0,431.0,434.0	321.0,302.0,404.0,433.0
000056	628	118	TP	0.9354077569679988	0.8252543210983276	2.4600826099952062	0.010635668427457992	306.0,294.0,410.0,424.0	305.0,291.0,389.0,423.0
000056	631	119	TP	0.9419970631424376	0.8480497002601624	1.778558899802805	0.010478952461592852	311.0,293.0,415.0,424.0	311.0,292.0,394.0,422.0
000056	634	120	TP	0.9246253305906553	0.8614688515663147	1.3142598892321855	0.012220377420813328	314.0,292.0,418.0,422.0	312.0,291.0,393.0,422.0
000056	644	121	TP	0.9391545999707474	0.8716301321983337	2.8242185263793584	0.010475624900474602	320.0,295.0,422.0,426.0	318.0,296.0,401.0,427.0
000056	653	122	TP	0.9447031431897556	0.8297064900398254	1.1143495627194988	0.009972615474753147	320.0,298.0,422.0,430.0	317.0,298.0,397.0,430.0
000056	753	123	TP	0.9754229961714215	0.8042858242988586	1.8372373546194325	0.011334878610446191	323.0,310.0,421.0,458.0	318.0,308.0,403.0,457.0
000056	956	124	TP	0.9751727368544326	0.8129932880401611	1.3524846147109204	0.006083198385560745	294.0,289.0,404.0,435.0	296.0,287.0,403.0,433.0
000056	1025	125	TP	0.9570676871561827	0.7720361351966858	1.3828432284372492	0.0064436116840058625	303.0,281.0,427.0,418.0	304.0,284.0,428.0,418.0
000056	1028	126	TP	0.9581839904420549	0.7295288443565369	1.3746126380120247	0.01109411608327967	297.0,285.0,422.0,422.0	302.0,287.0,422.0,423.0
000056	1036	127	TP	0.9530750088873089	0.7540897130966187	1.4451355228094502	0.010138018635933594	284.0,285.0,410.0,423.0	288.0,285.0,411.0,420.0
000056	1037	128	TP	0.9447860014187751	0.8060732483863831	1.4774952894212345	0.011385472101408129	284.0,284.0,410.0,422.0	289.0,285.0,411.0,419.0
000056	1044	129	TP	0.9512051734273956	0.7752056121826172	1.3727184516044406	0.008102832422768156	287.0,286.0,415.0,424.0	296.0,291.0,419.0,424.0
000056	1046	130	TP	0.9589394650398874	0.7283492088317871	1.4443536217573605	0.00677135119780227	291.0,289.0,418.0,428.0	301.0,294.0,421.0,428.0
000056	1047	131	TP	0.9419096895578551	0.6955627202987671	2.176066946767379	0.0066565296759680745	293.0,291.0,420.0,430.0	300.0,295.0,422.0,431.0
000056	1048	132	TP	0.9538569918985559	0.6960985660552979	1.8007520479780843	0.009517758233031078	294.0,293.0,422.0,432.0	301.0,296.0,425.0,433.0
000056	1049	133	TP	0.954315913094539	0.7362967133522034	1.3655266372736978	0.01549300389912362	295.0,295.0,423.0,433.0	300.0,298.0,426.0,433.0
000056	1054	134	TP	0.9355180950135565	0.705449640750885	1.6582917989146093	0.00720796093394831	304.0,294.0,433.0,432.0	311.0,297.0,437.0,432.0
000056	1062	135	TP	0.9283235610865143	0.7608522772789001	1.3044908362849073	0.014028352418612196	320.0,293.0,448.0,430.0	327.0,295.0,451.0,429.0
000056	1064	136	TP	0.9343592209665785	0.7491664886474609	2.015331400686674	0.012248859090868834	323.0,293.0,451.0,430.0	332.0,296.0,455.0,428.0
000056	1070	137	TP	0.9343137254901961	0.7679688334465027	1.5115108711679914	0.017088227160580966	324.0,296.0,452.0,432.0	332.0,301.0,453.0,433.0
000056	1071	138	TP	0.9285714285714286	0.7869406938552856	1.5608715244285627	0.01524500461037609	325.0,298.0,452.0,434.0	328.0,302.0,451.0,434.0
000056	1078	139	TP	0.9239854253046865	0.7815069556236267	1.4939272381583746	0.011944647773136035	323.0,303.0,449.0,437.0	327.0,305.0,450.0,434.0
000056	1087	140	TP	0.9178187403993856	0.7818896174430847	1.617132465998922	0.01761392181475381	328.0,298.0,455.0,429.0	337.0,298.0,455.0,424.0
000056	1097	141	TP	0.9076424870466321	0.8142756223678589	1.758009911777342	0.0036325217392463925	319.0,285.0,446.0,415.0	327.0,286.0,450.0,413.0
000056	1108	142	TP	0.8986451276706618	0.7714551091194153	1.5337996978368278	0.009988721988250154	331.0,280.0,458.0,410.0	337.0,284.0,459.0,409.0
000056	1116	143	TP	0.8840694006309149	0.7808718085289001	1.6746624617519623	0.014708773867962552	331.0,284.0,458.0,412.0	342.0,286.0,463.0,411.0
000056	1124	144	TP	0.8795436455293181	0.7596580982208252	1.832564401226546	0.017401027666085343	338.0,281.0,466.0,409.0	345.0,281.0,467.0,404.0
000056	1135	145	TP	0.8630767149235556	0.7157858610153198	1.4810416289408643	0.015383819215375724	304.0,274.0,430.0,400.0	307.0,276.0,434.0,397.0
000056	1146	146	TP	0.8604306864064603	0.8006194829940796	1.859169499231912	0.0014446157519831062	308.0,280.0,437.0,406.0	315.0,283.0,439.0,404.0
000056	1158	147	TP	0.8575679697010686	0.7124651074409485	1.805921700956203	0.006910105079429884	321.0,274.0,450.0,399.0	327.0,275.0,454.0,399.0
000056	1171	148	TP	0.8385323622371856	0.7176689505577087	1.8234559782205622	0.006499168758985166	322.0,284.0,451.0,407.0	326.0,284.0,456.0,406.0
000056	1202	149	TP	0.8518942101501072	0.7309662699699402	2.7151836311480286	0.0022343644330578855	321.0,276.0,450.0,393.0	328.0,277.0,451.0,392.0
