#  Index into NumPy file "pose_data_tless-22-epos.npz".
#  Created at  6:47PM EDT on Sep 11, 2023
#    DATASET:   tless
#    OBJECT:    22
#    ESTIMATOR: epos
#  The errors reported in this file have taken discrete and continuous object symmetries into account.
#  Bounding boxes are recorded in pixel coordinates as ((upper-left x, y), (lower-right x, y)) with the origin in the upper-left.
#
#  When a row is marked as a TP, it does not necessarily mean that the bounding boxes overlap.
#  For each ground-truth instance, the prediction best overlapping that instance belongs to that ground-truth.
#  All TPs are in the corresponding *.npz file.
#
#  When a row is marked as a FN, it means that there is a ground-truth but the predictor failed to make a prediction at all.
#  FNs are NOT recorded in the *.npz at all.
#
#  When a row is marked as a FP, it means the predictor hallucinated; there is no corresponding ground-truth instance.
#  FPs are NOT recorded in the *.npz at all.
#
#  Scene  <t>  Frame  <t>  Index  <t>  Error cat.  <t>  Visibility ratio  <t>  Score  <t>  R_err(degrees)  <t>  t_err(meters)  <t>  Gr.Tr.BBox  <t>  Pred.BBox
000008	1	0	TP	0.967574374311349	0.0	124.15194193290915	0.1104454541543343	327.0,288.0,410.0,412.0	8.0,1.0,30.0,1.0
000008	12	1	TP	0.9625252682320012	0.0	123.45804370264456	0.10854378129460505	253.0,263.0,339.0,377.0	8.0,12.0,30.0,12.0
000008	18	2	TP	0.9568422669328828	0.0	120.76462503385707	0.10798074855797349	213.0,231.0,324.0,322.0	8.0,18.0,30.0,18.0
000008	25	3	TP	0.9636064100644002	0.0	123.39646565010304	0.10971094296199478	216.0,191.0,332.0,281.0	8.0,25.0,30.0,25.0
000008	34	4	TP	0.9829287392325764	0.0	125.44399328319402	0.10953263817112088	285.0,136.0,377.0,247.0	8.0,34.0,30.0,34.0
000008	46	5	TP	0.8967254408060453	0.0	123.74174692026533	0.10837044684872287	372.0,141.0,448.0,257.0	8.0,46.0,30.0,46.0
000008	52	6	TP	0.9412137537632704	0.0	122.40265310783106	0.10826868738020504	392.0,191.0,491.0,284.0	8.0,52.0,30.0,52.0
000008	58	7	TP	0.9328496449521457	0.0	122.59414785343284	0.10812082658658217	396.0,230.0,511.0,317.0	8.0,58.0,30.0,58.0
000008	68	8	TP	0.969435618096535	0.0	123.23990791993054	0.10955350536757442	352.0,279.0,457.0,385.0	8.0,68.0,30.0,68.0
000008	84	9	TP	0.9653179190751445	0.0	121.82682636460004	0.10175911691881617	255.0,250.0,340.0,374.0	8.0,84.0,30.0,84.0
000008	92	10	TP	0.9831773165106499	0.0	121.79143792484807	0.10759214023020526	209.0,211.0,323.0,314.0	8.0,92.0,30.0,92.0
000008	100	11	TP	0.964475784992017	0.0	124.68307587204059	0.10765890504723286	232.0,172.0,344.0,276.0	8.0,100.0,30.0,100.0
000008	115	12	TP	0.9703925482368596	0.0	124.1734840101126	0.10900400578134822	354.0,133.0,418.0,256.0	8.0,115.0,30.0,115.0
000008	127	13	TP	0.928268309377139	0.0	120.41824938772413	0.1083564559440458	396.0,198.0,503.0,302.0	8.0,127.0,30.0,127.0
000008	136	14	TP	0.9397231923425171	0.0	121.97514581356101	0.10766746350027027	376.0,245.0,496.0,347.0	8.0,136.0,30.0,136.0
000008	144	15	TP	0.9674251497005988	0.0	123.34258393954208	0.10804173430904135	334.0,253.0,426.0,384.0	8.0,144.0,30.0,144.0
000008	155	16	TP	0.9780712683777723	0.0	122.57951948362262	0.10288335835826412	260.0,239.0,344.0,368.0	8.0,155.0,30.0,155.0
000008	165	17	TP	0.9904474610356964	0.0	124.23491936971833	0.12045842407448999	209.0,199.0,323.0,312.0	8.0,165.0,30.0,165.0
000008	172	18	TP	0.9854549975136748	0.0	124.50976080097558	0.10529552705206802	234.0,170.0,344.0,281.0	8.0,172.0,30.0,172.0
000008	178	19	TP	0.945971436270547	0.0	124.92372796128474	0.10629989226840063	284.0,154.0,374.0,265.0	8.0,178.0,30.0,178.0
000008	194	20	TP	0.9299835255354201	0.0	125.24669912637346	0.1144452984267967	386.0,172.0,470.0,285.0	8.0,194.0,30.0,194.0
000008	207	21	TP	0.9344223763074392	0.0	121.56089264474237	0.11086485029662381	381.0,229.0,501.0,343.0	8.0,207.0,30.0,207.0
000008	216	22	TP	0.9581390184321563	0.0	123.0867997153491	0.10892638780670624	336.0,238.0,431.0,365.0	8.0,216.0,30.0,216.0
000008	228	23	TP	0.9750088412118354	0.0	122.57346690001339	0.10205275972056221	258.0,226.0,342.0,349.0	8.0,228.0,30.0,228.0
000008	238	24	TP	0.9793528133301135	0.0	9.588519066883354	0.02796627250955286	210.0,192.0,322.0,310.0	8.0,238.0,30.0,238.0
000008	263	25	TP	0.960104834012813	0.0	125.79307063104837	0.10760190954949703	371.0,164.0,442.0,280.0	8.0,263.0,30.0,263.0
000008	272	26	TP	0.9300204057135998	0.0	121.6601241416579	0.11632971656506011	395.0,191.0,501.0,310.0	8.0,272.0,30.0,272.0
000008	280	27	TP	0.9300577404946072	0.0	122.29759567875676	0.11291336351587161	380.0,219.0,499.0,341.0	8.0,280.0,30.0,280.0
000008	288	28	TP	0.956926406926407	0.0	123.06984272267718	0.10766518735924721	334.0,224.0,426.0,351.0	8.0,288.0,30.0,288.0
000008	303	29	TP	0.9012442551283488	0.0	70.37832860520285	0.029771071772546037	231.0,207.0,330.0,330.0	8.0,303.0,30.0,303.0
000008	309	30	TP	0.8686365254538981	0.0	12.221166559654092	0.04587458531705002	213.0,191.0,323.0,311.0	8.0,309.0,30.0,309.0
000008	319	31	TP	0.8431468961278427	0.0	10.351195579820297	0.007475257470697867	263.0,170.0,359.0,285.0	8.0,319.0,30.0,319.0
000008	333	32	TP	0.9236121615489336	0.0	125.87601625428009	0.098896104027339	364.0,170.0,429.0,284.0	8.0,333.0,30.0,333.0
000008	345	33	TP	0.8376547535622518	0.0	122.7479129060689	0.1158361814468129	396.0,194.0,505.0,315.0	8.0,345.0,30.0,345.0
000008	360	34	TP	0.9601194284495628	0.0	123.90858672412905	0.10955584694866552	337.0,213.0,432.0,338.0	8.0,360.0,30.0,360.0
000008	375	35	TP	0.8171713734830441	0.0	71.65197760405417	0.019612790346666343	235.0,203.0,331.0,324.0	8.0,375.0,30.0,375.0
000008	381	36	TP	0.7042304015296367	0.0	84.58389426904105	0.2440697183866737	215.0,194.0,323.0,311.0	8.0,381.0,30.0,381.0
000008	389	37	TP	0.9909612800781727	0.0	8.684857256511009	0.004984109817783685	245.0,182.0,348.0,294.0	8.0,389.0,30.0,389.0
000008	410	38	TP	0.7192764429715548	0.0	124.0735246949135	0.1218691804495538	382.0,184.0,460.0,297.0	8.0,410.0,30.0,410.0
000008	417	39	TP	0.7419162391122778	0.0	123.20241284206556	0.12301648339848156	395.0,195.0,500.0,312.0	8.0,417.0,30.0,417.0
000008	425	40	TP	0.9320590068564305	0.0	122.61767308594375	0.11445151807251343	375.0,207.0,493.0,329.0	8.0,425.0,30.0,425.0
000008	432	41	TP	0.958301072890167	0.0	123.31354958819337	0.11141084902819756	338.0,204.0,432.0,322.0	8.0,432.0,30.0,432.0
000008	441	42	TP	0.9193091002835783	0.0	125.59806839325339	0.07260660112163678	284.0,203.0,358.0,320.0	8.0,441.0,30.0,441.0
000008	451	*	FN	0.5856882959369315	*	*	*	218.0,198.0,324.0,309.0	*
000008	459	43	TP	0.798155737704918	0.0	6.945366044363068	0.04415570645676119	233.0,194.0,338.0,300.0	8.0,459.0,30.0,459.0
000008	465	44	TP	0.3849898580121704	0.0	108.79435318635613	0.43040772462877414	279.0,191.0,366.0,296.0	8.0,465.0,30.0,465.0
000008	471	*	FN	0.19173899067823852	*	*	*	325.0,192.0,392.0,295.0	*
000008	479	45	TP	0.5051579114426281	0.0	126.3378249724808	0.08907973188499957	370.0,193.0,438.0,298.0	8.0,479.0,30.0,479.0
000008	484	46	TP	0.6347873950736205	0.0	124.86664827350302	0.1133619722371032	387.0,196.0,471.0,303.0	8.0,484.0,30.0,484.0
000008	495	47	TP	0.8199543899657925	0.0	124.85926870908459	0.12349967673060182	385.0,201.0,501.0,316.0	8.0,495.0,30.0,495.0
000010	5	48	TP	0.9556716055380131	0.0	2.130205350722872	0.0010321421962693567	242.0,95.0,365.0,213.0	10.0,5.0,32.0,5.0
000010	13	49	TP	0.9508602549820523	0.0	0.22433739602601857	0.0036689109094718347	329.0,97.0,448.0,214.0	10.0,13.0,32.0,13.0
000010	20	50	TP	0.9396199182102478	0.0	3.6889472480826235	0.0019637698760715796	408.0,138.0,527.0,257.0	10.0,20.0,32.0,20.0
000010	29	51	TP	0.943902152181583	0.0	3.3804121412638986	0.0061734490440190515	433.0,220.0,548.0,333.0	10.0,29.0,32.0,29.0
000010	35	52	TP	0.9804799632564014	0.0	1.928289625529165	0.004134505054890548	399.0,286.0,523.0,415.0	10.0,35.0,32.0,35.0
000010	45	53	TP	0.9587378640776699	0.0	1.9373027822067195	0.007943548795362665	321.0,343.0,439.0,462.0	10.0,45.0,32.0,45.0
000010	54	54	TP	0.9745215965008202	0.0	2.3261723816512108	0.0034354313183716347	200.0,301.0,331.0,427.0	10.0,54.0,32.0,54.0
000010	60	55	TP	0.9832439678284183	0.0	4.313155197125196	0.004199396331270159	168.0,256.0,289.0,381.0	10.0,60.0,32.0,60.0
000010	65	56	TP	0.9797228793511321	0.0	2.66322468761077	0.006588271078709726	171.0,208.0,287.0,324.0	10.0,65.0,32.0,65.0
000010	71	57	TP	0.9671197862205182	0.0	2.1982339386093606	0.006828319190521393	202.0,135.0,321.0,256.0	10.0,71.0,32.0,71.0
000010	80	58	TP	0.9496069081067148	0.0	2.105470428142689	0.01108509679914515	270.0,103.0,384.0,217.0	10.0,80.0,32.0,80.0
000010	103	59	TP	0.9783954221651291	0.0	2.2832449025962562	0.004375696605605235	428.0,239.0,547.0,353.0	10.0,103.0,32.0,103.0
000010	129	60	TP	0.9697312879645835	0.0	2.117062187201357	0.003968456117982748	178.0,280.0,304.0,407.0	10.0,129.0,32.0,129.0
000010	136	61	TP	0.9862893495667434	0.0	2.621358147756853	0.000925019509023506	169.0,223.0,282.0,337.0	10.0,136.0,32.0,136.0
000010	145	62	TP	0.9637116415002436	0.0	2.216314965928779	0.001995037972016263	216.0,143.0,337.0,245.0	10.0,145.0,32.0,145.0
000010	160	63	TP	0.9292106317617204	0.0	6.048759952143423	0.001508684779640895	364.0,142.0,482.0,248.0	10.0,160.0,32.0,160.0
000010	168	64	TP	0.8814059235590512	0.0	5.792438585017888	0.012227690362028538	427.0,191.0,546.0,291.0	10.0,168.0,32.0,168.0
000010	176	65	TP	0.9596005968093653	0.0	4.387269420314772	0.007020839411944021	419.0,259.0,542.0,369.0	10.0,176.0,32.0,176.0
000010	185	66	TP	0.947944930157773	0.0	0.907895098486346	0.0076307189318646	352.0,317.0,487.0,445.0	10.0,185.0,32.0,185.0
000010	196	67	TP	0.9535550458715596	0.0	1.7365051611867115	0.0026450904395755584	216.0,301.0,355.0,425.0	10.0,196.0,32.0,196.0
000010	208	68	TP	0.9979012482050149	0.0	1.0449945803546312	0.005281692036344834	171.0,218.0,284.0,326.0	10.0,208.0,32.0,208.0
000010	212	69	TP	0.9777171441564347	0.0	2.1098864690143726	0.003280440534396346	185.0,184.0,303.0,289.0	10.0,212.0,32.0,212.0
000010	217	70	TP	0.9385183299389002	0.0	1.6119291458024914	0.0008044796194063924	214.0,164.0,334.0,257.0	10.0,217.0,32.0,217.0
000010	230	71	TP	0.9005524861878453	0.0	2.4766572463140397	0.014466653215822921	338.0,151.0,451.0,251.0	10.0,230.0,32.0,230.0
000010	244	72	TP	0.7298148381408238	0.0	126.79183464326016	0.0864100889032847	436.0,229.0,549.0,311.0	10.0,244.0,32.0,244.0
000010	252	73	TP	0.954535729567822	0.0	1.435320005366946	0.010801162250715549	397.0,288.0,524.0,394.0	10.0,252.0,32.0,252.0
000010	269	74	TP	0.9639648160408588	0.0	2.394674850769152	0.005397722065596247	208.0,288.0,348.0,406.0	10.0,269.0,32.0,269.0
000010	280	75	TP	0.984107020352161	0.0	2.1515202617045377	0.002285176226275455	171.0,224.0,283.0,322.0	10.0,280.0,32.0,280.0
000010	287	76	TP	0.931851669941061	0.0	1.9886163909184198	0.003984706391798684	204.0,176.0,320.0,267.0	10.0,287.0,32.0,287.0
000010	301	77	TP	0.8922348164439181	0.0	1.0827205288946675	0.02911113761052106	328.0,172.0,435.0,262.0	10.0,301.0,32.0,301.0
000010	310	78	TP	0.40169851380042465	0.0	127.32700259623917	0.08472638483737177	415.0,206.0,529.0,288.0	10.0,310.0,32.0,310.0
000010	315	79	TP	0.4794137241838774	0.0	124.56719115870001	0.05755860703701525	433.0,229.0,548.0,307.0	10.0,315.0,32.0,315.0
000010	325	80	TP	0.9523137084510103	0.0	0.9472910954489738	0.014434737618683517	388.0,281.0,515.0,384.0	10.0,325.0,32.0,325.0
000010	342	81	TP	0.9841129744042365	0.0	1.931929327920106	0.00681019099990683	197.0,275.0,336.0,380.0	10.0,342.0,32.0,342.0
000010	346	82	TP	0.9720133667502089	0.0	0.7022912725365139	0.0010334015358177719	172.0,260.0,299.0,354.0	10.0,346.0,32.0,346.0
000010	355	83	TP	0.8896063578790513	0.0	3.271029104661409	0.0105848134699351	181.0,212.0,296.0,298.0	10.0,355.0,32.0,355.0
000010	366	84	TP	0.1510558583106267	0.0	167.33534453203293	0.1497984422092547	251.0,196.0,365.0,274.0	10.0,366.0,32.0,366.0
000010	374	85	TP	0.7594429607020221	0.0	5.966914223952094	0.018508134863461798	332.0,199.0,439.0,278.0	10.0,374.0,32.0,374.0
000010	382	86	TP	0.19420783645655879	0.0	131.16574101599355	0.08163032336662349	412.0,221.0,523.0,293.0	10.0,382.0,32.0,382.0
000010	395	87	TP	0.8702482312027822	0.0	126.16699822533106	0.08952054958686216	407.0,265.0,534.0,349.0	10.0,395.0,32.0,395.0
000010	415	88	TP	0.9758844151705088	0.0	0.8204680200069465	0.0020206526452725376	193.0,263.0,330.0,354.0	10.0,415.0,32.0,415.0
000010	417	89	TP	0.9738469886055344	0.0	1.2669418165329691	0.004071180115830832	179.0,259.0,306.0,344.0	10.0,417.0,32.0,417.0
000010	431	90	TP	0.6317451205510907	0.0	110.5033725337623	0.12502978786915303	203.0,212.0,317.0,284.0	10.0,431.0,32.0,431.0
000010	441	91	TP	0.32892454466608845	0.0	160.7700939453734	0.20528678913805556	282.0,222.0,386.0,288.0	10.0,441.0,32.0,441.0
000010	450	92	TP	0.1286673058485139	0.0	130.7446179381791	0.07936237383957424	373.0,230.0,485.0,294.0	10.0,450.0,32.0,450.0
000010	457	93	TP	0.00833976833976834	0.0	127.59177354307731	0.07105650855183292	425.0,240.0,539.0,302.0	10.0,457.0,32.0,457.0
000010	465	94	TP	0.6100360336313893	0.0	123.89647844367394	0.05427753167966397	420.0,253.0,540.0,324.0	10.0,465.0,32.0,465.0
000010	475	95	TP	0.9510683197045634	0.0	0.7439188117125204	0.003250444250674224	345.0,260.0,479.0,346.0	10.0,475.0,32.0,475.0
000010	482	96	TP	0.9917202174987642	0.0	5.510962291991261	0.02807505103701271	256.0,257.0,395.0,342.0	10.0,482.0,32.0,482.0
000010	496	97	TP	0.8250989590969066	0.0	1.4871793818595669	0.023080061801255054	175.0,238.0,283.0,306.0	10.0,496.0,32.0,496.0
000014	2	98	TP	0.30435259291744327	290.312055146352	174.6932468806187	0.027621713386931455	317.0,347.0,443.0,480.0	14.0,2.0,36.0,292.312055146352
000014	2	99	TP	0.9743795955882353	252.36782768520524	79.29832184778027	0.018943890368111352	325.0,353.0,433.0,490.0	14.0,2.0,36.0,254.36782768520524
000014	7	100	TP	0.322644410278937	391.457077491381	179.9161084501103	0.0658463495771624	248.0,340.0,365.0,456.0	14.0,7.0,36.0,398.457077491381
000014	7	101	TP	0.9582946096654275	103.96084821691083	162.65016299175147	0.04306158828636638	266.0,348.0,338.0,476.0	14.0,7.0,36.0,110.96084821691083
000014	12	102	TP	0.3509384548232213	444.20154706603233	172.16403275433964	0.05812108181581082	185.0,309.0,311.0,440.0	14.0,12.0,36.0,456.20154706603233
000014	12	103	TP	0.9419407702212338	47.59526082237364	179.99054140014763	0.06698348851141125	182.0,307.0,295.0,441.0	14.0,12.0,36.0,59.59526082237364
000014	20	104	TP	0.382172131147541	334.8346523144178	171.94143853982854	0.038115227303052675	155.0,229.0,282.0,351.0	14.0,20.0,36.0,354.8346523144178
000014	20	105	TP	0.9652034919463912	95.52355983938112	95.808710611335	0.16234065864616395	125.0,220.0,256.0,322.0	14.0,20.0,36.0,115.52355983938112
000014	28	106	TP	0.42338990932341314	300.14206338711534	178.72933568716476	0.04706024076752908	184.0,130.0,308.0,249.0	14.0,28.0,36.0,328.14206338711534
000014	28	107	TP	0.9380030181086519	96.10399775062191	104.75436749573252	0.030514994336405345	159.0,122.0,285.0,210.0	14.0,28.0,36.0,124.10399775062191
000014	34	108	TP	0.4771087187980599	234.27843627853034	86.64374829749225	0.06260722984265574	232.0,86.0,352.0,203.0	14.0,34.0,36.0,268.2784362785303
000014	34	109	TP	0.9340015620932048	148.46152854558633	162.3153081635004	0.028312783747401527	229.0,56.0,347.0,173.0	14.0,34.0,36.0,182.46152854558633
000014	40	110	TP	0.5036319612590799	268.2782126027533	169.29503598712904	0.07627810316657313	311.0,85.0,423.0,198.0	14.0,40.0,36.0,308.2782126027533
000014	40	111	TP	0.9492297387809779	134.3068512890795	81.89647224220543	0.04072665279112946	328.0,36.0,412.0,160.0	14.0,40.0,36.0,174.3068512890795
000014	54	112	TP	0.35855075766207134	377.48500985145535	161.91771781382164	0.072584340936863	435.0,167.0,563.0,286.0	14.0,54.0,36.0,431.48500985145535
000014	54	113	TP	0.9577312138728323	75.04431254078293	147.30490026773447	0.09595089768649173	455.0,153.0,582.0,264.0	14.0,54.0,36.0,129.04431254078293
000014	65	114	TP	0.27267705225941885	436.1588251864059	164.88978341637986	0.07136058074207166	407.0,305.0,536.0,430.0	14.0,65.0,36.0,501.1588251864059
000014	65	115	TP	0.9870189546237794	58.79191553379859	159.82891210338926	0.02219157859453791	429.0,306.0,561.0,408.0	14.0,65.0,36.0,123.79191553379859
000014	74	116	TP	0.26712189156135346	286.6364661729034	174.4861190193302	0.07787348018791723	322.0,344.0,452.0,475.0	14.0,74.0,36.0,360.6364661729034
000014	74	117	TP	0.9449731071576334	90.28802464648268	179.8540328603866	0.03485658243871519	329.0,331.0,443.0,470.0	14.0,74.0,36.0,164.28802464648268
000014	80	118	TP	0.30757277530301463	277.9372061009828	174.59152786842603	0.04597869462396512	237.0,334.0,359.0,451.0	14.0,80.0,36.0,357.9372061009828
000014	80	119	TP	0.9291125541125541	78.91608013696168	74.46883742250871	0.20044222831985123	252.0,322.0,331.0,458.0	14.0,80.0,36.0,158.91608013696168
000014	96	120	TP	0.41764018691588783	338.3863398974259	105.70312217036117	0.05505689715561878	173.0,186.0,286.0,305.0	14.0,96.0,36.0,434.3863398974259
000014	96	121	TP	0.9368025230470646	249.61269214559744	56.98176930599713	0.025198458032905033	137.0,178.0,256.0,261.0	14.0,96.0,36.0,345.6126921455974
000014	114	122	TP	0.5787490580256217	189.30110568994422	167.70165260590187	0.09963504816223058	335.0,102.0,440.0,208.0	14.0,114.0,36.0,303.3011056899442
000014	114	123	TP	0.9386778776456944	96.16345144966189	70.26201964988148	0.018605373050379063	357.0,47.0,426.0,167.0	14.0,114.0,36.0,210.1634514496619
000014	132	124	TP	0.3408447637709558	382.8771819311222	161.67773622317227	0.040575352403292686	435.0,237.0,556.0,359.0	14.0,132.0,36.0,514.8771819311222
000014	132	125	TP	0.985153764581124	159.54613351787128	54.7501149675238	0.01747327661835709	464.0,228.0,590.0,319.0	14.0,132.0,36.0,291.5461335178713
000014	143	126	TP	0.2671128688773958	367.6839688929532	167.49120568123948	0.03863838273203523	363.0,340.0,492.0,470.0	14.0,143.0,36.0,510.6839688929532
000014	143	127	TP	0.9428137651821862	49.30759159115349	136.00865600670673	0.20161615145508197	366.0,322.0,496.0,455.0	14.0,143.0,36.0,192.30759159115348
000014	147	128	TP	0.2557522123893805	233.08819559577512	169.84163712176914	0.0716062747721474	301.0,337.0,431.0,457.0	14.0,147.0,36.0,380.0881955957751
000014	147	129	TP	0.943207904980537	147.46027474825118	132.3354800841908	0.09305922151397117	313.0,305.0,417.0,444.0	14.0,147.0,36.0,294.4602747482512
000014	157	130	TP	0.3663990242910865	331.7013962577562	110.26032329560876	0.03375385623577222	170.0,298.0,299.0,416.0	14.0,157.0,36.0,488.7013962577562
000014	157	131	TP	0.9180074257425742	129.50043988467812	22.864280897366818	0.0847070251312961	163.0,258.0,287.0,387.0	14.0,157.0,36.0,286.50043988467814
000014	166	132	TP	0.43386243386243384	424.2387581027038	105.16599294190324	0.027109749547776698	167.0,207.0,283.0,325.0	14.0,166.0,36.0,590.2387581027037
000014	166	133	TP	0.9520507697731814	173.22945297150036	97.47610558021267	0.0660687420452235	134.0,184.0,256.0,277.0	14.0,166.0,36.0,339.22945297150034
000014	173	134	TP	0.5635067010943071	312.69045045897155	111.1489856648064	0.06697182262972809	193.0,145.0,316.0,254.0	14.0,173.0,36.0,485.69045045897155
000014	173	135	TP	0.9403766995135338	80.79026996667848	108.52761683513042	0.03130045143509549	178.0,114.0,298.0,213.0	14.0,173.0,36.0,253.79026996667847
000014	181	136	TP	0.572598183446335	310.27156470762066	111.42226252864198	0.03866474329948132	273.0,118.0,384.0,215.0	14.0,181.0,36.0,491.27156470762066
000014	181	137	TP	0.9106023042146711	47.384415836523296	142.90302957541832	0.14178016115702877	282.0,65.0,379.0,178.0	14.0,181.0,36.0,228.3844158365233
000014	194	138	TP	0.35579450418160097	241.2165499421948	145.17219993091035	0.06371097065962945	422.0,152.0,536.0,255.0	14.0,194.0,36.0,435.2165499421948
000014	194	139	TP	0.9333333333333333	59.14396534730028	48.75952748332274	0.05702786961491517	432.0,106.0,538.0,220.0	14.0,194.0,36.0,253.14396534730028
000014	217	140	TP	0.40243085462723704	202.7344243851237	166.78194110843677	0.06584944921868695	328.0,327.0,463.0,440.0	14.0,217.0,36.0,419.7344243851237
000014	217	141	TP	0.9516793264390958	127.2720657038877	127.3379070245618	0.09260028509337696	336.0,275.0,457.0,412.0	14.0,217.0,36.0,344.27206570388773
000014	225	142	TP	0.4873278786669327	261.0985208079677	116.83199826723308	0.043032906474603366	212.0,313.0,342.0,417.0	14.0,225.0,36.0,486.0985208079677
000014	225	143	TP	0.9045274537086588	91.90035983506773	108.8476139475814	0.16360692823687686	222.0,260.0,319.0,399.0	14.0,225.0,36.0,316.9003598350677
000014	239	144	TP	0.4703112738686895	374.296266875894	107.86989780018406	0.035705039097392026	175.0,203.0,285.0,314.0	14.0,239.0,36.0,613.2962668758939
000014	239	145	TP	0.9513494318181818	62.246952146156836	86.01477140930274	0.173672349403692	143.0,173.0,258.0,270.0	14.0,239.0,36.0,301.24695214615684
000014	249	146	TP	0.38877062267163387	280.54248002116486	114.46013172560343	0.042618415015835034	229.0,146.0,345.0,237.0	14.0,249.0,36.0,529.5424800211649
000014	249	147	TP	0.9119548768743981	52.65223580747229	103.68142673332645	0.1451977700846968	228.0,98.0,338.0,208.0	14.0,249.0,36.0,301.65223580747227
000014	253	148	TP	0.3644590703414233	256.88087101607823	112.8109887432505	0.050153289747947534	276.0,142.0,384.0,227.0	14.0,253.0,36.0,509.88087101607823
000014	253	149	TP	0.9178803842578246	85.77126946430468	88.49074718685146	0.04446087814197818	285.0,85.0,380.0,199.0	14.0,253.0,36.0,338.7712694643047
000014	263	150	TP	0.28009073925807315	169.4928382036645	111.90585134237345	0.031759995545796164	393.0,159.0,502.0,246.0	14.0,263.0,36.0,432.4928382036645
000014	263	151	TP	0.8651789865178987	86.90576378248649	175.90518757587597	0.036143436584939556	410.0,101.0,494.0,218.0	14.0,263.0,36.0,349.9057637824865
000014	282	152	TP	0.47600707817216614	310.9783292455957	167.74037003854227	0.04519091978906985	400.0,292.0,534.0,413.0	14.0,282.0,36.0,592.9783292455957
000014	282	153	TP	0.9574052710977017	130.9778125612986	54.873201171303606	0.08423808308802255	421.0,254.0,557.0,371.0	14.0,282.0,36.0,412.9778125612986
000014	290	154	TP	0.5880861850443599	210.9510122043735	164.40968576687428	0.04820192512503665	320.0,311.0,456.0,412.0	14.0,290.0,36.0,500.9510122043735
000014	290	155	TP	0.9410997204100653	198.33261034145193	128.63389596646442	0.021046377842674217	330.0,247.0,448.0,390.0	14.0,290.0,36.0,488.3326103414519
000014	295	156	TP	0.6691068814055637	218.1967006299935	10.787483768929395	0.015698474787315238	247.0,306.0,370.0,396.0	14.0,295.0,36.0,513.1967006299935
000014	295	157	TP	0.9313725490196079	89.6187213963402	64.95332019078272	0.008572874451680056	268.0,242.0,343.0,386.0	14.0,295.0,36.0,384.6187213963402
000014	308	158	TP	0.24368882019577537	124.54444268432394	171.7666991813718	0.10503298408977568	158.0,235.0,282.0,338.0	14.0,308.0,36.0,432.54444268432394
000014	308	159	TP	0.892368533561351	120.98405327694367	23.743489982196593	0.01954952499719888	134.0,188.0,260.0,302.0	14.0,308.0,36.0,428.98405327694365
000014	317	160	TP	0.24893435635123615	235.0512898704278	122.5848147089256	0.04643385758083862	194.0,183.0,314.0,275.0	14.0,317.0,36.0,552.0512898704278
000014	317	161	TP	0.9384122919334187	90.45999024297139	150.21612114041625	0.009723085952373823	182.0,139.0,297.0,243.0	14.0,317.0,36.0,407.4599902429714
000014	326	162	TP	0.09869896814715119	183.04306155709162	121.81055274377334	0.033678461637586726	283.0,166.0,389.0,243.0	14.0,326.0,36.0,509.0430615570916
000014	326	163	TP	0.8308182427900738	46.396975849578524	46.797528017621936	0.3472492088733942	295.0,108.0,384.0,220.0	14.0,326.0,36.0,372.39697584957855
000014	333	164	TP	0.19947828755562375	116.60011124686335	145.50630226691027	0.04774579558550791	369.0,172.0,470.0,251.0	14.0,333.0,36.0,449.6001112468633
000014	333	165	TP	0.7861238532110092	102.33559961596879	1.3940206861409272	0.05112869714696668	391.0,114.0,455.0,228.0	14.0,333.0,36.0,435.3355996159688
000014	346	166	TP	0.5756984262535074	371.788872243049	174.9827138497069	0.050536406017171284	436.0,226.0,564.0,329.0	14.0,346.0,36.0,717.788872243049
000014	346	167	TP	0.9535629330851174	206.22481495577074	119.24820099454234	0.02912764783614524	460.0,183.0,585.0,294.0	14.0,346.0,36.0,552.2248149557707
000014	357	168	TP	0.5695902820671196	381.71135480406525	172.81387090742084	0.05070345134270367	380.0,296.0,517.0,406.0	14.0,357.0,36.0,738.7113548040652
000014	357	169	TP	0.943324618368896	208.75001729344984	128.16585931465542	0.032631580126928676	392.0,241.0,530.0,372.0	14.0,357.0,36.0,565.7500172934499
000014	360	170	TP	0.7179911129482277	374.4057214831317	171.30968216138922	0.05400408155986347	351.0,290.0,486.0,381.0	14.0,360.0,36.0,734.4057214831316
000014	360	171	TP	0.9200462468872287	292.2329982758247	121.1452020577891	0.04807079222928149	356.0,219.0,486.0,357.0	14.0,360.0,36.0,652.2329982758247
000014	367	172	TP	0.8410509031198686	324.0129961798269	7.8083259100499065	0.008572929969167918	248.0,287.0,372.0,368.0	14.0,367.0,36.0,691.0129961798269
000014	367	173	TP	0.9670899196683078	106.16277856026782	26.151472133968706	0.07850703134534374	271.0,216.0,346.0,358.0	14.0,367.0,36.0,473.16277856026784
000014	376	174	TP	0.4392511929524043	121.66395587004278	111.15769574642388	0.034621710386288126	157.0,255.0,288.0,346.0	14.0,376.0,36.0,497.6639558700428
000014	376	175	TP	0.907392445970511	64.87195804351343	118.29753012297952	0.14558712615968625	146.0,194.0,275.0,319.0	14.0,376.0,36.0,440.8719580435134
000014	385	176	TP	0.29717898832684825	149.11809857233857	97.48098817034031	0.03876704452677289	179.0,215.0,291.0,301.0	14.0,385.0,36.0,534.1180985723386
000014	385	177	TP	0.8828430753692715	53.94661269317288	138.334915663354	0.13520170542229104	158.0,169.0,267.0,271.0	14.0,385.0,36.0,438.9466126931729
000014	398	178	TP	0.004632693580410324	95.80654905583108	156.69231346264093	0.22602822231325417	284.0,192.0,388.0,261.0	14.0,398.0,36.0,493.80654905583106
000014	398	179	TP	0.6314372869190741	63.024209333403874	122.32556793081228	0.6866479593883724	297.0,136.0,383.0,243.0	14.0,398.0,36.0,461.02420933340386
000014	406	180	TP	0.105720373709228	93.50250506174423	118.7086232062106	0.04949482026835854	378.0,199.0,479.0,269.0	14.0,406.0,36.0,499.5025050617442
000014	406	181	TP	0.6770174050632911	74.55860348360959	21.61776198877363	0.2327474470891798	398.0,142.0,467.0,251.0	14.0,406.0,36.0,480.5586034836096
000014	427	182	TP	0.7115864527629233	427.2361384895803	176.72839182501616	0.061977188021948446	397.0,271.0,532.0,370.0	14.0,427.0,36.0,854.2361384895803
000014	427	183	TP	0.9180835990081474	140.9943708992424	102.8392892394326	0.03628940522887467	416.0,214.0,551.0,340.0	14.0,427.0,36.0,567.9943708992424
000014	438	184	TP	0.9190757897086729	436.86306036677377	8.272533343928192	0.01690345982224088	273.0,265.0,400.0,339.0	14.0,438.0,36.0,874.8630603667738
000014	438	185	TP	0.9778129952456418	46.96484898943437	170.57864438255757	0.15404335889810303	294.0,194.0,378.0,327.0	14.0,438.0,36.0,484.96484898943436
000014	446	186	TP	0.8119471707257967	289.59786962462175	7.257633508123946	0.05444409766857829	169.0,253.0,298.0,330.0	14.0,446.0,36.0,735.5978696246218
000014	446	187	TP	0.9322844690124376	160.34936462884903	2.6135970098901127	0.020449370391567967	168.0,187.0,291.0,311.0	14.0,446.0,36.0,606.349364628849
000014	454	188	TP	0.20589279375221867	135.6777952725959	95.464818062874	0.056394414810988794	169.0,235.0,284.0,310.0	14.0,454.0,36.0,589.6777952725959
000014	454	189	TP	0.6422315536892621	49.626361779905736	159.58337245277207	0.02083513719548486	148.0,180.0,263.0,287.0	14.0,454.0,36.0,503.6263617799057
000014	463	*	FN	0.03158458244111349	*	*	*	207.0,223.0,324.0,287.0	*
000014	463	*	FN	0.2903178980984178	*	*	*	203.0,168.0,312.0,270.0	*
000014	463	*	FP	*	4.289137506620445	*	*	*	14.0,463.0,36.0,467.2891375066204
000014	474	*	FN	0.4062146892655367	*	*	*	329.0,221.0,426.0,281.0	*
000014	474	*	FN	0.09073987901349465	*	*	*	348.0,168.0,414.0,267.0	*
000014	483	190	TP	0.22436213991769546	35.713367078404275	109.81088769350231	0.8843514962374716	418.0,229.0,526.0,293.0	14.0,483.0,36.0,518.7133670784043
000014	483	191	TP	0.3557112595730813	31.530857324708975	36.7058572257976	0.11174139156916964	428.0,175.0,522.0,278.0	14.0,483.0,36.0,514.530857324709
000014	493	192	TP	0.8676470588235294	231.93703070024884	179.27761510847102	0.023231072684873268	433.0,246.0,556.0,324.0	14.0,493.0,36.0,724.9370307002489
000014	493	193	TP	0.9130003307972213	192.790559047027	36.476125664304064	0.012234232994498074	459.0,188.0,579.0,301.0	14.0,493.0,36.0,685.790559047027
