#  Index into NumPy file "pose_data_tless-3-epos.npz".
#  Created at  6:46PM EDT on Sep 11, 2023
#    DATASET:   tless
#    OBJECT:    3
#    ESTIMATOR: epos
#  The errors reported in this file have taken discrete and continuous object symmetries into account.
#  Bounding boxes are recorded in pixel coordinates as ((upper-left x, y), (lower-right x, y)) with the origin in the upper-left.
#
#  When a row is marked as a TP, it does not necessarily mean that the bounding boxes overlap.
#  For each ground-truth instance, the prediction best overlapping that instance belongs to that ground-truth.
#  All TPs are in the corresponding *.npz file.
#
#  When a row is marked as a FN, it means that there is a ground-truth but the predictor failed to make a prediction at all.
#  FNs are NOT recorded in the *.npz at all.
#
#  When a row is marked as a FP, it means the predictor hallucinated; there is no corresponding ground-truth instance.
#  FPs are NOT recorded in the *.npz at all.
#
#  Scene  <t>  Frame  <t>  Index  <t>  Error cat.  <t>  Visibility ratio  <t>  Score  <t>  R_err(degrees)  <t>  t_err(meters)  <t>  Gr.Tr.BBox  <t>  Pred.BBox
000007	3	0	TP	0.9624874118831823	0.0	0.10840751375142868	0.02543341677827688	452.0,249.0,522.0,320.0	7.0,3.0,10.0,3.0
000007	13	1	TP	0.9948705422569614	0.0	0.1273239101447503	0.030578135548720485	388.0,335.0,459.0,407.0	7.0,13.0,10.0,13.0
000007	21	2	TP	0.9973307449648143	0.0	0.04656186423148259	0.03001440587445947	298.0,348.0,369.0,420.0	7.0,21.0,10.0,21.0
000007	30	3	TP	0.976078914919852	0.0	0.08691799235208059	0.03257258250371699	214.0,294.0,285.0,365.0	7.0,30.0,10.0,30.0
000007	39	4	TP	0.9615581752947207	0.0	0.09326874305770598	0.03196955989473023	200.0,202.0,269.0,272.0	7.0,39.0,10.0,39.0
000007	54	5	TP	0.9356040447046301	0.0	0.03928064470872858	0.020199326383851315	317.0,107.0,384.0,177.0	7.0,54.0,10.0,54.0
000007	62	6	TP	0.9322392800423505	0.0	0.0689046178756307	0.01723924780150623	400.0,129.0,468.0,199.0	7.0,62.0,10.0,62.0
000007	67	7	TP	0.9431759211209133	0.0	0.1386963912045035	0.029811165492586916	437.0,167.0,505.0,237.0	7.0,67.0,10.0,67.0
000007	71	8	TP	0.9477191184008201	0.0	0.0870803901306024	0.024208619453658476	451.0,206.0,521.0,276.0	7.0,71.0,10.0,71.0
000007	81	9	TP	0.9549276039234003	0.0	0.08107045414252716	0.03047548509143838	427.0,293.0,498.0,368.0	7.0,81.0,10.0,81.0
000007	87	10	TP	0.9379986323227718	0.0	0.08554479772573736	0.02199067628922761	371.0,329.0,443.0,405.0	7.0,87.0,10.0,87.0
000007	94	11	TP	0.9482406356413167	0.0	0.08059408978184401	0.02367679660977834	290.0,334.0,362.0,410.0	7.0,94.0,10.0,94.0
000007	102	12	TP	0.9482919981282171	0.0	0.03772150191137714	0.035504823333259126	216.0,288.0,287.0,363.0	7.0,102.0,10.0,102.0
000007	112	13	TP	0.9637952559300874	0.0	0.0598096828138272	0.031053108573964174	202.0,194.0,271.0,269.0	7.0,112.0,10.0,112.0
000007	130	14	TP	0.9601056803170409	0.0	0.04881842311256014	0.010430281678105177	356.0,118.0,421.0,193.0	7.0,130.0,10.0,130.0
000007	155	15	TP	0.9511101622544833	0.0	0.036893386152441476	0.013747973194361246	408.0,297.0,480.0,381.0	7.0,155.0,10.0,155.0
000007	166	16	TP	0.9418921753723516	0.0	0.0672908070648062	0.028707700248495997	284.0,315.0,357.0,400.0	7.0,166.0,10.0,166.0
000007	185	17	TP	0.980877666094631	0.0	0.044825188438441466	0.012813134406816983	211.0,182.0,278.0,263.0	7.0,185.0,10.0,185.0
000007	198	18	TP	0.9559947299077733	0.0	0.009039114899074833	0.014635055216179154	320.0,128.0,384.0,207.0	7.0,198.0,10.0,198.0
000007	207	19	TP	0.9383474034279867	0.0	0.11311547916026331	0.0026704524942975116	407.0,148.0,472.0,228.0	7.0,207.0,10.0,207.0
000007	219	20	TP	0.9531459170013387	0.0	0.029296225974401537	0.004860356892879614	453.0,229.0,521.0,317.0	7.0,219.0,10.0,219.0
000007	229	21	TP	0.9726656025538707	0.0	1.0727195627238453	0.11766254006387979	393.0,289.0,466.0,380.0	7.0,229.0,10.0,229.0
000007	239	22	TP	0.9666535122336227	0.0	0.1219246517831247	0.0032100625771186468	278.0,295.0,351.0,387.0	7.0,239.0,10.0,239.0
000007	251	23	TP	0.9924360400444939	0.0	0.16038277477970048	0.033031774676919576	199.0,230.0,268.0,318.0	7.0,251.0,10.0,251.0
000007	270	24	TP	0.9304697986577182	0.0	0.07134574284513329	0.015799945754655726	316.0,145.0,378.0,226.0	7.0,270.0,10.0,270.0
000007	277	25	TP	0.9143610013175231	0.0	0.11902142605613518	0.008651222628692506	385.0,152.0,448.0,234.0	7.0,277.0,10.0,277.0
000007	285	26	TP	0.9317132442284326	0.0	0.02873883650377599	0.0030290020861171558	441.0,189.0,507.0,273.0	7.0,285.0,10.0,285.0
000007	289	27	TP	0.8185372585096596	0.0	0.47409392910322273	0.14958823360281714	453.0,219.0,520.0,307.0	7.0,289.0,10.0,289.0
000007	295	28	TP	0.9627316260670414	0.0	0.5690885625565544	0.22593419397474615	437.0,249.0,508.0,342.0	7.0,295.0,10.0,295.0
000007	306	29	TP	0.9829286798179059	0.0	1.0442026655823222	0.03805503043306967	332.0,280.0,406.0,377.0	7.0,306.0,10.0,306.0
000007	314	30	TP	0.9950797087187562	0.0	0.602507234822388	0.31531580031670786	243.0,265.0,316.0,361.0	7.0,314.0,10.0,314.0
000007	328	31	TP	0.947560975609756	0.0	0.400286506499843	0.0833880105141687	211.0,198.0,276.0,285.0	7.0,328.0,10.0,328.0
000007	342	32	TP	0.8520266518600778	0.0	0.48590684516494004	0.09392873338241042	322.0,163.0,383.0,245.0	7.0,342.0,10.0,342.0
000007	348	33	TP	0.8449401523394995	0.0	0.045291439543473234	0.05560144172230668	379.0,169.0,441.0,251.0	7.0,348.0,10.0,348.0
000007	354	34	TP	0.9724137931034482	0.0	0.8851046566179605	0.011847891660067772	427.0,186.0,490.0,271.0	7.0,354.0,10.0,354.0
000007	366	35	TP	0.9750325662179765	0.0	0.3691841887402421	0.0855553601913372	443.0,235.0,513.0,327.0	7.0,366.0,10.0,366.0
000007	378	36	TP	0.9975152905198776	0.0	0.35293483934170666	0.09365275985849622	339.0,258.0,412.0,357.0	7.0,378.0,10.0,378.0
000007	385	37	TP	0.9972500491062659	0.0	0.362797762725587	0.14414463855211188	259.0,251.0,332.0,348.0	7.0,385.0,10.0,385.0
000007	393	38	TP	0.995385629531971	0.0	0.33208158333767684	0.11512464505148072	206.0,228.0,275.0,320.0	7.0,393.0,10.0,393.0
000007	399	39	TP	0.9106529209621993	0.0	0.09128075805805665	0.015544500615051362	208.0,209.0,273.0,296.0	7.0,399.0,10.0,399.0
000007	413	40	TP	0.7526664744883251	0.0	1.3313116802371259	4.1052386648665395	309.0,183.0,368.0,264.0	7.0,413.0,10.0,413.0
000007	428	41	TP	0.8400621118012422	0.0	0.3479210654266541	0.17636061897404764	434.0,203.0,497.0,288.0	7.0,428.0,10.0,428.0
000007	435	42	TP	0.6658482690891235	0.0	0.35285678421533506	0.016829937224275043	450.0,223.0,515.0,310.0	7.0,435.0,10.0,435.0
000007	447	43	TP	0.9965185336883063	0.0	0.16625343610859872	0.030382420685204668	378.0,235.0,450.0,330.0	7.0,447.0,10.0,447.0
000007	450	44	TP	0.9852405984634047	0.0	0.17910719637311998	0.020842511241204797	345.0,235.0,417.0,331.0	7.0,450.0,10.0,450.0
000007	458	45	TP	0.9993740872105153	0.0	0.20664912527769963	0.01039885559152118	256.0,231.0,327.0,325.0	7.0,458.0,10.0,458.0
000007	468	46	TP	0.9699045754832395	0.0	0.13827691731920846	0.04161718492653698	207.0,219.0,273.0,305.0	7.0,468.0,10.0,468.0
000007	478	*	FN	0.6199767035527082	*	*	*	246.0,208.0,306.0,288.0	*
000007	486	47	TP	0.44039838157485217	0.0	2.310626816474172	0.17047157133872387	315.0,206.0,372.0,283.0	7.0,486.0,10.0,486.0
000007	493	*	FN	0.48816747572815533	*	*	*	379.0,209.0,438.0,286.0	*
000009	0	48	TP	0.9445550184816605	240.03637236493745	3.0611764014503176	0.06448975944380786	276.0,149.0,339.0,217.0	9.0,0.0,12.0,240.03637236493745
000009	0	49	TP	0.9435102469784551	174.1987168635989	0.7073469964783383	0.05785233376464049	342.0,158.0,410.0,228.0	9.0,0.0,12.0,174.1987168635989
000009	0	50	TP	0.9948604992657856	102.9917023708325	1.803481209043505	0.07269705947089306	371.0,340.0,442.0,412.0	9.0,0.0,12.0,102.9917023708325
000009	11	51	TP	0.8590145257761321	289.6944411629094	1.5523374460642014	0.2482471162129613	375.0,146.0,438.0,215.0	9.0,11.0,12.0,300.6944411629094
000009	11	52	TP	0.9523192536926665	177.93021811914804	0.6937181049146799	0.05369886236889626	394.0,200.0,463.0,270.0	9.0,11.0,12.0,188.93021811914804
000009	11	53	TP	0.9887585532746823	162.67475814062064	2.979198755759117	0.17592562433554504	251.0,328.0,322.0,399.0	9.0,11.0,12.0,173.67475814062064
000009	21	54	TP	0.8633436012321478	271.6008890646034	3.0613188290339712	0.05614677153962092	432.0,213.0,496.0,282.0	9.0,21.0,12.0,292.6008890646034
000009	21	55	TP	0.9637055837563452	162.71095678352998	1.743189705951455	0.23400492125610503	390.0,258.0,460.0,329.0	9.0,21.0,12.0,183.71095678352998
000009	21	56	TP	0.9627485527309338	132.4471203386359	3.0259098757151044	0.08490914105344362	197.0,239.0,266.0,309.0	9.0,21.0,12.0,153.4471203386359
000009	31	57	TP	0.8822726031139033	210.1117309694521	2.9965619796211764	0.0550344671708764	417.0,302.0,483.0,371.0	9.0,31.0,12.0,241.1117309694521
000009	31	58	TP	0.9793866264454499	119.18541236298323	1.0424566226703544	0.2323879724283918	340.0,295.0,410.0,366.0	9.0,31.0,12.0,150.18541236298324
000009	31	59	TP	0.9763903462749213	109.22388935295795	1.6227544855407818	0.1026869344201273	236.0,145.0,303.0,215.0	9.0,31.0,12.0,140.22388935295794
000009	45	60	TP	0.8806941431670282	238.16469058973607	1.6788705925319107	0.26544353735201054	296.0,345.0,362.0,414.0	9.0,45.0,12.0,283.1646905897361
000009	45	61	TP	0.9655521783181358	224.3109844740446	1.4521614398434213	0.24267968078732863	260.0,263.0,330.0,334.0	9.0,45.0,12.0,269.31098447404463
000009	45	62	TP	0.9358803099118355	142.3372690964379	1.7320167363032655	0.19884409325454316	375.0,119.0,442.0,189.0	9.0,45.0,12.0,187.3372690964379
000009	57	63	TP	0.929041095890411	299.4600847969483	3.035440615001097	0.16548065459590416	221.0,267.0,286.0,335.0	9.0,57.0,12.0,356.4600847969483
000009	57	64	TP	0.9461976202793585	293.36468573809873	0.05755868524009659	0.03327549957154561	260.0,192.0,329.0,263.0	9.0,57.0,12.0,350.36468573809873
000009	57	65	TP	0.9451563300871348	194.81302013793564	0.13111154081999105	0.1640636490233948	452.0,212.0,520.0,282.0	9.0,57.0,12.0,251.81302013793564
000009	64	66	TP	0.9757051103043842	258.53541686520276	3.0852725257631173	0.05677151709865392	227.0,203.0,291.0,271.0	9.0,64.0,12.0,322.53541686520276
000009	64	67	TP	0.9490947257937549	144.06874803088874	3.0859018804708644	0.04675086925838739	293.0,163.0,361.0,234.0	9.0,64.0,12.0,208.06874803088874
000009	64	68	TP	0.9708447545477199	102.81257857659533	1.8665815702214228	0.14855033164457365	438.0,283.0,509.0,354.0	9.0,64.0,12.0,166.81257857659534
000009	70	69	TP	0.9770538243626062	220.82593623196766	1.2577631526601836	0.475977919744568	259.0,159.0,323.0,228.0	9.0,70.0,12.0,290.82593623196766
000009	70	70	TP	0.9495798319327731	108.52817016548181	1.9832935356026877	0.11597745658559079	329.0,156.0,397.0,226.0	9.0,70.0,12.0,178.5281701654818
000009	70	71	TP	0.9926271811255837	98.92182663807924	1.870592199852974	0.1533929751298782	392.0,330.0,463.0,402.0	9.0,70.0,12.0,168.92182663807924
000009	91	72	TP	0.7131885593220338	140.97061803888047	2.1845748460943164	0.08330932459712306	423.0,191.0,487.0,267.0	9.0,91.0,12.0,231.97061803888047
000009	91	73	TP	0.9431511884342073	117.62060117599106	2.218603601753164	0.11876350815531851	396.0,238.0,466.0,313.0	9.0,91.0,12.0,208.62060117599106
000009	91	74	TP	0.9712520788785934	87.00623931361424	2.8036642530240217	0.18672483285897737	202.0,255.0,272.0,330.0	9.0,91.0,12.0,178.00623931361423
000009	100	75	TP	0.9124553343542624	215.68074888860525	1.0298021280994405	0.417735759911927	431.0,268.0,496.0,343.0	9.0,100.0,12.0,315.68074888860525
000009	100	76	TP	0.9619708203779	137.79737055016696	0.7556997457068119	0.11526390420858944	361.0,277.0,431.0,352.0	9.0,100.0,12.0,237.79737055016696
000009	100	77	TP	0.9705289672544081	120.45161937916302	2.1666201930158273	0.17139776619233663	215.0,173.0,283.0,249.0	9.0,100.0,12.0,220.45161937916302
000009	108	78	TP	0.9307846076961519	189.95514326473446	2.319656180755237	0.07127603693855622	385.0,324.0,452.0,399.0	9.0,108.0,12.0,297.9551432647345
000009	108	79	TP	0.9493821292775665	187.7120228927622	1.872447337441667	0.28160405903435226	309.0,284.0,380.0,359.0	9.0,108.0,12.0,295.7120228927622
000009	108	80	TP	0.9533227848101266	154.28923580210662	2.9069372617991758	0.06908762466113663	279.0,125.0,344.0,201.0	9.0,108.0,12.0,262.28923580210665
000009	118	81	TP	0.94610630407911	289.23613383566806	1.7126982681483	0.29094189237906865	290.0,335.0,358.0,409.0	9.0,118.0,12.0,407.23613383566806
000009	118	82	TP	0.9461034231609614	145.17106810196117	1.2380376255206855	0.28908073822131747	258.0,251.0,328.0,326.0	9.0,118.0,12.0,263.17106810196117
000009	118	83	TP	0.9538502109704642	130.24461194573044	0.7355776654808157	0.16860453724183602	379.0,127.0,445.0,203.0	9.0,118.0,12.0,248.24461194573044
000009	128	84	TP	0.9700100806451613	223.2200351164296	1.187605081099851	0.3017416747233048	224.0,274.0,290.0,349.0	9.0,128.0,12.0,351.2200351164296
000009	128	85	TP	0.9580209895052474	171.74245521738183	1.7095788506920362	0.1214703061000892	257.0,198.0,325.0,273.0	9.0,128.0,12.0,299.7424552173818
000009	128	86	TP	0.9516533066132264	52.53716999193232	1.581418822857002	0.23905716977634442	447.0,195.0,515.0,270.0	9.0,128.0,12.0,180.53716999193233
000009	136	87	TP	0.9655622228019828	167.0718804409543	0.06360047718790718	0.09765472686319089	225.0,205.0,289.0,281.0	9.0,136.0,12.0,303.07188044095426
000009	136	88	TP	0.9659585359610955	161.39614982570848	1.0212603294520897	0.054185823280299215	290.0,166.0,357.0,242.0	9.0,136.0,12.0,297.39614982570845
000009	136	89	TP	0.9427009034712316	159.2622603080299	0.9030850644956598	0.16048522618778618	440.0,269.0,511.0,344.0	9.0,136.0,12.0,295.2622603080299
000009	147	90	TP	0.7211640211640211	298.3956490485671	0.9320264720086826	0.10595912101636143	295.0,151.0,357.0,232.0	9.0,147.0,12.0,445.3956490485671
000009	147	91	TP	0.9099597585513078	269.05618216673685	0.034815181118828725	0.03249855940932218	355.0,169.0,421.0,249.0	9.0,147.0,12.0,416.05618216673685
000009	147	92	TP	0.9573659772055719	107.01075794596774	1.4519180421711328	0.12585940567095819	349.0,317.0,422.0,401.0	9.0,147.0,12.0,254.01075794596773
000009	161	93	TP	0.5244249159989661	219.56012978167132	0.9145766917580044	0.37913139576284516	409.0,176.0,472.0,257.0	9.0,161.0,12.0,380.5601297816713
000009	161	94	TP	0.9501417769376181	197.6204678617175	2.3645905941479683	0.16428660317021881	400.0,220.0,468.0,302.0	9.0,161.0,12.0,358.6204678617175
000009	161	95	TP	0.9735099337748344	142.53932323549472	1.7812731682382077	0.13131852679422437	213.0,267.0,284.0,351.0	9.0,161.0,12.0,303.53932323549475
000009	167	96	TP	0.7939214232765011	188.57806171701944	1.7877355821307812	0.14754256401548396	434.0,216.0,498.0,298.0	9.0,167.0,12.0,355.5780617170194
000009	167	97	TP	0.9439981638742254	165.71587798458222	1.721074824078306	0.17873457057436268	388.0,249.0,458.0,332.0	9.0,167.0,12.0,332.7158779845822
000009	167	98	TP	0.9603544776119403	118.30716537995987	1.0778894854116274	0.0933712408227443	200.0,220.0,268.0,302.0	9.0,167.0,12.0,285.3071653799599
000009	179	99	TP	0.953430258973194	218.40352896076934	1.1363595599635468	0.18690109108858388	397.0,300.0,466.0,384.0	9.0,179.0,12.0,397.40352896076934
000009	179	100	TP	0.955253784505788	174.66505238806087	2.10371045537014	0.08098407328200764	320.0,274.0,391.0,357.0	9.0,179.0,12.0,353.6650523880609
000009	179	101	TP	0.9477806788511749	157.05806965463265	1.3753016518411951	0.09318321697205359	266.0,142.0,331.0,221.0	9.0,179.0,12.0,336.0580696546326
000009	195	102	TP	0.964825253664036	237.50446056707062	0.9358894196408328	0.16678953243668976	251.0,298.0,320.0,383.0	9.0,195.0,12.0,432.5044605670706
000009	195	103	TP	0.9437704153056463	110.24644604215118	0.07128097116989586	0.042795080498900635	252.0,224.0,320.0,306.0	9.0,195.0,12.0,305.2464460421512
000009	195	104	TP	0.9245426829268293	64.83682590134752	2.088353622648956	0.28234672554821255	417.0,159.0,482.0,239.0	9.0,195.0,12.0,259.83682590134754
000009	204	105	TP	0.978789323164919	247.51595776944143	0.8106370783407634	0.1937548758131358	216.0,235.0,283.0,319.0	9.0,204.0,12.0,451.51595776944146
000009	204	106	TP	0.9262335124572545	187.63977168824707	2.3798873307885717	0.1628454578232749	270.0,184.0,336.0,265.0	9.0,204.0,12.0,391.63977168824704
000009	204	107	TP	0.9418903150525088	107.03761440267387	2.2310189426520903	0.20455144129475186	452.0,224.0,520.0,306.0	9.0,204.0,12.0,311.03761440267385
000009	210	108	TP	0.9050363317464295	227.3887213453424	3.1302080946832604	0.05322888778052052	231.0,192.0,295.0,274.0	9.0,210.0,12.0,437.3887213453424
000009	210	109	TP	0.9312076324378609	225.5311519400458	2.3705938057340408	0.15997146712676566	300.0,168.0,366.0,248.0	9.0,210.0,12.0,435.5311519400458
000009	210	110	TP	0.9324324324324325	206.90802899800696	2.2224256544990815	0.26830852766064095	433.0,272.0,504.0,355.0	9.0,210.0,12.0,416.90802899800696
000009	217	111	TP	0.500658414537793	285.6006456333392	3.1125043227901954	0.1713498812442645	283.0,164.0,344.0,248.0	9.0,217.0,12.0,502.6006456333392
000009	217	112	TP	0.8283185840707965	255.23805744028888	2.373845926769979	0.100032786980189	347.0,175.0,411.0,258.0	9.0,217.0,12.0,472.2380574402889
000009	217	113	TP	0.9674520766773163	206.93430801611817	0.0838449775834212	0.11634324841430392	366.0,295.0,439.0,387.0	9.0,217.0,12.0,423.93430801611817
000009	227	114	TP	0.470151233749005	212.4934671392763	0.7255339260217019	0.06756770659904922	369.0,164.0,430.0,247.0	9.0,227.0,12.0,439.4934671392763
000009	227	115	TP	0.8978754225012071	190.69818752857591	2.6756738799984165	0.08103090759562008	392.0,199.0,458.0,284.0	9.0,227.0,12.0,417.6981875285759
000009	227	116	TP	0.9781387886081027	155.25266134811218	0.8325392079104129	0.33735117310515983	252.0,286.0,325.0,377.0	9.0,227.0,12.0,382.25266134811216
000009	235	117	TP	0.5184164369832123	171.29899707321803	1.1868084404175343	0.15781913161036748	422.0,195.0,485.0,280.0	9.0,235.0,12.0,406.29899707321806
000009	235	118	TP	0.9727148703956344	132.4541884872243	1.309593490510354	0.11347157620849171	397.0,230.0,465.0,317.0	9.0,235.0,12.0,367.4541884872243
000009	235	119	TP	0.9373225595108102	100.70334330242738	1.0728423409422254	0.12588693303231865	204.0,240.0,274.0,329.0	9.0,235.0,12.0,335.70334330242736
000009	239	120	TP	0.7511399088072954	251.07424851117113	0.7739721247336626	0.051526023378080474	434.0,218.0,498.0,304.0	9.0,239.0,12.0,490.07424851117116
000009	239	121	TP	0.9439397296698426	237.78621640395733	0.035932293609939256	0.007129877538608637	386.0,244.0,455.0,332.0	9.0,239.0,12.0,476.7862164039573
000009	239	122	TP	0.8443210733287069	98.91167836909003	1.5096247880640676	0.18461614268028043	202.0,213.0,269.0,300.0	9.0,239.0,12.0,337.91167836909005
000009	248	123	TP	0.9690901175446234	243.79692366668402	0.6187828633183529	0.0893688863421858	413.0,271.0,481.0,361.0	9.0,248.0,12.0,491.79692366668405
000009	248	124	TP	0.9741231822070145	239.137244976568	2.70485487806073	0.09406220277735351	336.0,263.0,407.0,352.0	9.0,248.0,12.0,487.137244976568
000009	248	125	TP	0.91343669250646	133.80641259331833	1.0894107179379386	0.2312786693955013	248.0,164.0,311.0,246.0	9.0,248.0,12.0,381.8064125933183
000009	254	126	TP	0.9628857381150959	221.5116898541692	0.8728675582254777	0.06654510353328272	367.0,295.0,436.0,387.0	9.0,254.0,12.0,475.51168985416916
000009	254	127	TP	0.9706896551724138	200.64897584911188	2.231328553504731	0.12208408773245033	297.0,260.0,368.0,349.0	9.0,254.0,12.0,454.6489758491119
000009	254	128	TP	0.8948794364670821	154.94030855219503	1.3570112928240943	0.2660400656372995	303.0,148.0,364.0,229.0	9.0,254.0,12.0,408.940308552195
000009	269	129	TP	0.9793370641411967	256.47651219446675	0.5384169772871579	0.0939726671446416	234.0,268.0,302.0,359.0	9.0,269.0,12.0,525.4765121944667
000009	269	130	TP	0.931002331002331	203.81249283833094	3.1170405826324825	0.06955741000188347	254.0,211.0,321.0,297.0	9.0,269.0,12.0,472.81249283833097
000009	269	131	TP	0.9377811094452774	116.75509397726742	1.620591322147049	0.17836571988565786	432.0,183.0,497.0,266.0	9.0,269.0,12.0,385.7550939772674
000009	278	132	TP	0.9666035054476552	242.77928860779275	0.38428336111729006	0.05423949379760049	220.0,213.0,284.0,300.0	9.0,278.0,12.0,520.7792886077928
000009	278	133	TP	0.8015775203352231	220.83356664662344	2.369902803792658	0.07461439934371583	282.0,182.0,347.0,266.0	9.0,278.0,12.0,498.83356664662347
000009	278	134	TP	0.9579366836395838	208.57234988503413	0.08573522783920436	0.009768660943272228	447.0,239.0,517.0,326.0	9.0,278.0,12.0,486.5723498850341
000009	286	135	TP	0.6064599483204134	185.13427865668666	0.7234521190126024	0.22754717711973255	260.0,174.0,321.0,258.0	9.0,286.0,12.0,471.13427865668666
000009	286	136	TP	0.8541561712846347	147.3806375769136	1.8074579871169008	0.26524268984898225	329.0,173.0,393.0,257.0	9.0,286.0,12.0,433.3806375769136
000009	286	137	TP	0.9544072948328267	56.9230955658411	2.7095095449445425	0.2022618114786789	399.0,285.0,471.0,376.0	9.0,286.0,12.0,342.9230955658411
000009	304	138	TP	0.2026315789473684	212.08025543457148	0.5310827004582299	0.08564997453543138	401.0,188.0,463.0,273.0	9.0,304.0,12.0,516.0802554345714
000009	304	139	TP	0.7999528746465598	201.31076137703138	2.890313026436126	0.1329886002005055	399.0,217.0,465.0,305.0	9.0,304.0,12.0,505.3107613770314
000009	304	140	TP	0.9900682805710739	186.1380035367668	0.03058566921142783	0.010354831323960716	218.0,250.0,290.0,344.0	9.0,304.0,12.0,490.1380035367668
000009	310	141	TP	0.6556650246305419	277.4125940136468	2.710481400033573	0.10865396725711736	430.0,210.0,493.0,298.0	9.0,310.0,12.0,587.4125940136469
000009	310	142	TP	0.964716391246092	255.29093084234557	2.601036513459234	0.05369554829314853	391.0,233.0,459.0,324.0	9.0,310.0,12.0,565.2909308423456
000009	310	143	TP	0.7071898389657518	166.51208302524054	0.3945426423377624	0.18092704155871067	203.0,221.0,270.0,310.0	9.0,310.0,12.0,476.51208302524054
000009	319	144	TP	0.9766935308211718	287.410422870121	0.5208877977730656	0.010433048329307613	421.0,251.0,488.0,343.0	9.0,319.0,12.0,606.410422870121
000009	319	145	TP	0.983864118895966	239.92722433516005	0.5505314816388095	0.21503090773142253	346.0,250.0,416.0,342.0	9.0,319.0,12.0,558.9272243351601
000009	319	146	TP	0.8639223911903513	126.73599443304093	0.06507928453236814	0.13686112668543232	238.0,182.0,301.0,265.0	9.0,319.0,12.0,445.7359944330409
000009	329	147	TP	0.9693202326047724	294.13478544920326	0.6535804789712648	0.0074243380605904345	343.0,278.0,412.0,375.0	9.0,329.0,12.0,623.1347854492033
000009	329	148	TP	0.9939836699613236	256.3876985620984	2.4927981170036655	0.05618069351728417	284.0,245.0,353.0,337.0	9.0,329.0,12.0,585.3876985620984
000009	329	149	TP	0.8604913866139509	188.42060301435873	1.0726179263546554	0.16773366573647497	327.0,165.0,387.0,246.0	9.0,329.0,12.0,517.4206030143587
000009	344	150	TP	0.973621103117506	283.49087873852926	0.6333074980258814	0.01039547963605476	224.0,242.0,291.0,335.0	9.0,344.0,12.0,627.4908787385293
000009	344	151	TP	0.9347095535285646	273.8676287037667	2.5330321941056972	0.05943531029373609	260.0,205.0,326.0,292.0	9.0,344.0,12.0,617.8676287037667
000009	344	152	TP	0.9656104151314173	120.1580208711851	0.5934324449680037	0.1579887490637111	442.0,202.0,508.0,288.0	9.0,344.0,12.0,464.1580208711851
000009	356	153	TP	0.5143076136944302	238.68972659598052	2.5736499430836886	0.30605268205426567	243.0,191.0,305.0,277.0	9.0,356.0,12.0,594.6897265959806
000009	356	154	TP	0.7743682310469314	191.94565748030377	0.5605097264201505	0.31110222751878736	314.0,185.0,377.0,269.0	9.0,356.0,12.0,547.9456574803038
000009	356	155	TP	0.9771568427493371	147.27705297749785	0.5875910200132994	0.032470985082051755	421.0,259.0,492.0,353.0	9.0,356.0,12.0,503.2770529774979
000009	374	156	TP	0.16555740432612312	297.61864344108955	2.708513532560483	0.13072351623514736	391.0,198.0,451.0,281.0	9.0,374.0,12.0,671.6186434410895
000009	374	157	TP	0.5789990186457311	252.04752619027366	0.31867165832922584	0.1321001403762595	397.0,216.0,462.0,303.0	9.0,374.0,12.0,626.0475261902736
000009	374	158	TP	0.9989754098360656	166.77975317315517	0.5175526755592511	0.2271373750282233	230.0,242.0,301.0,338.0	9.0,374.0,12.0,540.7797531731552
000009	380	159	TP	0.5336962156557802	323.1664756467555	2.8153765595273965	0.07665635307996195	424.0,211.0,486.0,297.0	9.0,380.0,12.0,703.1664756467555
000009	380	160	TP	0.9907149489322191	311.367503009141	0.347635288494861	0.10602423949264148	394.0,227.0,462.0,317.0	9.0,380.0,12.0,691.367503009141
000009	380	161	TP	0.6993212669683257	138.94220685743971	0.40841812040998454	0.10677569306760956	206.0,224.0,273.0,315.0	9.0,380.0,12.0,518.9422068574397
000009	391	162	TP	0.9793904845428634	353.07033641794345	0.3846168851425624	0.03218502661720984	419.0,242.0,486.0,335.0	9.0,391.0,12.0,744.0703364179435
000009	391	163	TP	0.9896373056994818	338.5233256855404	0.3125564011895369	0.08583899387205343	344.0,240.0,413.0,333.0	9.0,391.0,12.0,729.5233256855404
000009	391	164	TP	0.7105843439911798	275.79646827020196	2.6916335766093584	0.1915289176053062	245.0,194.0,306.0,277.0	9.0,391.0,12.0,666.796468270202
000009	402	165	TP	0.9863945578231292	317.0411972378744	2.863129888448328	0.12790046311085507	329.0,257.0,399.0,354.0	9.0,402.0,12.0,719.0411972378745
000009	402	166	TP	0.99867197875166	266.0468461202984	2.757650925738476	0.0993325688288757	278.0,234.0,347.0,325.0	9.0,402.0,12.0,668.0468461202984
000009	402	167	TP	0.6447990543735225	206.1868419630338	2.989886502901591	0.14001626431094064	342.0,186.0,401.0,265.0	9.0,402.0,12.0,608.1868419630338
000009	414	168	TP	0.9704231433506045	333.52916583950974	0.3420501574146612	0.005297676877474861	230.0,237.0,298.0,331.0	9.0,414.0,12.0,747.5291658395097
000009	414	169	TP	0.8059483178937104	294.24601175529784	2.7787423047807303	0.07996046106613072	259.0,213.0,324.0,300.0	9.0,414.0,12.0,708.2460117552978
000009	414	170	TP	0.6899346405228758	247.55382429769708	2.737477727233658	0.17428114533202044	435.0,206.0,498.0,290.0	9.0,414.0,12.0,661.553824297697
000009	417	171	TP	0.8985376827896513	309.8809041179929	0.3176456530856284	0.02652742279550866	220.0,228.0,287.0,320.0	9.0,417.0,12.0,726.8809041179929
000009	417	172	TP	0.8115104297562201	308.9596381264071	2.770532618589917	0.08705706425719316	266.0,207.0,330.0,293.0	9.0,417.0,12.0,725.9596381264071
000009	417	173	TP	0.9804358593363051	215.0160173084841	0.2630924467984545	0.07612018025719569	446.0,214.0,511.0,300.0	9.0,417.0,12.0,632.0160173084842
000009	431	174	TP	0.2738554881412024	312.5528867453895	2.811217745684636	0.1140416222183257	269.0,194.0,329.0,278.0	9.0,431.0,12.0,743.5528867453895
000009	431	175	TP	0.7298463197627393	223.56200356215155	0.7867593515767046	0.18037722108015336	336.0,198.0,398.0,281.0	9.0,431.0,12.0,654.5620035621515
000009	431	176	TP	0.9918876137712703	101.33300555522253	0.6276598125288072	0.10120560141646318	390.0,253.0,462.0,350.0	9.0,431.0,12.0,532.3330055552225
000009	437	177	TP	0.1747133373566687	406.33611490332004	2.9896563105080785	0.12229630554391042	313.0,209.0,371.0,287.0	9.0,437.0,12.0,843.3361149033201
000009	437	178	TP	0.44552800222903316	336.4224650260116	0.1638434800134388	0.0898414234958846	366.0,214.0,427.0,295.0	9.0,437.0,12.0,773.4224650260117
000009	437	179	TP	0.9912437810945274	242.96666662914254	0.1650468126984145	0.050903436261724264	328.0,236.0,401.0,333.0	9.0,437.0,12.0,679.9666666291425
000009	451	180	TP	0.3611111111111111	465.64353374266193	2.963734059011309	0.02315118123143713	417.0,216.0,478.0,298.0	9.0,451.0,12.0,916.6435337426619
000009	451	181	TP	0.8562992125984252	340.67730547185215	0.3670229572440511	0.156837506146315	397.0,223.0,462.0,310.0	9.0,451.0,12.0,791.6773054718522
000009	451	182	TP	0.787557603686636	285.75954884001453	0.2665392634400544	0.026846813393593957	211.0,222.0,278.0,311.0	9.0,451.0,12.0,736.7595488400145
000009	465	183	TP	0.984804469273743	401.82960689791065	2.9729348829116167	0.056792000476682696	412.0,232.0,479.0,324.0	9.0,465.0,12.0,866.8296068979107
000009	465	184	TP	0.9894760412001792	399.7862633571741	2.9906463303400552	0.054842381460196314	336.0,229.0,404.0,320.0	9.0,465.0,12.0,864.7862633571741
000009	465	185	TP	0.44217081850533807	152.71730437779888	2.507795029170039	0.16358045707936356	258.0,207.0,317.0,286.0	9.0,465.0,12.0,617.7173043777989
000009	477	186	TP	0.9894344313238036	344.94794608466674	2.9858229415114437	0.13691788375769473	303.0,235.0,373.0,330.0	9.0,477.0,12.0,821.9479460846667
000009	477	187	TP	0.8060506566604128	330.3025653404704	2.9206997981448746	0.0562717900749055	269.0,224.0,336.0,312.0	9.0,477.0,12.0,807.3025653404704
000009	477	188	TP	0.30776368697803896	308.013309529498	2.9655979217089157	0.1718155918233364	365.0,208.0,423.0,285.0	9.0,477.0,12.0,785.013309529498
000009	484	189	TP	0.9854695293862503	379.7733792310517	0.18275403321348085	0.0037183298538819593	244.0,229.0,313.0,322.0	9.0,484.0,12.0,863.7733792310516
000009	484	190	TP	0.5764291110551498	277.1514921649106	2.9259303065298217	0.06890782740410781	259.0,219.0,323.0,304.0	9.0,484.0,12.0,761.1514921649107
000009	484	191	TP	0.07712230215827338	151.6766507081	2.5685805311534016	0.16535036720740165	420.0,214.0,481.0,294.0	9.0,484.0,12.0,635.6766507080999
000009	490	192	TP	0.8055818353831599	347.3704308673424	2.969974153443383	0.16946520229716952	220.0,222.0,286.0,311.0	9.0,490.0,12.0,837.3704308673424
000009	490	193	TP	0.5144370860927152	346.0217941739849	0.14374837627376483	0.13645504905153552	268.0,214.0,331.0,298.0	9.0,490.0,12.0,836.021794173985
000009	490	194	TP	0.9776349614395887	235.21314980511895	2.9258029164163397	0.18016104967671945	445.0,220.0,509.0,305.0	9.0,490.0,12.0,725.213149805119
000009	495	195	TP	0.4777348777348777	333.76616596164274	2.985982553195734	0.16363466120674972	223.0,216.0,286.0,301.0	9.0,495.0,12.0,828.7661659616427
000009	495	196	TP	0.19459757442116868	253.33190095812785	0.15696003393031413	0.11491708097876176	289.0,212.0,350.0,294.0	9.0,495.0,12.0,748.3319009581278
000009	495	197	TP	0.9883068288119738	231.01500726071558	0.1833011790040854	0.04634935199242281	445.0,227.0,512.0,316.0	9.0,495.0,12.0,726.0150072607156
000012	2	198	TP	0.9474909467149508	361.49223419153367	1.6812595480343107	0.11711332293656976	146.0,226.0,215.0,295.0	12.0,2.0,15.0,363.49223419153367
000012	2	199	TP	0.9519650655021834	141.03687426420532	0.21042899731730416	0.0833069593061287	210.0,296.0,291.0,385.0	12.0,2.0,15.0,143.03687426420532
000012	7	200	TP	0.9470603884011706	333.5721705304632	1.5764537577334545	0.10856878321586239	167.0,156.0,235.0,225.0	12.0,7.0,15.0,340.5721705304632
000012	7	201	TP	0.9782140292075653	212.78767084093673	0.15756500838151055	0.09814011987399016	193.0,259.0,283.0,334.0	12.0,7.0,15.0,219.78767084093673
000012	14	202	TP	0.9551867219917013	417.98860305361995	1.414545228323691	0.0788634464468489	242.0,85.0,307.0,154.0	12.0,14.0,15.0,431.98860305361995
000012	14	203	TP	0.9971867007672635	282.47634584818894	0.02258144841795441	0.05369786883046559	211.0,186.0,296.0,250.0	12.0,14.0,15.0,296.47634584818894
000012	26	204	TP	0.9233324107389981	298.5679961540662	1.2351508488460863	0.07616467607768225	413.0,86.0,479.0,156.0	12.0,26.0,15.0,324.5679961540662
000012	26	205	TP	0.9764797105195141	109.81147739564254	1.3475069770588677	0.17167409229616198	310.0,114.0,381.0,200.0	12.0,26.0,15.0,135.81147739564256
000012	34	206	TP	0.9361532322426177	338.91064715117193	1.2125928946098807	0.08062228508074143	490.0,171.0,558.0,240.0	12.0,34.0,15.0,372.91064715117193
000012	34	207	TP	0.9629440327114746	256.41243811456667	1.4733695121181083	0.11833839422490026	402.0,136.0,467.0,223.0	12.0,34.0,15.0,290.41243811456667
000012	43	208	TP	0.9726720647773279	377.2229796806917	1.6496144713713585	0.1617618222648141	488.0,300.0,558.0,370.0	12.0,43.0,15.0,420.2229796806917
000012	43	209	TP	0.9818317570930811	362.9182414024115	0.10147356644602878	0.032140038445268575	437.0,209.0,525.0,287.0	12.0,43.0,15.0,405.9182414024115
000012	49	210	TP	0.9997532082922014	389.4695487264159	1.7276222506551075	0.1535028317781265	428.0,371.0,499.0,441.0	12.0,49.0,15.0,438.4695487264159
000012	49	211	TP	0.9849987902250181	381.4995731366137	0.05512091089058793	0.05111930366437612	428.0,278.0,516.0,344.0	12.0,49.0,15.0,430.4995731366137
000012	60	212	TP	1.0	373.22805416531793	1.6352829602375032	0.1434697408664495	258.0,392.0,330.0,465.0	12.0,60.0,15.0,433.22805416531793
000012	60	213	TP	0.9520089285714286	344.6108618615086	0.24086438747926533	0.10030243863874341	354.0,348.0,437.0,437.0	12.0,60.0,15.0,404.6108618615086
000012	66	214	TP	0.9841269841269841	361.08917835774804	1.7334006798656283	0.1497146161849564	181.0,339.0,251.0,409.0	12.0,66.0,15.0,427.08917835774804
000012	66	215	TP	0.9437402712919725	267.68721243528387	0.3175398837107723	0.11961161772977776	295.0,341.0,362.0,434.0	12.0,66.0,15.0,333.68721243528387
000012	73	216	TP	0.9760019792182089	233.2984307271973	1.836382173303433	0.09023963133879177	146.0,240.0,214.0,312.0	12.0,73.0,15.0,306.29843072719734
000012	73	217	TP	0.9735345581802275	223.39978579378086	0.7691239467470788	0.049697058308316305	218.0,304.0,295.0,394.0	12.0,73.0,15.0,296.3997857937809
000012	83	218	TP	0.9478494623655914	414.63898235649424	1.5241672131984991	0.0952346507524409	203.0,121.0,268.0,195.0	12.0,83.0,15.0,497.63898235649424
000012	83	219	TP	0.9805034550839091	401.1230812813876	0.1299336993659462	0.09426537333462591	198.0,228.0,286.0,293.0	12.0,83.0,15.0,484.1230812813876
000012	100	220	TP	0.9175627240143369	351.5913627995407	1.1406633513731033	0.0808327522066129	431.0,108.0,495.0,181.0	12.0,100.0,15.0,451.5913627995407
000012	100	221	TP	0.9592427031291086	228.62876972585113	0.3975723446739269	0.018104476689698203	329.0,126.0,394.0,211.0	12.0,100.0,15.0,328.62876972585116
000012	108	222	TP	0.9195668986852281	296.9916358983079	1.1406258838052399	0.08130514245951377	496.0,190.0,564.0,263.0	12.0,108.0,15.0,404.9916358983079
000012	108	223	TP	0.9407236335642802	183.47224969043955	1.2695750024146093	0.06450131695999974	414.0,153.0,479.0,239.0	12.0,108.0,15.0,291.4722496904395
000012	117	224	TP	0.9231316725978648	363.6908382270768	1.233772287639391	0.08838954258163739	479.0,309.0,550.0,383.0	12.0,117.0,15.0,480.6908382270768
000012	117	225	TP	0.9764474975466143	340.5602194822257	1.5308814668773858	0.1519886255043575	437.0,227.0,526.0,300.0	12.0,117.0,15.0,457.5602194822257
000012	130	226	TP	0.9509847806624888	360.20025442034535	1.7116979031328499	0.1759141155970013	296.0,387.0,369.0,463.0	12.0,130.0,15.0,490.20025442034535
000012	130	227	TP	0.9788929571397803	346.237241652851	1.5924907803094663	0.18393043841713042	373.0,341.0,464.0,422.0	12.0,130.0,15.0,476.237241652851
000012	137	228	TP	0.9424493554327809	254.94788244861425	1.8937384986310093	0.2993441555893978	195.0,341.0,267.0,416.0	12.0,137.0,15.0,391.9478824486142
000012	137	229	TP	0.9616114743724953	231.420918841815	0.4926903168636264	0.2613972192981451	311.0,341.0,382.0,434.0	12.0,137.0,15.0,368.420918841815
000012	142	230	TP	0.9497367161321206	265.7799561653258	1.8507225731898655	0.22133687357043258	153.0,281.0,225.0,354.0	12.0,142.0,15.0,407.7799561653258
000012	142	231	TP	0.978367958877704	250.61103476634946	0.46943724113831425	0.22154366070772477	248.0,322.0,318.0,415.0	12.0,142.0,15.0,392.61103476634946
000012	148	232	TP	0.9585185185185185	239.45155990072664	1.8347427251220212	0.25665692680472135	155.0,194.0,222.0,273.0	12.0,148.0,15.0,387.45155990072664
000012	148	233	TP	0.9846666666666667	125.38130973332842	0.410319512726717	0.012511251055434196	197.0,281.0,285.0,359.0	12.0,148.0,15.0,273.3813097333284
000012	171	234	TP	0.9076795120598835	271.2216593418161	0.885895503106868	0.12799645640754648	425.0,119.0,487.0,196.0	12.0,171.0,15.0,442.2216593418161
000012	171	235	TP	0.9291723202170963	245.9785489904884	1.6406416793327663	0.13086983583583073	325.0,140.0,390.0,222.0	12.0,171.0,15.0,416.97854899048843
000012	177	236	TP	0.9188001034393587	268.75870910345225	0.9114423401866883	0.15577830245941912	481.0,166.0,546.0,245.0	12.0,177.0,15.0,445.75870910345225
000012	177	237	TP	0.8548777210427304	177.49777074262911	1.4939148634627166	0.1178997457571798	393.0,153.0,452.0,236.0	12.0,177.0,15.0,354.4977707426291
000012	190	238	TP	0.9112322791712105	298.0838141125633	1.1950664718735027	0.09224867987517472	466.0,312.0,538.0,394.0	12.0,190.0,15.0,488.0838141125633
000012	190	239	TP	0.9823030303030303	133.57228801560137	1.0762075777493894	0.10087945557283358	435.0,244.0,525.0,312.0	12.0,190.0,15.0,323.5722880156014
000012	199	240	TP	0.9500102859493931	361.5174353206531	1.6493424922597788	0.1414592477257235	336.0,366.0,410.0,450.0	12.0,199.0,15.0,560.517435320653
000012	199	241	TP	0.9630901287553648	267.4317333306189	1.7504366909547024	0.21051621748790883	392.0,324.0,486.0,396.0	12.0,199.0,15.0,466.4317333306189
000012	207	242	TP	0.9555369127516778	357.7375906522823	1.6888756476416584	0.19374623057709173	211.0,337.0,284.0,420.0	12.0,207.0,15.0,564.7375906522823
000012	207	243	TP	0.9777732043630376	229.34195515844985	0.6011040887110808	0.2634614992467372	327.0,337.0,402.0,427.0	12.0,207.0,15.0,436.3419551584499
000012	215	244	TP	0.9762502854532998	235.31327980140787	2.09516584211393	0.3382638477299815	148.0,253.0,218.0,334.0	12.0,215.0,15.0,450.3132798014079
000012	215	245	TP	0.9893730074388948	143.94333784488367	0.2312464295843796	0.019137330180276246	230.0,310.0,304.0,399.0	12.0,215.0,15.0,358.9433378448837
000012	221	246	TP	0.9694956949569495	230.0195280920993	1.8949761897353452	0.2860073345431754	160.0,191.0,227.0,275.0	12.0,221.0,15.0,451.01952809209934
000012	221	247	TP	0.9904252950345135	199.03715132483222	1.4472987373434603	0.10076309556395695	196.0,275.0,284.0,347.0	12.0,221.0,15.0,420.0371513248322
000012	228	248	TP	0.9620044052863436	370.21687838907803	1.597780835757935	0.08748646703716492	222.0,140.0,283.0,220.0	12.0,228.0,15.0,598.216878389078
000012	228	249	TP	0.9623082921757213	293.98990316401995	1.3243756846224166	0.29364540924737415	204.0,222.0,289.0,285.0	12.0,228.0,15.0,521.98990316402
000012	239	250	TP	0.8484848484848485	273.91140381236033	0.8534177543214224	0.0607440650937904	367.0,122.0,426.0,200.0	12.0,239.0,15.0,512.9114038123603
000012	239	251	TP	0.8984743411927878	208.06523050267285	0.5218179698873224	0.01593833465959524	278.0,162.0,356.0,234.0	12.0,239.0,15.0,447.0652305026729
000012	249	252	TP	0.8901734104046243	224.97924293337977	0.6591830619078755	0.26437712095158383	475.0,172.0,538.0,253.0	12.0,249.0,15.0,473.97924293337974
000012	249	253	TP	0.747386267307149	198.2985985160006	0.7927762374316004	0.2693772697716147	386.0,166.0,444.0,246.0	12.0,249.0,15.0,447.2985985160006
000012	260	254	TP	0.9423736075407027	278.2563513628781	1.1171944627748183	0.07966538918851195	486.0,272.0,558.0,361.0	12.0,260.0,15.0,538.2563513628781
000012	260	255	TP	0.9215928765767994	86.4108645456125	0.22164718952437956	0.06159433135096314	436.0,224.0,522.0,295.0	12.0,260.0,15.0,346.4108645456125
000012	284	256	TP	0.9856638271348431	355.11754502332036	1.479205259564487	0.1800655435017169	164.0,278.0,237.0,368.0	12.0,284.0,15.0,639.1175450233204
000012	284	257	TP	0.9911523067200337	212.46698166882447	1.6780930953734492	0.32319278636631266	270.0,317.0,342.0,404.0	12.0,284.0,15.0,496.4669816688245
000012	298	258	TP	0.9367369589345172	290.12942694504716	1.5310300569296331	0.0670929267899669	209.0,166.0,270.0,247.0	12.0,298.0,15.0,588.1294269450472
000012	298	259	TP	0.8780365639869772	184.40727602504322	0.45046579392057184	0.19067975039040727	199.0,235.0,286.0,299.0	12.0,298.0,15.0,482.4072760250432
000012	307	260	TP	0.8293055980422147	285.47746784841297	0.46845114659157006	0.12397735719981996	321.0,144.0,379.0,222.0	12.0,307.0,15.0,592.477467848413
000012	307	261	TP	0.44946957007258515	167.5533707411371	1.0159032910924968	0.15299199889559167	249.0,189.0,331.0,252.0	12.0,307.0,15.0,474.5533707411371
000012	319	262	TP	0.8704318936877077	205.94848331642683	1.2915931461255923	0.06986812026224135	462.0,177.0,523.0,258.0	12.0,319.0,15.0,524.9484833164269
000012	319	263	TP	0.5657492354740061	100.18159998692124	1.920343139347038	0.15193370093754804	370.0,181.0,427.0,255.0	12.0,319.0,15.0,419.18159998692124
000012	336	264	TP	0.9656702025072325	233.74678505296075	0.5871901277707076	0.38400890823424294	444.0,289.0,518.0,385.0	12.0,336.0,15.0,569.7467850529607
000012	336	265	TP	0.6232991167343042	224.6271482104844	1.455715531299648	0.07438487248714971	431.0,256.0,521.0,323.0	12.0,336.0,15.0,560.6271482104844
000012	343	266	TP	0.9769908322847385	251.47305395892818	0.37277952862525726	0.1476536791204992	336.0,312.0,412.0,411.0	12.0,343.0,15.0,594.4730539589282
000012	343	267	TP	0.9133513851280983	237.33659693314448	0.3964613456649475	0.1594572157340465	392.0,298.0,487.0,369.0	12.0,343.0,15.0,580.3365969331445
000012	350	268	TP	0.9890232558139535	183.4181508401334	0.3474202049858122	0.1308596508171463	222.0,297.0,297.0,395.0	12.0,350.0,15.0,533.4181508401334
000012	350	269	TP	0.9860254829428688	146.21707224578822	0.786896480758208	0.17169192253520954	335.0,316.0,416.0,393.0	12.0,350.0,15.0,496.21707224578824
000012	357	270	TP	0.9866108786610879	237.6092251908756	0.026528423886256206	0.012093647308719745	156.0,252.0,228.0,344.0	12.0,357.0,15.0,594.6092251908756
000012	357	271	TP	0.9988886419204268	236.50338142135283	1.3704533985417333	0.23048731641956596	250.0,303.0,322.0,381.0	12.0,357.0,15.0,593.5033814213529
000012	363	272	TP	0.9609876543209876	274.3740986582376	0.591547641632118	0.11344221497852205	158.0,209.0,223.0,296.0	12.0,363.0,15.0,637.3740986582376
000012	363	273	TP	0.9885675857431069	215.945822286934	1.5859088281132763	0.1322434383820664	200.0,265.0,287.0,335.0	12.0,363.0,15.0,578.945822286934
000012	368	274	TP	0.8390772651473041	254.73644993122903	1.605296241337227	0.12234215939945592	193.0,190.0,254.0,271.0	12.0,368.0,15.0,622.736449931229
000012	368	275	TP	0.9251439539347409	160.88441410107546	0.2403791459118711	0.05426990529779001	195.0,244.0,284.0,309.0	12.0,368.0,15.0,528.8844141010754
000012	383	276	TP	0.5878205128205128	28.418119844471732	0.7576926828286638	0.4460945310108621	374.0,173.0,430.0,250.0	12.0,383.0,15.0,411.41811984447173
000012	383	277	TP	0.5651127819548872	19.882136139710184	1.919744601561532	0.5942623401965814	286.0,199.0,359.0,262.0	12.0,383.0,15.0,402.88213613971016
000012	387	278	TP	0.6976241900647948	227.2622245190196	0.3609640607917538	0.8246545599706459	421.0,181.0,479.0,259.0	12.0,387.0,15.0,614.2622245190196
000012	387	279	TP	0.6547619047619048	65.57576274954219	2.3383326091993135	0.3793565039600659	326.0,198.0,388.0,263.0	12.0,387.0,15.0,452.5757627495422
000012	393	280	TP	0.8095502498611882	258.37423395575814	0.33740148712899376	0.17640789006766586	476.0,200.0,537.0,282.0	12.0,393.0,15.0,651.3742339557582
000012	393	281	TP	0.28481432360742703	159.53947557649656	1.5386026021560217	0.06881236957947119	391.0,203.0,448.0,270.0	12.0,393.0,15.0,552.5394755764966
000012	399	282	TP	0.9230769230769231	288.9672889084339	0.7517727959150349	0.17208342069509477	499.0,227.0,565.0,314.0	12.0,399.0,15.0,687.9672889084338
000012	399	283	TP	0.7515598411798071	164.7798372927087	1.285739378381584	0.015799006021109584	428.0,218.0,500.0,284.0	12.0,399.0,15.0,563.7798372927086
000012	409	284	TP	0.9849981010254463	275.5801776785684	0.7027799268574368	0.004707896650549189	432.0,270.0,506.0,368.0	12.0,409.0,15.0,684.5801776785684
000012	409	285	TP	0.3063363506431634	242.436362411684	1.396705054743185	0.030738381604604088	428.0,256.0,517.0,323.0	12.0,409.0,15.0,651.4363624116841
000012	423	286	TP	0.9958809211758097	303.83298601065957	0.4394854498565086	0.20801576621538856	209.0,266.0,284.0,366.0	12.0,423.0,15.0,726.8329860106596
000012	423	287	TP	0.9980506822612085	180.65916243325557	1.4697222457972727	0.0768663789883156	325.0,294.0,403.0,368.0	12.0,423.0,15.0,603.6591624332556
000012	438	288	TP	0.6931911402789172	207.45360647057706	1.8217001112133466	0.07229192575662696	175.0,210.0,237.0,291.0	12.0,438.0,15.0,645.453606470577
000012	438	289	TP	0.9747801943544655	153.5171162568993	1.315443342530141	0.0058929249748030455	196.0,245.0,284.0,312.0	12.0,438.0,15.0,591.5171162568993
000012	455	*	FN	0.39494362828834984	*	*	*	365.0,200.0,420.0,274.0	*
000012	455	*	FN	0.6212307692307693	*	*	*	280.0,220.0,354.0,280.0	*
000012	471	290	TP	0.9370219275879653	359.5212604325856	0.1616014738351398	0.051345741679923514	496.0,225.0,560.0,310.0	12.0,471.0,15.0,830.5212604325857
000012	471	291	TP	0.5546707503828484	217.98562864027363	1.2777197003419634	0.06716176185177271	424.0,230.0,493.0,291.0	12.0,471.0,15.0,688.9856286402736
000012	482	292	TP	0.982069771974274	458.9669342609313	0.2036611399740039	0.05158997009036771	428.0,244.0,501.0,342.0	12.0,482.0,15.0,940.9669342609313
000012	482	293	TP	0.26440922190201727	425.4302639017094	1.4474096970998194	0.07790832487788371	427.0,250.0,516.0,316.0	12.0,482.0,15.0,907.4302639017094
000012	490	294	TP	0.9957821382725105	401.24993105276315	0.17427746247659412	0.06739056164403094	298.0,247.0,374.0,348.0	12.0,490.0,15.0,891.2499310527631
000012	490	295	TP	0.9266110998170359	126.70384584895909	1.9574797798947103	0.16504795231822011	375.0,264.0,468.0,335.0	12.0,490.0,15.0,616.7038458489591
000020	3	296	TP	0.9395124195032198	198.72153762706682	0.4382791376426248	0.08081041495048359	297.0,193.0,367.0,273.0	20.0,3.0,23.0,201.72153762706682
000020	3	297	TP	0.9588364434687157	129.4332365355496	2.1650931160656066	0.04368362796959124	277.0,115.0,343.0,184.0	20.0,3.0,23.0,132.4332365355496
000020	11	298	TP	0.9282877832282177	248.68094546418553	1.4938805968584452	0.22054207733696451	323.0,182.0,393.0,261.0	20.0,11.0,23.0,259.6809454641855
000020	11	299	TP	0.9670527670527671	120.67389211240113	2.477464537457147	0.048130075905673336	357.0,113.0,435.0,178.0	20.0,11.0,23.0,131.67389211240112
000020	17	300	TP	0.9392423159399571	253.3969532933458	1.6612926993445443	0.17774512651649796	342.0,185.0,413.0,259.0	20.0,17.0,23.0,270.3969532933458
000020	17	301	TP	0.9677341680712738	118.1012734580319	0.49688544134325063	0.21807019140733752	410.0,149.0,493.0,216.0	20.0,17.0,23.0,135.1012734580319
000020	21	302	TP	0.9578211617257171	400.09431610669554	1.1294976397355374	0.09447935368472443	352.0,192.0,424.0,264.0	20.0,21.0,23.0,421.09431610669554
000020	21	303	TP	0.9671676300578035	208.8243654155836	1.3274755613274278	0.21793402603066747	437.0,182.0,519.0,254.0	20.0,21.0,23.0,229.8243654155836
000020	28	304	TP	0.9498401770346693	268.6516213301342	1.6221839219952494	0.09326923485423291	363.0,212.0,435.0,283.0	20.0,28.0,23.0,296.6516213301342
000020	28	305	TP	0.9835958005249343	194.08776764370978	0.16259219051175836	0.03831049853511843	458.0,243.0,530.0,331.0	20.0,28.0,23.0,222.08776764370978
000020	41	306	TP	1.0	282.6780963358569	1.4161350643420778	0.11293190013448146	346.0,250.0,417.0,321.0	20.0,41.0,23.0,323.6780963358569
000020	41	307	TP	0.969534787978592	232.766165399128	0.6531081880037688	0.17529927810812326	353.0,341.0,425.0,434.0	20.0,41.0,23.0,273.766165399128
000020	51	308	TP	0.9695937728046704	353.68746727941846	1.6577848456696618	0.11449667186759144	311.0,255.0,383.0,325.0	20.0,51.0,23.0,404.68746727941846
000020	51	309	TP	0.9664970313825275	210.90048574198804	0.8374912411854628	0.028792752725960605	237.0,339.0,323.0,412.0	20.0,51.0,23.0,261.90048574198806
000020	58	310	TP	0.978317228376149	332.71168933921695	1.6168682745160319	0.20362643237727507	292.0,241.0,365.0,314.0	20.0,58.0,23.0,390.71168933921695
000020	58	311	TP	0.9690888119953864	185.369312662623	0.2056875942544448	0.10112527665694807	191.0,274.0,274.0,341.0	20.0,58.0,23.0,243.369312662623
000020	67	312	TP	0.9636994219653179	200.31166848762624	1.3033460387099116	0.07260532671204985	285.0,214.0,356.0,291.0	20.0,67.0,23.0,267.3116684876262
000020	67	313	TP	0.9820248480042294	88.21750525101056	1.4091074727178232	0.31581803487880367	205.0,172.0,274.0,241.0	20.0,67.0,23.0,155.21750525101055
000020	81	314	TP	0.8441734417344173	215.6649914986369	2.0608318275635553	0.2667651811458886	315.0,180.0,384.0,266.0	20.0,81.0,23.0,296.66499149863694
000020	81	315	TP	0.921623907527488	200.20533588390262	1.919901353794289	0.16843228850404846	335.0,120.0,407.0,183.0	20.0,81.0,23.0,281.20533588390265
000020	88	316	TP	0.7992198256080771	230.69385196987196	1.5861920822137627	0.1760611618284341	337.0,179.0,407.0,261.0	20.0,88.0,23.0,318.69385196987196
000020	88	317	TP	0.9535116220944764	176.8942246280566	1.4059037286528469	0.15482450777878706	397.0,145.0,477.0,211.0	20.0,88.0,23.0,264.8942246280566
000020	94	318	TP	0.8774982365389137	267.3947387356733	1.2915415374013057	0.08797275324905086	353.0,188.0,424.0,264.0	20.0,94.0,23.0,361.3947387356733
000020	94	319	TP	0.9673686646609582	111.37187189298581	1.1628979237092705	0.03581946175695512	439.0,183.0,520.0,262.0	20.0,94.0,23.0,205.3718718929858
000020	104	320	TP	0.9441997063142438	229.7967246578755	1.0549649430062975	0.09932742923768051	363.0,213.0,434.0,285.0	20.0,104.0,23.0,333.79672465787553
000020	104	321	TP	0.9855345911949686	195.18042564566426	0.7141113566708426	0.011570698753554872	445.0,265.0,516.0,359.0	20.0,104.0,23.0,299.1804256456643
000020	126	322	TP	0.953375086986778	214.3262903046977	2.16442876606541	0.07036257786196919	303.0,238.0,376.0,312.0	20.0,126.0,23.0,340.3262903046977
000020	126	323	TP	0.9723733779824194	204.9203967663175	0.029198504370457314	0.016746571524272627	214.0,309.0,301.0,383.0	20.0,126.0,23.0,330.9203967663175
000020	133	324	TP	0.9523274117382505	181.67413334018798	1.9349933735667328	0.06631153912416862	287.0,223.0,360.0,302.0	20.0,133.0,23.0,314.67413334018795
000020	133	325	TP	0.9717761557177615	159.3945979102794	1.3947127185740218	0.10656455587246318	186.0,242.0,265.0,309.0	20.0,133.0,23.0,292.3945979102794
000020	160	326	TP	0.6333333333333333	165.53297999888812	2.063222998221444	0.11652571830287631	340.0,178.0,409.0,264.0	20.0,160.0,23.0,325.5329799988881
000020	160	327	TP	0.9249241658240647	143.0549206875736	1.99563301293981	0.11114516234391873	402.0,156.0,481.0,225.0	20.0,160.0,23.0,303.0549206875736
000020	167	328	TP	0.8245695672405771	283.88763335201526	0.8972717660958153	0.3135242140458094	357.0,188.0,427.0,269.0	20.0,167.0,23.0,450.88763335201526
000020	167	329	TP	0.9644752018454441	57.777121091137204	1.062568417328709	0.48661733959655906	445.0,192.0,524.0,277.0	20.0,167.0,23.0,224.7771210911372
000020	174	330	TP	0.9347929557353641	226.36212686610284	1.5410837078318125	0.09503235748317443	364.0,203.0,434.0,279.0	20.0,174.0,23.0,400.3621268661028
000020	174	331	TP	0.9904947072801901	181.11226595217448	1.2095398438990923	0.1668021290541262	452.0,244.0,524.0,338.0	20.0,174.0,23.0,355.1122659521745
000020	189	332	TP	0.9284185493460166	302.75555743646254	2.011284964849172	0.06679018888324381	333.0,229.0,404.0,303.0	20.0,189.0,23.0,491.75555743646254
000020	189	333	TP	0.9813881349360217	179.22222253807684	0.5734696384967097	0.09839537556668422	301.0,314.0,383.0,411.0	20.0,189.0,23.0,368.22222253807684
000020	197	334	TP	0.941163260723108	262.83153125681565	1.9553649217025844	0.09664569596765724	306.0,227.0,378.0,307.0	20.0,197.0,23.0,459.83153125681565
000020	197	335	TP	0.9847328244274809	64.93011666519614	2.1551742341438596	0.49388396480589764	217.0,295.0,306.0,377.0	20.0,197.0,23.0,261.9301166651961
000020	208	336	TP	0.984766050054407	197.36248240251203	1.726288264023042	0.4070933536730202	286.0,209.0,357.0,296.0	20.0,208.0,23.0,405.362482402512
000020	208	337	TP	0.9133010231556273	181.4784585407608	2.349721861776807	0.034404359697366126	194.0,210.0,264.0,274.0	20.0,208.0,23.0,389.4784585407608
000020	217	338	TP	0.921804170444243	318.6199040256236	0.4355757309144198	0.24905759213059844	294.0,190.0,362.0,280.0	20.0,217.0,23.0,535.6199040256236
000020	217	339	TP	0.5137997432605905	313.51072734952265	1.6264461873324871	0.13178266684350695	258.0,164.0,320.0,227.0	20.0,217.0,23.0,530.5107273495227
000020	223	340	TP	0.6454671600370028	238.21985835304127	0.49909226778350846	0.4011345501723229	312.0,183.0,378.0,272.0	20.0,223.0,23.0,461.2198583530413
000020	223	341	TP	0.5434250764525994	122.52444754301176	0.9727796684929637	0.11925292416908674	319.0,152.0,383.0,215.0	20.0,223.0,23.0,345.5244475430118
000020	230	342	TP	0.4110929853181077	263.3173459568064	2.3653541042536115	0.10588040868488009	333.0,179.0,401.0,268.0	20.0,230.0,23.0,493.3173459568064
000020	230	343	TP	0.7595511621693829	193.62496764207808	0.9057980519957176	0.1184577153298972	381.0,157.0,456.0,227.0	20.0,230.0,23.0,423.6249676420781
000020	234	344	TP	0.5181311018131102	233.62621030951206	1.0654396964162487	0.10473267768586805	345.0,180.0,413.0,268.0	20.0,234.0,23.0,467.6262103095121
000020	234	345	TP	0.8543096872616324	189.87951457177834	0.8805321320393568	0.010158523747171883	413.0,168.0,491.0,244.0	20.0,234.0,23.0,423.8795145717784
000020	240	346	TP	0.8237619158335271	320.4452344521882	1.9510181333422583	0.09218506699895582	357.0,187.0,427.0,272.0	20.0,240.0,23.0,560.4452344521882
000020	240	347	TP	0.9724596391263058	158.52254227645932	2.4721138906791764	0.16257197655078137	446.0,196.0,524.0,282.0	20.0,240.0,23.0,398.5225422764593
000020	260	348	TP	0.8804597701149425	382.62460108480445	2.018255776945635	0.12554736717612092	338.0,218.0,407.0,299.0	20.0,260.0,23.0,642.6246010848045
000020	260	349	TP	0.9871668311944719	379.3082141551765	0.1613244430395072	0.06526953455762256	318.0,292.0,397.0,391.0	20.0,260.0,23.0,639.3082141551765
000020	269	350	TP	0.9113730626500764	299.9581999050312	1.9361637217330872	0.07833897276404836	307.0,218.0,379.0,304.0	20.0,269.0,23.0,568.9581999050313
000020	269	351	TP	0.9905400078833267	297.36159966043425	0.18235248488743036	0.03220565712772139	219.0,277.0,310.0,366.0	20.0,269.0,23.0,566.3615996604342
000020	277	352	TP	0.9503361526783778	214.1712318781794	2.3856008718078723	0.0918491981232285	290.0,209.0,361.0,299.0	20.0,277.0,23.0,491.1712318781794
000020	277	353	TP	0.9242565055762082	213.36814052026014	0.09415416386696804	0.06136443608864477	188.0,234.0,267.0,306.0	20.0,277.0,23.0,490.3681405202601
000020	288	354	TP	0.9206200093940817	332.93764142930996	0.25394530911035335	0.09195070090164141	294.0,192.0,361.0,281.0	20.0,288.0,23.0,620.9376414293099
000020	288	355	TP	0.4852941176470588	225.88956271753253	1.3182457895214559	0.1145488883899674	250.0,180.0,311.0,246.0	20.0,288.0,23.0,513.8895627175325
000020	298	356	TP	0.3281628696073679	419.4827408243443	2.6216119455053657	0.09793840875997928	322.0,184.0,388.0,272.0	20.0,298.0,23.0,717.4827408243443
000020	298	357	TP	0.5339105339105339	184.66243957358833	2.4835919695791637	0.12790274525112102	346.0,166.0,414.0,235.0	20.0,298.0,23.0,482.66243957358836
000020	305	358	TP	0.32477597481230325	292.1510187287767	1.941370414095923	0.11892748414454678	342.0,183.0,409.0,271.0	20.0,305.0,23.0,597.1510187287768
000020	305	359	TP	0.7740652346857597	281.83790802603727	0.9248273082805545	0.144473776222652	404.0,175.0,480.0,252.0	20.0,305.0,23.0,586.8379080260372
000020	310	360	TP	0.713877648179005	336.41493333447653	2.0116676959312167	0.06921839744664174	354.0,186.0,422.0,274.0	20.0,310.0,23.0,646.4149333344765
000020	310	361	TP	0.920779549481144	309.4508591050843	2.655811241245058	0.10797864450262791	435.0,190.0,514.0,274.0	20.0,310.0,23.0,619.4508591050843
000020	314	362	TP	0.7517062838314897	413.8219926322152	2.0996058517642275	0.0725815403200872	361.0,190.0,430.0,276.0	20.0,314.0,23.0,727.8219926322151
000020	314	363	TP	0.9696673189823874	338.93167146005015	0.9700550274239064	0.15158349292730616	451.0,206.0,528.0,294.0	20.0,314.0,23.0,652.9316714600502
000020	327	364	TP	0.8633867276887872	519.4744992214465	2.29535194761849	0.05913905398757301	354.0,205.0,422.0,291.0	20.0,327.0,23.0,846.4744992214465
000020	327	365	TP	0.9748733535967579	305.7621227500812	0.14834476253825132	0.01536321195672293	383.0,260.0,456.0,357.0	20.0,327.0,23.0,632.7621227500812
000020	339	366	TP	0.8599128540305011	252.65027764937125	2.0419624596752195	0.06439181864327366	315.0,210.0,385.0,299.0	20.0,339.0,23.0,591.6502776493712
000020	339	367	TP	0.9921011058451816	252.43412384742496	0.6329013985533593	0.03106141136924303	238.0,261.0,328.0,356.0	20.0,339.0,23.0,591.434123847425
000020	346	368	TP	0.8227709790209791	255.94785773618594	1.7783411825490116	0.0896128987081991	295.0,207.0,366.0,298.0	20.0,346.0,23.0,601.9478577361859
000020	346	369	TP	0.9285109983079526	154.75506039756462	1.3675264643837304	0.1531557884740423	192.0,238.0,278.0,321.0	20.0,346.0,23.0,500.75506039756465
000020	358	370	TP	0.9574964969640355	401.3655130630904	0.252820089481829	0.0765624341064542	291.0,195.0,357.0,284.0	20.0,358.0,23.0,759.3655130630905
000020	358	371	TP	0.48033877797943136	138.4157111071774	1.8874622839095834	0.05952864931564298	232.0,187.0,294.0,254.0	20.0,358.0,23.0,496.4157111071774
000020	372	372	TP	0.11382951326294102	269.5053942703674	2.7716017341229207	0.06814553689506973	330.0,188.0,395.0,274.0	20.0,372.0,23.0,641.5053942703673
000020	372	373	TP	0.27672955974842767	80.92562345401336	2.1498512643524967	0.24408623919491626	368.0,182.0,438.0,256.0	20.0,372.0,23.0,452.92562345401336
000020	378	374	TP	0.3565812832868374	343.9396872865332	0.7894130814565796	0.06896679598729238	347.0,188.0,413.0,275.0	20.0,378.0,23.0,721.9396872865332
000020	378	375	TP	0.776778413736713	259.731329438774	0.7479603111735336	0.10538422358563232	414.0,189.0,490.0,269.0	20.0,378.0,23.0,637.7313294387741
000020	398	376	TP	0.7665056360708534	509.7868786984387	2.499661619257799	0.0464230587923651	355.0,201.0,423.0,289.0	20.0,398.0,23.0,907.7868786984387
000020	398	377	TP	0.9280589876444799	295.06837880304874	0.34784645145408527	0.09989555255628109	389.0,240.0,462.0,336.0	20.0,398.0,23.0,693.0683788030487
000020	407	378	TP	0.644097995545657	407.5291236656049	2.296499727135857	0.05631262267747568	328.0,204.0,397.0,294.0	20.0,407.0,23.0,814.5291236656049
000020	407	379	TP	0.9871460132556739	132.00898746410053	1.4172954559878903	0.1718611392013787	277.0,244.0,363.0,342.0	20.0,407.0,23.0,539.0089874641005
000020	413	380	TP	0.7011775161075317	163.76787226035384	1.8774140490279003	0.20882625279609207	309.0,203.0,378.0,295.0	20.0,413.0,23.0,576.7678722603539
000020	413	381	TP	0.9735503560528993	154.63268862193965	2.3566032065600524	0.2283491657733875	218.0,235.0,308.0,328.0	20.0,413.0,23.0,567.6326886219397
000020	431	382	TP	0.9041677065136012	115.34281028176353	0.08388762902445608	0.18963942013013046	294.0,194.0,360.0,280.0	20.0,431.0,23.0,546.3428102817635
000020	431	383	TP	0.5884995507637018	88.95966869521818	2.0704463179364625	0.14326005018400104	247.0,189.0,307.0,261.0	20.0,431.0,23.0,519.9596686952182
000020	442	384	TP	0.0340639028254555	397.219199675379	2.744358201220544	0.08510272004242701	325.0,193.0,388.0,278.0	20.0,442.0,23.0,839.2191996753791
000020	442	385	TP	0.0005938242280285036	231.4653817978517	1.8813794528789785	0.18525011539053046	351.0,198.0,417.0,273.0	20.0,442.0,23.0,673.4653817978517
000020	450	386	TP	0.1800107469102633	158.2580834726708	2.9160152234827263	0.05590640433243414	346.0,194.0,412.0,280.0	20.0,450.0,23.0,608.2580834726708
000020	450	387	TP	0.5790225778793942	125.35316929560554	0.5568281680184407	0.3686285444831851	412.0,203.0,488.0,282.0	20.0,450.0,23.0,575.3531692956055
000020	463	388	TP	0.4706172839506173	365.8620733637722	2.4663995639692176	0.197054170582834	364.0,197.0,430.0,284.0	20.0,463.0,23.0,828.8620733637722
000020	463	389	TP	0.8746923249049005	323.5660023205258	0.42052731253160996	0.2254178821427607	446.0,216.0,518.0,305.0	20.0,463.0,23.0,786.5660023205257
000020	474	390	TP	0.5207555970149254	391.79970723701496	2.6003356755646143	0.11616711260081064	345.0,199.0,412.0,288.0	20.0,474.0,23.0,865.7997072370149
000020	474	391	TP	0.8864833235810415	382.3442357919808	0.5182080015322292	0.13935156726956824	340.0,223.0,416.0,319.0	20.0,474.0,23.0,856.3442357919807
000020	482	392	TP	0.5403225806451613	442.1347960423255	2.2384730221365685	0.04582748518465421	319.0,199.0,387.0,289.0	20.0,482.0,23.0,924.1347960423254
000020	482	393	TP	0.930955836616214	316.76574417403555	0.10966536709372676	0.03771279705093834	246.0,220.0,335.0,314.0	20.0,482.0,23.0,798.7657441740355
000020	491	394	TP	0.5538907684871919	200.64833875510521	1.7598613974044641	0.10616371471430182	295.0,197.0,364.0,287.0	20.0,491.0,23.0,691.6483387551052
000020	491	395	TP	0.6818894112379673	193.10288238721208	0.4575673608235793	0.02205314719633898	192.0,210.0,275.0,297.0	20.0,491.0,23.0,684.102882387212
