#  Index into NumPy file "pose_data_tless-2-epos.npz".
#  Created at  6:46PM EDT on Sep 11, 2023
#    DATASET:   tless
#    OBJECT:    2
#    ESTIMATOR: epos
#  The errors reported in this file have taken discrete and continuous object symmetries into account.
#  Bounding boxes are recorded in pixel coordinates as ((upper-left x, y), (lower-right x, y)) with the origin in the upper-left.
#
#  When a row is marked as a TP, it does not necessarily mean that the bounding boxes overlap.
#  For each ground-truth instance, the prediction best overlapping that instance belongs to that ground-truth.
#  All TPs are in the corresponding *.npz file.
#
#  When a row is marked as a FN, it means that there is a ground-truth but the predictor failed to make a prediction at all.
#  FNs are NOT recorded in the *.npz at all.
#
#  When a row is marked as a FP, it means the predictor hallucinated; there is no corresponding ground-truth instance.
#  FPs are NOT recorded in the *.npz at all.
#
#  Scene  <t>  Frame  <t>  Index  <t>  Error cat.  <t>  Visibility ratio  <t>  Score  <t>  R_err(degrees)  <t>  t_err(meters)  <t>  Gr.Tr.BBox  <t>  Pred.BBox
000001	1	0	TP	0.9642857142857143	0.0	0.0825514905106249	0.02153727216392514	267.0,345.0,331.0,411.0	1.0,1.0,3.0,1.0
000001	17	1	TP	0.9795373665480427	0.0	0.14973901827029346	0.008210361303675364	205.0,197.0,268.0,262.0	1.0,17.0,3.0,17.0
000001	30	2	TP	0.9874310239117106	0.0	0.17762005985400567	0.031202872649478176	311.0,112.0,370.0,178.0	1.0,30.0,3.0,30.0
000001	38	3	TP	0.9788732394366197	0.0	0.15604032090848427	0.01923944682098881	396.0,126.0,455.0,194.0	1.0,38.0,3.0,38.0
000001	57	4	TP	0.9644816632977188	0.0	0.04131919807788756	0.01719284241249441	434.0,304.0,498.0,371.0	1.0,57.0,3.0,57.0
000001	67	5	TP	0.9711815561959655	0.0	0.1458336482176509	0.011884123753757525	336.0,357.0,400.0,424.0	1.0,67.0,3.0,67.0
000001	76	6	TP	0.9882978723404255	0.0	0.11895358811049012	0.0317245946288127	233.0,309.0,298.0,380.0	1.0,76.0,3.0,76.0
000001	89	7	TP	0.9710720363017583	0.0	0.1384137743571977	0.005357370025605795	208.0,188.0,270.0,259.0	1.0,89.0,3.0,89.0
000001	101	8	TP	0.9634472511144131	0.0	0.023819230226048684	0.014019649869629293	308.0,120.0,366.0,192.0	1.0,101.0,3.0,101.0
000001	109	9	TP	0.9515079834417505	0.0	0.14865104745925314	0.017647087214333654	390.0,130.0,449.0,203.0	1.0,109.0,3.0,109.0
000001	127	10	TP	0.9678985702724575	0.0	0.0780174792699419	0.01887478244104746	444.0,280.0,508.0,352.0	1.0,127.0,3.0,127.0
000001	135	11	TP	0.97639653815893	0.0	0.12492639209468183	0.002690787978025758	377.0,335.0,442.0,407.0	1.0,135.0,3.0,135.0
000001	142	12	TP	0.9722585710546977	0.0	0.11644992435480189	0.016047360507763644	295.0,339.0,360.0,412.0	1.0,142.0,3.0,142.0
000001	157	13	TP	0.9691912708600771	0.0	0.07499337283207484	0.01179395777842431	199.0,220.0,262.0,302.0	1.0,157.0,3.0,157.0
000001	168	14	TP	0.9823232323232324	0.0	0.06457483137158641	0.01316411235855045	260.0,144.0,318.0,224.0	1.0,168.0,3.0,168.0
000001	176	15	TP	0.9629415170816444	0.0	0.18252806620938392	0.009353151574040269	340.0,129.0,396.0,208.0	1.0,176.0,3.0,176.0
000001	181	16	TP	0.9601139601139601	0.0	0.012597713046618457	0.003813546480404116	390.0,139.0,447.0,219.0	1.0,181.0,3.0,181.0
000001	197	17	TP	0.9335332333833083	0.0	0.0361501989347306	0.0029552667131987334	451.0,252.0,515.0,333.0	1.0,197.0,3.0,197.0
000001	212	18	TP	0.9574418057841524	0.0	0.0819941077596707	0.013762349762376346	317.0,323.0,383.0,406.0	1.0,212.0,3.0,212.0
000001	220	19	TP	0.9715483017203352	0.0	0.03596082425265046	0.001361787133165042	234.0,278.0,299.0,368.0	1.0,220.0,3.0,220.0
000001	230	20	TP	0.9747836835599506	0.0	0.04307562455938437	0.016332117877885036	202.0,211.0,263.0,298.0	1.0,230.0,3.0,230.0
000001	236	21	TP	0.9208499335989376	0.0	0.11598230381340975	0.003753119911881963	229.0,175.0,287.0,259.0	1.0,236.0,3.0,236.0
000001	246	22	TP	0.986210858948578	0.0	0.053234169906557396	0.004436166667072916	319.0,146.0,374.0,227.0	1.0,246.0,3.0,246.0
000001	252	23	TP	0.9678612059158134	0.0	0.03295318074924345	0.0030670482188302913	379.0,151.0,434.0,232.0	1.0,252.0,3.0,252.0
000001	267	24	TP	0.9530798845043311	0.0	0.046941641581573684	0.01229433273034357	456.0,229.0,518.0,316.0	1.0,267.0,3.0,267.0
000001	273	25	TP	0.9786947746131419	0.0	0.05923399922757215	0.014083766669290055	433.0,268.0,498.0,358.0	1.0,273.0,3.0,273.0
000001	283	26	TP	0.9768920924316302	0.0	0.039884468215221	0.005738287127333355	331.0,303.0,398.0,395.0	1.0,283.0,3.0,283.0
000001	292	27	TP	0.9955956375838926	0.0	0.8300407397279007	0.1302928621242812	233.0,261.0,298.0,356.0	1.0,292.0,3.0,292.0
000001	308	28	TP	0.8355140186915888	0.0	0.06690345348405932	0.10427988248823782	232.0,184.0,289.0,269.0	1.0,308.0,3.0,308.0
000001	314	29	TP	0.9714204058302373	0.0	0.43934717553933234	0.23644005931219284	282.0,168.0,336.0,250.0	1.0,314.0,3.0,314.0
000001	323	30	TP	0.8846265620459168	0.0	0.46444211286517134	0.12153381412813931	370.0,167.0,424.0,249.0	1.0,323.0,3.0,323.0
000001	337	31	TP	0.9778156996587031	0.0	0.08701307448574537	0.022805352425744756	455.0,216.0,516.0,305.0	1.0,337.0,3.0,337.0
000001	347	32	TP	0.981206932553769	0.0	0.1511424190992923	0.02613832573432486	418.0,264.0,483.0,360.0	1.0,347.0,3.0,347.0
000001	356	33	TP	0.9880239520958084	0.0	0.9072362538389196	0.08226363436005658	318.0,281.0,385.0,379.0	1.0,356.0,3.0,356.0
000001	364	34	TP	0.9925450403810313	0.0	0.38010270591576883	0.11928466891878167	238.0,246.0,303.0,342.0	1.0,364.0,3.0,364.0
000001	375	35	TP	0.7465736356840269	0.0	0.3547222265172104	0.16125784915144628	208.0,211.0,267.0,299.0	1.0,375.0,3.0,375.0
000001	384	36	TP	0.6967236880255147	0.0	1.192538459804712	8.58736158815521	261.0,190.0,315.0,271.0	1.0,384.0,3.0,384.0
000001	394	*	FN	0.6633181126331811	*	*	*	355.0,186.0,408.0,266.0	*
000001	396	*	FN	0.7065021071643588	*	*	*	375.0,188.0,428.0,268.0	*
000001	402	*	FN	0.5625353706847764	*	*	*	422.0,198.0,478.0,280.0	*
000001	418	37	TP	0.9868000851607409	0.0	0.29891236273750804	0.08756680261615324	429.0,245.0,494.0,340.0	1.0,418.0,3.0,418.0
000001	425	38	TP	0.9903295835800277	0.0	0.3622878342860244	0.14046402661215568	360.0,258.0,426.0,357.0	1.0,425.0,3.0,425.0
000001	434	39	TP	0.998545001039285	0.0	0.18579308513775744	0.02359055712031764	258.0,233.0,323.0,328.0	1.0,434.0,3.0,434.0
000001	442	40	TP	0.9992887624466572	0.0	0.16070693708934428	0.03383328453913065	209.0,222.0,270.0,311.0	1.0,442.0,3.0,442.0
000001	455	*	FN	0.5071450288841594	*	*	*	255.0,208.0,309.0,287.0	*
000001	464	*	FN	0.07147456535737283	*	*	*	337.0,207.0,389.0,283.0	*
000001	474	*	FN	0.5250297973778307	*	*	*	422.0,214.0,476.0,293.0	*
000001	482	41	TP	0.9917547023962896	0.0	0.16058497232673927	0.037095844645844075	453.0,223.0,512.0,308.0	1.0,482.0,3.0,482.0
000001	488	42	TP	0.9906563354603464	0.0	0.15936843725452723	0.0060127923090000585	441.0,231.0,504.0,322.0	1.0,488.0,3.0,488.0
000001	493	43	TP	0.9976739268344259	0.0	0.16250610062455947	0.052501755901015676	404.0,235.0,468.0,330.0	1.0,493.0,3.0,493.0
000009	0	44	TP	0.9838854073410922	134.44309709492268	0.45558169257659886	0.06886209296582244	282.0,218.0,343.0,285.0	9.0,0.0,11.0,134.44309709492268
000009	0	45	TP	0.9122306717363752	108.2132071445745	2.2718791641641993	0.05471458868251787	350.0,239.0,409.0,303.0	9.0,0.0,11.0,108.2132071445745
000009	11	46	TP	0.9638771824202288	138.069499675058	0.5536420135689514	0.20368220549365967	313.0,187.0,374.0,254.0	9.0,11.0,11.0,149.069499675058
000009	11	47	TP	0.9310453400503779	98.1157949190246	0.9012245065063417	0.3230358933009842	342.0,255.0,401.0,320.0	9.0,11.0,11.0,109.1157949190246
000009	21	48	TP	0.9644471226272974	355.1944677747798	1.4236895773543417	0.06053586414283697	352.0,189.0,413.0,257.0	9.0,21.0,11.0,376.1944677747798
000009	21	49	TP	0.9462094998427178	259.1557779117007	1.7837910532742918	0.06552708006435978	325.0,258.0,384.0,322.0	9.0,21.0,11.0,280.1557779117007
000009	31	50	TP	0.9467544122046067	274.57316050369434	1.2844675543270272	0.0686281812254126	376.0,221.0,438.0,288.0	9.0,31.0,11.0,305.57316050369434
000009	31	51	TP	0.8939873417721519	195.51755981059316	2.8711021312966025	0.04977602070022368	312.0,249.0,372.0,313.0	9.0,31.0,11.0,226.51755981059316
000009	45	52	TP	0.9541420118343196	320.52842849009187	1.485836479844178	0.19384238401266465	353.0,269.0,415.0,336.0	9.0,45.0,11.0,365.52842849009187
000009	45	53	TP	0.90515595162317	120.97413467158607	1.0338531364455152	0.043284818333584475	315.0,227.0,374.0,291.0	9.0,45.0,11.0,165.97413467158606
000009	57	54	TP	0.9525073746312684	273.9730895898966	1.803924383335997	0.2477034578132713	305.0,270.0,367.0,337.0	9.0,57.0,11.0,330.9730895898966
000009	57	55	TP	0.9136781973976515	207.52551811398405	1.700741325804452	0.38869140109885825	335.0,221.0,394.0,285.0	9.0,57.0,11.0,264.52551811398405
000009	64	56	TP	0.9672759433962265	176.0414209140798	1.7721564346327556	0.06433525914047884	285.0,250.0,347.0,316.0	9.0,64.0,11.0,240.0414209140798
000009	64	57	TP	0.9346653980336188	89.50883685297478	0.7579930685087304	0.127966657577502	345.0,227.0,404.0,291.0	9.0,64.0,11.0,153.50883685297478
000009	70	58	TP	0.9771105826397146	166.80548871670115	1.8597510005105735	0.17971269282238622	280.0,226.0,342.0,293.0	9.0,70.0,11.0,236.80548871670115
000009	70	59	TP	0.8995245641838352	118.17499347989236	2.413529041511643	0.06345056799348768	349.0,235.0,408.0,300.0	9.0,70.0,11.0,188.17499347989235
000009	91	60	TP	0.964398507034166	328.5042229195355	1.4288301331381654	0.042429102102388976	343.0,184.0,403.0,258.0	9.0,91.0,11.0,419.5042229195355
000009	91	61	TP	0.9367749419953596	154.48529248845477	0.12583902319063553	0.02183822629369918	329.0,254.0,389.0,325.0	9.0,91.0,11.0,245.48529248845477
000009	100	62	TP	0.9682766504715633	90.17904636452445	1.7799312677484436	0.28739162751641795	371.0,206.0,432.0,277.0	9.0,100.0,11.0,190.17904636452445
000009	100	63	TP	0.9267441860465117	72.17042603315102	0.6200935823845792	0.23201626659661806	315.0,248.0,374.0,321.0	9.0,100.0,11.0,172.17042603315102
000009	108	64	TP	0.971243304200733	268.4569872449315	2.0274289099029734	0.4107459136305095	376.0,232.0,437.0,304.0	9.0,108.0,11.0,376.4569872449315
000009	108	65	TP	0.7317358270017533	197.92034611468452	2.0432411668926482	0.10209031358987412	310.0,236.0,369.0,309.0	9.0,108.0,11.0,305.92034611468455
000009	118	66	TP	0.9734953064605191	321.1577531931858	1.4457314983965814	0.24381477724798217	351.0,260.0,413.0,332.0	9.0,118.0,11.0,439.1577531931858
000009	118	67	TP	0.7821491485613623	229.06989380973374	1.5495075700389445	0.12659113943683328	316.0,222.0,375.0,294.0	9.0,118.0,11.0,347.06989380973374
000009	128	68	TP	0.9693989071038251	206.07186897773622	1.9242793148601969	0.2109677736414075	310.0,262.0,373.0,335.0	9.0,128.0,11.0,334.07186897773624
000009	128	69	TP	0.7587822014051522	116.31111996626986	2.1285142756330058	0.07914079479952599	333.0,218.0,391.0,290.0	9.0,128.0,11.0,244.31111996626987
000009	136	70	TP	0.9818281938325991	183.15076236240276	1.7490712292723043	0.12495989584996116	285.0,245.0,347.0,316.0	9.0,136.0,11.0,319.15076236240276
000009	136	71	TP	0.9297678518953865	107.25138654816357	0.9273502468114342	0.1529429080829576	344.0,223.0,403.0,296.0	9.0,136.0,11.0,243.25138654816357
000009	147	72	TP	0.9321052631578948	209.103145401586	2.2202039796971973	0.13101936890767832	287.0,205.0,347.0,285.0	9.0,147.0,11.0,356.103145401586
000009	147	73	TP	0.9518459069020867	154.55116306669822	0.4537589068701255	0.17585441226173432	350.0,232.0,409.0,314.0	9.0,147.0,11.0,301.5511630666982
000009	161	74	TP	0.8902439024390244	202.70937738323525	1.874346394976096	0.1530024523408065	334.0,185.0,393.0,264.0	9.0,161.0,11.0,363.7093773832353
000009	161	75	TP	0.9202324352879028	190.6570186915775	3.003117395109259	0.10805817196658601	334.0,244.0,394.0,326.0	9.0,161.0,11.0,351.6570186915775
000009	167	76	TP	0.9109496906107075	134.1708775410939	2.023064126038913	0.09332178739595724	357.0,191.0,416.0,271.0	9.0,167.0,11.0,301.1708775410939
000009	167	77	TP	0.8231274638633377	81.23762554421026	1.6895961093307514	0.3440522539417258	324.0,245.0,383.0,326.0	9.0,167.0,11.0,248.23762554421026
000009	179	78	TP	0.9448077426105153	216.5110251801106	0.14143632691251623	0.16258963821079078	377.0,222.0,438.0,303.0	9.0,179.0,11.0,395.5110251801106
000009	179	79	TP	0.5915530606789628	78.06986463991109	2.168474417083758	0.33772223700380716	311.0,232.0,370.0,313.0	9.0,179.0,11.0,257.0698646399111
000009	195	80	TP	0.94947209653092	131.8527862038308	1.1598084691183024	0.1549096859116556	333.0,256.0,396.0,337.0	9.0,195.0,11.0,326.85278620383076
000009	195	81	TP	0.6075400054244643	128.9715313242616	1.618760048513569	0.07936706381692385	323.0,215.0,381.0,296.0	9.0,195.0,11.0,323.9715313242616
000009	204	82	TP	0.9427423405323958	230.3390625572673	2.2628055680449672	0.19185864872436428	297.0,247.0,360.0,329.0	9.0,204.0,11.0,434.3390625572673
000009	204	83	TP	0.7768483540205073	221.34266736843477	0.9352043851634301	0.07651627593128517	338.0,215.0,396.0,296.0	9.0,204.0,11.0,425.3426673684348
000009	210	84	TP	0.9325498211548289	187.02889597869824	2.0460977273964858	0.07796957868085219	283.0,232.0,345.0,313.0	9.0,210.0,11.0,397.02889597869824
000009	210	85	TP	0.7642298354464526	180.37850213633982	1.2223586085109552	0.1265313074770422	346.0,220.0,404.0,301.0	9.0,210.0,11.0,390.3785021363398
000009	217	86	TP	0.8825293676580854	260.23471037981363	2.3706546744645234	0.08382729104776325	285.0,208.0,345.0,294.0	9.0,217.0,11.0,477.23471037981363
000009	217	87	TP	0.8144796380090498	197.58223538963998	1.3282547975953367	0.07988467053571524	349.0,225.0,408.0,313.0	9.0,217.0,11.0,414.58223538964
000009	227	88	TP	0.9506714876033058	327.72733334091123	2.3615886401605706	0.08769522222180713	312.0,190.0,371.0,275.0	9.0,227.0,11.0,554.7273333409112
000009	227	89	TP	0.9560059317844785	192.77603247901538	3.10804601666343	0.10214804990644709	342.0,234.0,401.0,322.0	9.0,227.0,11.0,419.7760324790154
000009	235	90	TP	0.8037066040198382	192.51564143495744	1.729089321988313	0.04483455864371614	345.0,190.0,403.0,275.0	9.0,235.0,11.0,427.51564143495744
000009	235	91	TP	0.677173110071411	109.48784539251831	0.9883531274921463	0.23595028159502424	330.0,238.0,389.0,325.0	9.0,235.0,11.0,344.4878453925183
000009	239	92	TP	0.7786970010341262	234.70371059268223	2.4812395494452915	0.05685726285654436	359.0,195.0,417.0,280.0	9.0,239.0,11.0,473.7037105926822
000009	239	93	TP	0.634056185312962	181.66574533875237	0.27116178804789004	0.0393718918507911	323.0,236.0,382.0,324.0	9.0,239.0,11.0,420.66574533875234
000009	248	94	TP	0.8308657465495608	140.15773895888663	1.0934608855115915	0.07509730887133954	376.0,213.0,436.0,300.0	9.0,248.0,11.0,388.1577389588866
000009	248	95	TP	0.6308657465495608	83.31640326434965	1.893873035409721	0.24484192746554603	312.0,229.0,370.0,316.0	9.0,248.0,11.0,331.3164032643497
000009	254	96	TP	0.8788697788697789	253.52474715541615	0.676784817197438	0.5396192493195875	374.0,229.0,434.0,316.0	9.0,254.0,11.0,507.52474715541615
000009	254	97	TP	0.3190789473684211	78.22665299468323	1.9171020355100477	0.3338905188407023	311.0,223.0,369.0,310.0	9.0,254.0,11.0,332.22665299468326
000009	269	98	TP	0.9280541929455735	185.44058952394474	1.508581013181867	0.042663456107212304	322.0,247.0,385.0,335.0	9.0,269.0,11.0,454.4405895239447
000009	269	99	TP	0.3843197540353574	146.0369800353346	0.7291409592994559	0.0954554293567301	327.0,212.0,385.0,299.0	9.0,269.0,11.0,415.03698003533464
000009	278	100	TP	0.7707838479809976	251.08575689750592	2.3571822463805363	0.043461490256398214	291.0,235.0,353.0,322.0	9.0,278.0,11.0,529.0857568975059
000009	278	101	TP	0.6468486858892575	93.2429448960814	0.9566032336155326	0.04584108451902429	341.0,214.0,400.0,301.0	9.0,278.0,11.0,371.2429448960814
000009	286	102	TP	0.9763067904250122	164.74969765826665	1.9315448102682333	0.2513201655145985	282.0,215.0,343.0,302.0	9.0,286.0,11.0,450.74969765826665
000009	286	103	TP	0.7610956124778088	137.71384222985148	1.6689653132486375	0.08009827201449515	349.0,221.0,408.0,308.0	9.0,286.0,11.0,423.7138422298515
000009	304	104	TP	0.6800208116545265	264.87267059379207	2.683167437374228	0.03925273350030094	331.0,197.0,388.0,282.0	9.0,304.0,11.0,568.872670593792
000009	304	105	TP	0.8007100591715977	150.25040626388582	2.8527740751640414	0.19436233285563842	335.0,231.0,394.0,323.0	9.0,304.0,11.0,454.2504062638858
000009	310	106	TP	0.6729576008273009	300.5510068465679	0.5199204690987964	0.1969386798543906	354.0,199.0,411.0,285.0	9.0,310.0,11.0,610.5510068465678
000009	310	107	TP	0.3654030710172745	129.97399291436523	1.986936613180088	0.11480344615368718	325.0,231.0,384.0,321.0	9.0,310.0,11.0,439.9739929143652
000009	319	108	TP	0.6530765382691346	259.9264638618437	0.5379132974536572	0.18353885660539387	374.0,212.0,433.0,300.0	9.0,319.0,11.0,578.9264638618437
000009	319	109	TP	0.6837231968810916	88.37162428105206	2.052213015488065	0.28919457139835913	313.0,226.0,371.0,316.0	9.0,319.0,11.0,407.37162428105205
000009	329	110	TP	0.8231952662721893	129.77443522939325	1.03596387844806	0.09166074878915682	368.0,230.0,429.0,320.0	9.0,329.0,11.0,458.77443522939325
000009	329	111	TP	0.4060560933234053	89.44586009187246	1.4340969116277396	0.3605251608278893	312.0,218.0,369.0,308.0	9.0,329.0,11.0,418.4458600918725
000009	344	112	TP	0.8435728859669009	179.89432107886458	1.3856382337884106	0.06749563125888852	313.0,237.0,375.0,329.0	9.0,344.0,11.0,523.8943210788646
000009	344	113	TP	0.3096920747097426	149.33768099498653	2.257630306433778	0.15169285474676375	332.0,212.0,389.0,300.0	9.0,344.0,11.0,493.3376809949865
000009	356	114	TP	0.72257758824923	95.39372665006508	0.7522286412179264	0.1610056340880321	283.0,219.0,344.0,310.0	9.0,356.0,11.0,451.3937266500651
000009	356	115	TP	0.42488844819038174	76.64874382324288	1.9201626030919803	0.17001055958318984	347.0,217.0,406.0,307.0	9.0,356.0,11.0,432.64874382324285
000009	374	116	TP	0.61158117398202	251.19524798057915	0.37087940284296955	0.09275835162211743	326.0,206.0,382.0,291.0	9.0,374.0,11.0,625.1952479805791
000009	374	117	TP	0.6194563662374821	234.44931997243407	2.78561114958027	0.11464756213219043	338.0,226.0,397.0,318.0	9.0,374.0,11.0,608.4493199724341
000009	380	118	TP	0.5927108273476989	206.30116825713463	0.5224187263421743	0.09858880336706122	348.0,207.0,405.0,292.0	9.0,380.0,11.0,586.3011682571346
000009	380	119	TP	0.3224724484906564	155.42259422192274	2.8007828229005067	0.12245906410998303	328.0,227.0,387.0,317.0	9.0,380.0,11.0,535.4225942219227
000009	391	120	TP	0.5973137354282818	333.7476803033637	0.35907651583260386	0.15522144107474614	375.0,216.0,433.0,304.0	9.0,391.0,11.0,724.7476803033637
000009	391	121	TP	0.705435847208619	151.74806993971615	2.4284359127110955	0.10449792979790117	313.0,223.0,371.0,313.0	9.0,391.0,11.0,542.7480699397162
000009	402	122	TP	0.7855621301775148	294.2088287649113	2.7078534236418212	0.07886173528461696	365.0,228.0,426.0,319.0	9.0,402.0,11.0,696.2088287649112
000009	402	123	TP	0.29562136168058717	269.58674269423153	2.8037293298116297	0.07298926536335419	313.0,218.0,371.0,306.0	9.0,402.0,11.0,671.5867426942316
000009	414	124	TP	0.7326373127553336	359.8214084878914	1.34635780654884	0.040803350017526	320.0,232.0,382.0,324.0	9.0,414.0,11.0,773.8214084878914
000009	414	125	TP	0.12980402137948588	239.0548584465415	0.2987265592239966	0.08810095220489948	330.0,215.0,387.0,303.0	9.0,414.0,11.0,653.0548584465415
000009	417	126	TP	0.6791248860528715	289.2322611575281	2.777493189437843	0.08465320487214487	309.0,230.0,370.0,322.0	9.0,417.0,11.0,706.2322611575281
000009	417	127	TP	0.17641077783426537	108.32296622936657	2.348274870822351	0.2120296108076615	334.0,214.0,392.0,302.0	9.0,417.0,11.0,525.3229662293666
000009	431	128	TP	0.813588422859946	237.93543510193186	0.3465482522606671	0.1068710791924559	285.0,215.0,344.0,304.0	9.0,431.0,11.0,668.9354351019318
000009	431	129	TP	0.42531582858558337	178.5282128061893	2.5769089998467667	0.13544039790393564	350.0,220.0,408.0,310.0	9.0,431.0,11.0,609.5282128061892
000009	437	130	TP	0.19252187748607796	378.1197692295712	0.1554461813736245	0.07249591766853791	295.0,217.0,352.0,301.0	9.0,437.0,11.0,815.1197692295711
000009	437	131	TP	0.1532644315603731	332.2264511583609	2.973051327564893	0.04351510269663723	348.0,222.0,407.0,310.0	9.0,437.0,11.0,769.2264511583609
000009	451	132	TP	0.34231731036399	316.87092149775003	0.2458973969254583	0.14218535289026016	343.0,215.0,399.0,298.0	9.0,451.0,11.0,767.87092149775
000009	451	133	TP	0.1823790720631787	252.73492230530607	2.971827399287222	0.050797356150360684	330.0,223.0,389.0,311.0	9.0,451.0,11.0,703.7349223053061
000009	465	134	TP	0.616819973718791	347.999663591199	0.16902317469189967	0.10219591183990936	376.0,221.0,434.0,306.0	9.0,465.0,11.0,812.999663591199
000009	465	135	TP	0.4881407804131599	324.75832222953596	2.9711236464669617	0.030694088609286036	312.0,221.0,370.0,308.0	9.0,465.0,11.0,789.7583222295359
000009	477	136	TP	0.8572815533980582	350.8129212290546	0.16137757354680346	0.047813764698340616	358.0,226.0,418.0,314.0	9.0,477.0,11.0,827.8129212290546
000009	477	137	TP	0.17461153542270214	312.05052464388643	0.19629525388857874	0.09964706490756589	316.0,219.0,372.0,304.0	9.0,477.0,11.0,789.0505246438864
000009	484	138	TP	0.5604161740364152	333.9376425612031	2.9563386067377686	0.06522123319806222	331.0,227.0,392.0,316.0	9.0,484.0,11.0,817.9376425612031
000009	484	139	TP	0.09579563597658329	288.1978547006439	0.18036477351482472	0.09773229807530012	326.0,219.0,382.0,304.0	9.0,484.0,11.0,772.1978547006439
000009	490	140	TP	0.562200956937799	372.8797509647997	0.1510230929668911	0.11850613316679723	308.0,225.0,368.0,314.0	9.0,490.0,11.0,862.8797509647998
000009	490	141	TP	0.1636219221604448	356.8564771731143	0.15373913599853	0.09214351845614623	335.0,218.0,392.0,304.0	9.0,490.0,11.0,846.8564771731143
000009	495	142	TP	0.0723620522749274	338.50545071558275	0.14354742923041716	0.11454894523893142	293.0,223.0,353.0,311.0	9.0,495.0,11.0,833.5054507155828
000009	495	143	TP	0.12522971908637437	326.4869332256618	2.980127177054544	0.13406258371810137	342.0,219.0,399.0,305.0	9.0,495.0,11.0,821.4869332256618
000012	2	144	TP	0.984785972150593	382.897306992384	0.24294728009947275	0.026531052011860075	228.0,139.0,315.0,209.0	12.0,2.0,14.0,384.897306992384
000012	2	145	TP	0.9425675675675675	316.6370880535994	1.300455445778213	0.07863081301363359	274.0,215.0,335.0,280.0	12.0,2.0,14.0,318.6370880535994
000012	7	146	TP	0.981038961038961	385.4657729624941	0.3072464538463407	0.03659725056430686	282.0,109.0,356.0,193.0	12.0,7.0,14.0,392.4657729624941
000012	7	147	TP	0.9504029758214507	274.622385548397	1.2300056048053096	0.09144417814448705	287.0,194.0,348.0,260.0	12.0,7.0,14.0,281.622385548397
000012	14	148	TP	0.9665109034267912	359.93778095327394	0.34097491718259626	0.03860595581168821	370.0,109.0,427.0,197.0	12.0,14.0,14.0,373.93778095327394
000012	14	149	TP	0.9514623522090853	260.8698757087385	1.1876649676936355	0.07746135982952525	317.0,179.0,377.0,244.0	12.0,14.0,14.0,274.8698757087385
000012	26	150	TP	0.9629351364888555	445.5152016678569	0.2273175556889611	0.033728804478235515	445.0,204.0,534.0,276.0	12.0,26.0,14.0,471.5152016678569
000012	26	151	TP	0.9404096834264432	90.89269084672544	1.4418869423007232	0.10431235258747817	370.0,195.0,430.0,260.0	12.0,26.0,14.0,116.89269084672544
000012	34	152	TP	0.9741871432117151	483.8369568729199	0.03139951312852418	0.046385488761209355	432.0,303.0,521.0,365.0	12.0,34.0,14.0,517.8369568729199
000012	34	153	TP	0.944804193647857	361.62648438271134	1.5098185641931663	0.07584352746320727	385.0,228.0,446.0,294.0	12.0,34.0,14.0,395.62648438271134
000012	43	154	TP	0.9635684259691732	421.15340266167993	0.122476750271938	0.12353830319787232	364.0,355.0,444.0,445.0	12.0,43.0,14.0,464.15340266167993
000012	43	155	TP	0.9443935227619921	321.2661728157197	1.6616787220213325	0.13053865777984502	370.0,268.0,432.0,333.0	12.0,43.0,14.0,364.2661728157197
000012	49	156	TP	0.9495412844036697	432.1417221957635	0.1956246775673129	0.09676604776770893	299.0,353.0,361.0,445.0	12.0,49.0,14.0,481.1417221957635
000012	49	157	TP	0.9573690621193667	352.13720387105553	1.7222333619546069	0.1268097194246848	345.0,283.0,406.0,349.0	12.0,49.0,14.0,401.13720387105553
000012	60	158	TP	0.9887859580692345	480.10565633860347	0.08729745617797272	0.07326084395597933	188.0,285.0,277.0,367.0	12.0,60.0,14.0,540.1056563386035
000012	60	159	TP	0.9553598542362587	183.66150301703854	1.6291725139878996	0.10730349229525364	293.0,275.0,355.0,340.0	12.0,60.0,14.0,243.66150301703854
000012	66	160	TP	0.9961812627291242	476.5686380513458	0.04125454106033156	0.030304961985615185	185.0,227.0,273.0,288.0	12.0,66.0,14.0,542.5686380513457
000012	66	161	TP	0.9477862595419847	343.0430511719144	1.4962995807894515	0.07501589621103207	275.0,252.0,336.0,318.0	12.0,66.0,14.0,409.0430511719144
000012	73	162	TP	0.9882229782779377	369.3053996686698	0.23507564328858815	0.042086785202943774	218.0,160.0,305.0,224.0	12.0,73.0,14.0,442.3053996686698
000012	73	163	TP	0.9656377402446127	288.83332547218896	1.2571012029497186	0.07657084295397831	273.0,215.0,334.0,285.0	12.0,73.0,14.0,361.83332547218896
000012	83	164	TP	0.9680851063829787	311.7148637749994	0.5349104698639346	0.0638681178747248	327.0,116.0,387.0,200.0	12.0,83.0,14.0,394.7148637749994
000012	83	165	TP	0.9557732264766993	237.51920169585284	1.085229947627686	0.09289448791632943	302.0,182.0,361.0,253.0	12.0,83.0,14.0,320.51920169585287
000012	100	166	TP	0.8915962207856788	391.850554628971	0.2509855841329258	0.08279228095935891	447.0,225.0,537.0,291.0	12.0,100.0,14.0,491.850554628971
000012	100	167	TP	0.9462333825701624	355.1914609907278	1.3008728716819087	0.11623469157236134	376.0,198.0,435.0,268.0	12.0,100.0,14.0,455.1914609907278
000012	108	168	TP	0.9680748919827172	446.82569940529186	0.06338524281461717	0.05871096623972981	424.0,315.0,515.0,380.0	12.0,108.0,14.0,554.8256994052919
000012	108	169	TP	0.9422908772952492	257.8771031928015	1.5175778097674448	0.09632360843898316	385.0,229.0,446.0,299.0	12.0,108.0,14.0,365.8771031928015
000012	117	170	TP	0.9396853146853147	413.4220142407341	0.3314509571489701	0.14953710462600797	351.0,353.0,426.0,446.0	12.0,117.0,14.0,530.4220142407341
000012	117	171	TP	0.9392376038979651	296.33934535517	1.8680434454124601	0.15316724159733233	366.0,264.0,427.0,334.0	12.0,117.0,14.0,413.33934535517
000012	130	172	TP	0.9611804767309875	389.5393555077722	0.3046017261517955	0.11076982484138376	200.0,303.0,284.0,391.0	12.0,130.0,14.0,519.5393555077721
000012	130	173	TP	0.9457473862673071	202.94344562165875	1.7845881461524946	0.13947742734283378	304.0,271.0,366.0,341.0	12.0,130.0,14.0,332.9434456216587
000012	137	174	TP	0.9964788732394366	468.75780128182805	0.040012043960459	0.059437482155766795	182.0,244.0,273.0,308.0	12.0,137.0,14.0,605.757801281828
000012	137	175	TP	0.9745786918023421	295.01881042482523	1.5681539305486236	0.12773711824419046	279.0,250.0,341.0,320.0	12.0,137.0,14.0,432.01881042482523
000012	142	176	TP	0.9872561768530559	414.1447658563271	0.1333160867811748	0.02480453196258044	199.0,191.0,286.0,250.0	12.0,142.0,14.0,556.1447658563271
000012	142	177	TP	0.9794738363688927	409.1920038476465	1.4251498712710429	0.09117232478611018	272.0,228.0,333.0,299.0	12.0,142.0,14.0,551.1920038476464
000012	148	178	TP	0.9031991174848317	263.5758470895057	0.5030145134869302	0.1276034769761768	252.0,151.0,332.0,219.0	12.0,148.0,14.0,411.5758470895057
000012	148	179	TP	0.9304608671938914	211.21109527173715	0.09354180901742393	0.025897373839451003	280.0,201.0,340.0,279.0	12.0,148.0,14.0,359.2110952717371
000012	171	180	TP	0.7956827309236948	374.46212533034225	0.4224221815225963	0.09661596509339139	446.0,224.0,536.0,289.0	12.0,171.0,14.0,545.4621253303422
000012	171	181	TP	0.9314840499306519	243.74955071586427	1.1402350412443027	0.08944560453541779	375.0,196.0,434.0,274.0	12.0,171.0,14.0,414.7495507158643
000012	177	182	TP	0.9471247563352827	452.90339559266596	0.06633011305653984	0.05525167726230979	438.0,287.0,526.0,347.0	12.0,177.0,14.0,629.9033955926659
000012	177	183	TP	0.8916417097740267	328.07077809984077	1.4617985542610463	0.07352876795294408	385.0,215.0,445.0,294.0	12.0,177.0,14.0,505.07077809984077
000012	190	184	TP	0.9412758766370933	324.7691134525753	0.5038774453856854	0.27461561586568584	334.0,344.0,404.0,438.0	12.0,190.0,14.0,514.7691134525753
000012	190	185	TP	0.9435441714584423	189.37684864455875	1.6565427055203492	0.08189333850219753	359.0,258.0,421.0,338.0	12.0,190.0,14.0,379.3768486445588
000012	199	186	TP	0.967924939995636	322.8629494400419	0.5144893080014947	0.2174875683736612	219.0,314.0,295.0,403.0	12.0,199.0,14.0,521.8629494400419
000012	199	187	TP	0.9389075847786694	307.79059995759064	1.9992150757843905	0.2802581258965053	315.0,263.0,377.0,343.0	12.0,199.0,14.0,506.79059995759064
000012	207	188	TP	0.9757693239641386	402.9837517980283	0.2094915218077957	0.1287465856174497	181.0,259.0,272.0,325.0	12.0,207.0,14.0,609.9837517980284
000012	207	189	TP	0.9565899581589958	262.53124269350764	1.6384488324905708	0.15216020647315331	283.0,248.0,345.0,326.0	12.0,207.0,14.0,469.53124269350764
000012	215	190	TP	0.9483717235901509	360.3633356917631	0.22113760041158168	0.07150093531834242	210.0,185.0,296.0,245.0	12.0,215.0,14.0,575.363335691763
000012	215	191	TP	0.9453522635949638	299.098057915527	1.3528928519814791	0.10244314902837136	272.0,218.0,333.0,297.0	12.0,215.0,14.0,514.0980579155271
000012	221	192	TP	0.6692640692640692	203.8789370454027	1.6623048801643383	0.06075922779047271	259.0,165.0,337.0,230.0	12.0,221.0,14.0,424.8789370454027
000012	221	193	TP	0.926090363019065	92.51731352303516	0.8067389156234197	0.10010567178749451	283.0,200.0,342.0,284.0	12.0,221.0,14.0,313.51731352303517
000012	228	194	TP	0.836212412028151	310.7012652204714	0.8657468439892805	0.1561887674775427	341.0,152.0,398.0,227.0	12.0,228.0,14.0,538.7012652204714
000012	228	195	TP	0.9437449772301099	165.54316716624064	0.9136047100186295	0.07003711026249405	308.0,186.0,366.0,269.0	12.0,228.0,14.0,393.54316716624066
000012	239	196	TP	0.49157776530039304	276.9972124851301	0.6680497663168881	0.39088620867040236	435.0,195.0,511.0,264.0	12.0,239.0,14.0,515.9972124851301
000012	239	197	TP	0.9425040300913488	216.11259576139125	0.08393437380805664	0.00542876338079628	358.0,188.0,416.0,271.0	12.0,239.0,14.0,455.1125957613913
000012	249	198	TP	0.9300291545189504	442.8196954174569	0.07071739508773725	0.06730515040831277	440.0,278.0,528.0,337.0	12.0,249.0,14.0,691.8196954174568
000012	249	199	TP	0.8452781371280724	163.80805273740594	0.12057496832594128	0.006299305039727513	384.0,212.0,443.0,297.0	12.0,249.0,14.0,412.80805273740594
000012	260	200	TP	0.9722809987304274	194.01570386476763	1.5346606772796023	0.07150566497340452	359.0,331.0,441.0,416.0	12.0,260.0,14.0,454.0157038647676
000012	260	201	TP	0.9195402298850575	172.40977643379108	2.3441231687970956	0.13012765592192316	369.0,243.0,430.0,330.0	12.0,260.0,14.0,432.4097764337911
000012	284	202	TP	0.9776099271648233	460.0505131721566	0.0382300883483203	0.11544701960979036	195.0,222.0,278.0,279.0	12.0,284.0,14.0,744.0505131721566
000012	284	203	TP	0.9660723130262506	96.47112836559526	0.35451853435902575	0.00617513038890184	275.0,226.0,336.0,312.0	12.0,284.0,14.0,380.4711283655953
000012	298	204	TP	0.550624133148405	171.77644254653742	1.8226751731573578	0.026449229348344695	324.0,175.0,381.0,241.0	12.0,298.0,14.0,469.7764425465374
000012	298	205	TP	0.7772486772486773	147.18234218920227	1.160196941748663	0.05425437824758734	303.0,195.0,360.0,280.0	12.0,298.0,14.0,445.18234218920225
000012	307	206	TP	0.1807348560079444	316.4310437396323	1.0424096048755505	0.29498102276773736	417.0,192.0,477.0,258.0	12.0,307.0,14.0,623.4310437396323
000012	307	207	TP	0.9548629768941429	225.58271161838616	0.3433455587634592	0.17556134429066989	344.0,192.0,400.0,277.0	12.0,307.0,14.0,532.5827116183862
000012	319	208	TP	0.8024993874050478	397.45629955335227	0.18128101516318207	0.08869005833540192	443.0,262.0,532.0,322.0	12.0,319.0,14.0,716.4562995533522
000012	319	209	TP	0.7835609379026024	77.1511461898988	1.6108241841672382	0.27711368733237757	383.0,211.0,441.0,297.0	12.0,319.0,14.0,396.1511461898988
000012	336	210	TP	0.9635776855693868	233.78225552014172	2.1476917410899192	0.3935216339809969	306.0,316.0,375.0,399.0	12.0,336.0,14.0,569.7822555201417
000012	336	211	TP	0.9607524384579657	198.02549293441788	0.5603333151754896	0.22609534831939818	350.0,243.0,412.0,334.0	12.0,336.0,14.0,534.0254929344179
000012	343	212	TP	0.9729114500341453	215.34555059707768	2.018055822118769	0.39478173305435116	217.0,297.0,294.0,374.0	12.0,343.0,14.0,558.3455505970777
000012	343	213	TP	0.8997482261387045	190.4782885133735	1.6772307345536868	0.06955209719308862	316.0,243.0,377.0,335.0	12.0,343.0,14.0,533.4782885133735
000012	350	214	TP	0.8990136214185064	279.4735366373184	0.2996750257183946	0.14192109517324453	181.0,261.0,273.0,325.0	12.0,350.0,14.0,629.4735366373184
000012	350	215	TP	0.9686109159053643	235.82963468004897	0.6144297944398228	0.3488336335543209	287.0,236.0,348.0,326.0	12.0,350.0,14.0,585.8296346800489
000012	357	216	TP	0.7682660850599782	312.5098640967746	0.19973458859572704	0.1494212726884382	202.0,218.0,286.0,275.0	12.0,357.0,14.0,669.5098640967747
000012	357	217	TP	0.9568923526546518	276.4692909198447	1.4160882910631636	0.16513003338257976	275.0,220.0,334.0,309.0	12.0,357.0,14.0,633.4692909198448
000012	363	218	TP	0.4855403348554033	401.92414176328805	1.3805342307079664	0.14434213695277356	246.0,208.0,325.0,264.0	12.0,363.0,14.0,764.924141763288
000012	363	219	TP	0.9097705594225316	231.8159977905225	0.3782773626451957	0.01619263163721738	281.0,211.0,339.0,297.0	12.0,363.0,14.0,594.8159977905225
000012	368	220	TP	0.08398856325947104	96.94192336076466	1.2607049487895547	0.09632156686008729	300.0,200.0,364.0,257.0	12.0,368.0,14.0,464.9419233607647
000012	368	221	TP	0.4813532232285562	73.230352176239	0.1596551683763236	0.0927890214790346	296.0,205.0,353.0,290.0	12.0,368.0,14.0,441.23035217623897
000012	383	222	TP	0.019541984732824428	197.04947273495478	1.3304616553236888	0.13704692507853383	435.0,224.0,511.0,283.0	12.0,383.0,14.0,580.0494727349547
000012	383	223	TP	0.726355955301172	175.81572321008417	0.3966960545058216	0.4032412899420713	361.0,205.0,417.0,289.0	12.0,383.0,14.0,558.8157232100841
000012	387	224	TP	0.204431548404115	254.0033592261367	1.5237213117604187	0.866029203073691	444.0,241.0,531.0,300.0	12.0,387.0,14.0,641.0033592261367
000012	387	225	TP	0.6101604278074866	100.43882368888467	1.0229419045376698	0.29676269862995225	374.0,210.0,431.0,294.0	12.0,387.0,14.0,487.43882368888467
000012	393	226	TP	0.879615952732644	424.61288524950794	0.057479107852348284	0.05999566557126363	439.0,268.0,526.0,327.0	12.0,393.0,14.0,817.6128852495079
000012	393	227	TP	0.5213367609254499	346.7315319828353	0.3270891322221002	0.2606118156974819	385.0,217.0,443.0,304.0	12.0,393.0,14.0,739.7315319828353
000012	399	228	TP	0.953438701409654	165.09193886974123	0.7388929965856087	0.012072392953011782	399.0,289.0,494.0,356.0	12.0,399.0,14.0,564.0919388697412
000012	399	229	TP	0.7829818538499265	104.74857081841733	1.5799585736493158	0.03933800467711813	382.0,227.0,441.0,315.0	12.0,399.0,14.0,503.7485708184173
000012	409	230	TP	0.9899522732981663	365.5700178167701	1.8800689851888486	0.2521834137930393	294.0,297.0,361.0,371.0	12.0,409.0,14.0,774.5700178167701
000012	409	231	TP	0.9792674498963373	271.9518390126306	0.5378510500924527	0.12271829466006576	346.0,236.0,407.0,327.0	12.0,409.0,14.0,680.9518390126307
000012	423	232	TP	0.5365025466893039	310.49734177740703	1.6728790144393593	0.14745125778351273	183.0,252.0,273.0,313.0	12.0,423.0,14.0,733.497341777407
000012	423	233	TP	0.9878163074039362	116.73222450293373	0.2126677360561675	0.12759922609712304	285.0,229.0,345.0,319.0	12.0,423.0,14.0,539.7322245029337
000012	438	234	TP	0.4646017699115044	118.38906023633808	1.352038494711286	0.17373682497367782	271.0,226.0,344.0,280.0	12.0,438.0,14.0,556.3890602363381
000012	438	235	TP	0.3568294020844761	117.45855095506924	0.17595487186989034	0.2174800620342256	289.0,216.0,345.0,299.0	12.0,438.0,14.0,555.4585509550692
000012	455	*	FN	0.001326259946949602	*	*	*	432.0,236.0,503.0,292.0	*
000012	455	*	FN	0.3761125466551823	*	*	*	358.0,215.0,413.0,296.0	*
000012	471	236	TP	0.9518046250270153	344.8290364226404	0.4430040610431623	0.12200967069132908	403.0,268.0,498.0,332.0	12.0,471.0,14.0,815.8290364226405
000012	471	237	TP	0.6165856155618121	210.78367221782418	1.5258214124680174	0.08876779971221306	382.0,225.0,440.0,311.0	12.0,471.0,14.0,681.7836722178242
000012	482	238	TP	0.9929462832338578	441.11861037021777	1.7059605922398418	0.11129899737828611	291.0,271.0,357.0,340.0	12.0,482.0,14.0,923.1186103702178
000012	482	239	TP	0.9811949535824803	261.8868366693528	0.22425144620415494	0.06489352968094847	346.0,228.0,406.0,318.0	12.0,482.0,14.0,743.8868366693528
000012	490	240	TP	0.9952290076335878	273.72620090674565	1.7219365951599874	0.06913712034747319	199.0,260.0,285.0,324.0	12.0,490.0,14.0,763.7262009067456
000012	490	241	TP	0.3465299308371095	271.065158149958	0.22231724100717726	0.030887345931263868	307.0,228.0,367.0,317.0	12.0,490.0,14.0,761.065158149958
000020	3	242	TP	0.9789325842696629	440.1139434806813	1.1009494637429456	0.1881981261913185	457.0,202.0,529.0,265.0	20.0,3.0,22.0,443.1139434806813
000020	3	243	TP	0.9617983367983368	133.1687025557379	2.0329007393997514	0.21252152551592124	452.0,261.0,522.0,333.0	20.0,3.0,22.0,136.1687025557379
000020	3	244	TP	0.9343838193791157	107.30431386238448	1.8570067352629709	0.2618268816201498	224.0,292.0,317.0,368.0	20.0,3.0,22.0,110.30431386238448
000020	3	245	TP	0.3856835049078286	63.85233478833975	1.9656437807675609	0.3590515685396841	361.0,249.0,445.0,336.0	20.0,3.0,22.0,66.85233478833976
000020	3	246	TP	0.5079563182527301	55.11735525022488	0.5968291967058029	0.5182089102833356	268.0,181.0,327.0,247.0	20.0,3.0,22.0,58.11735525022488
000020	11	247	TP	0.9591187270501836	405.6739076445178	1.014260728290586	0.2115177164961981	447.0,289.0,528.0,357.0	20.0,11.0,22.0,416.6739076445178
000020	11	248	TP	0.9718175304513972	112.78838067307704	1.9977707968953011	0.07807424315958761	407.0,323.0,473.0,410.0	20.0,11.0,22.0,123.78838067307704
000020	11	249	TP	0.9053860819828408	109.45261284748328	1.3401653313058137	0.3088576849685246	213.0,221.0,281.0,312.0	20.0,11.0,22.0,120.45261284748328
000020	11	250	TP	0.545083932853717	67.7128694309415	0.8373822608394237	0.371942300233295	327.0,279.0,418.0,343.0	20.0,11.0,22.0,78.7128694309415
000020	11	251	TP	0.4490252476829658	66.89939237220273	1.0255234048996338	0.4206549458073819	321.0,157.0,380.0,222.0	20.0,11.0,22.0,77.89939237220273
000020	17	252	TP	0.9533984996590135	331.6420984823815	0.9456340724730727	0.16561098146601408	402.0,340.0,476.0,419.0	20.0,17.0,22.0,348.6420984823815
000020	17	253	TP	0.961655365910685	284.83538202487176	1.2524678192797118	0.20950890748026013	344.0,347.0,407.0,435.0	20.0,17.0,22.0,301.83538202487176
000020	17	254	TP	0.9061964241978937	240.72808614173374	2.6127961867912877	0.17310522681816792	241.0,172.0,303.0,261.0	20.0,17.0,22.0,257.72808614173374
000020	17	255	TP	0.5016339869281046	99.96862573205013	1.6279446365115666	0.185497996806447	303.0,286.0,396.0,352.0	20.0,17.0,22.0,116.96862573205013
000020	17	256	TP	0.44741074300418143	93.72421741211403	1.1543203698855689	0.20022216974938042	364.0,164.0,424.0,228.0	20.0,17.0,22.0,110.72421741211403
000020	21	257	TP	0.9715294636945486	422.6933715109891	1.0029706500572753	0.1974556394654127	356.0,357.0,427.0,446.0	20.0,21.0,22.0,443.6933715109891
000020	21	258	TP	0.9492565494453623	221.71921403194563	0.9705117657514143	0.16944691603824322	296.0,346.0,362.0,433.0	20.0,21.0,22.0,242.71921403194563
000020	21	259	TP	0.9136762860727728	127.7437744652298	1.5738607187990232	0.19216987580182898	264.0,144.0,336.0,233.0	20.0,21.0,22.0,148.74377446522982
000020	21	260	TP	0.5067036523347203	116.31832924724608	2.115441374845783	0.1762409075574771	293.0,272.0,381.0,352.0	20.0,21.0,22.0,137.31832924724608
000020	21	261	TP	0.44047619047619047	84.98670615722025	1.8858875714088144	0.338108199913366	388.0,179.0,449.0,242.0	20.0,21.0,22.0,105.98670615722025
000020	28	262	TP	0.9718647764449291	437.50668495870576	1.0699555610602194	0.22595101280072635	274.0,351.0,338.0,444.0	20.0,28.0,22.0,465.50668495870576
000020	28	263	TP	0.949169602415702	289.28515978846116	1.3755073408441028	0.2602072795083208	225.0,316.0,296.0,388.0	20.0,28.0,22.0,317.28515978846116
000020	28	264	TP	0.9258872651356994	278.9372848516537	2.8091446025184466	0.27261892358556633	312.0,130.0,401.0,199.0	20.0,28.0,22.0,306.9372848516537
000020	28	265	TP	0.42857142857142855	62.534341788934576	2.4427417554507147	0.4061074119382613	287.0,242.0,352.0,333.0	20.0,28.0,22.0,90.53434178893457
000020	28	266	TP	0.5047984644913628	57.33697035889341	2.128901147547214	0.5051839300222396	414.0,222.0,475.0,285.0	20.0,28.0,22.0,85.33697035889341
000020	41	267	TP	0.9975734045134677	283.5089440687379	1.2563093233096285	0.04747328500848118	181.0,234.0,257.0,307.0	20.0,41.0,22.0,324.5089440687379
000020	41	268	TP	0.924668107440568	134.43489550148794	0.1357198668375211	0.06997391476902012	207.0,191.0,274.0,250.0	20.0,41.0,22.0,175.43489550148794
000020	41	269	TP	0.8802628376733999	117.22597492545263	1.1029094554531895	0.05087175756681494	412.0,190.0,500.0,264.0	20.0,41.0,22.0,158.22597492545265
000020	41	270	TP	0.31290555155010813	86.48998295789399	1.226170139608018	0.3277931188569368	279.0,206.0,366.0,284.0	20.0,41.0,22.0,127.48998295789399
000020	41	271	TP	0.6208927464352139	70.16728642144453	2.827522375461185	0.278168049477074	382.0,306.0,442.0,370.0	20.0,41.0,22.0,111.16728642144453
000020	51	272	TP	0.9846895378508648	378.1042127525044	1.0764547544349292	0.14770956911195177	228.0,139.0,302.0,199.0	20.0,51.0,22.0,429.1042127525044
000020	51	273	TP	0.8835942818243703	356.32236979888864	1.9500157126050208	0.18235310722257933	293.0,123.0,351.0,184.0	20.0,51.0,22.0,407.32236979888864
000020	51	274	TP	0.9029081749484772	177.29350165666463	0.4255750143241212	0.25937525184177795	430.0,264.0,493.0,355.0	20.0,51.0,22.0,228.29350165666463
000020	51	275	TP	0.11044025157232705	148.53221972539788	2.049079167748577	0.1407084294404055	318.0,192.0,407.0,255.0	20.0,51.0,22.0,199.53221972539788
000020	51	276	TP	0.7241172950329144	125.13260826856336	0.9506115709659493	0.2385161502074033	307.0,321.0,370.0,387.0	20.0,51.0,22.0,176.13260826856336
000020	58	277	TP	0.9957002457002457	186.0556688857475	1.2653307127183133	0.2120721218545437	308.0,104.0,373.0,168.0	20.0,58.0,22.0,244.0556688857475
000020	58	278	TP	0.9049039098740888	182.41571121043364	1.9773499176323284	0.250505287186163	367.0,124.0,429.0,184.0	20.0,58.0,22.0,240.41571121043364
000020	58	279	TP	0.9005990681162636	140.68649930232073	1.9679207455821697	0.10477690045574686	375.0,317.0,453.0,407.0	20.0,58.0,22.0,198.68649930232073
000020	58	280	TP	0.07857672349888807	105.61766882832669	1.7486108932194782	0.270888195545562	341.0,189.0,427.0,274.0	20.0,58.0,22.0,163.61766882832669
000020	58	281	TP	0.7252158380470378	89.54703548622014	0.49014114593878727	0.33350177433214173	262.0,294.0,324.0,360.0	20.0,58.0,22.0,147.54703548622012
000020	67	282	TP	0.9950769230769231	455.6489264211655	1.2817049736522452	0.19165727563218612	409.0,126.0,471.0,192.0	20.0,67.0,22.0,522.6489264211655
000020	67	283	TP	0.9371866705986435	382.9376084782766	2.087030299173965	0.2510579202484079	439.0,181.0,509.0,243.0	20.0,67.0,22.0,449.9376084782766
000020	67	284	TP	0.9197656073923822	360.06392543944054	2.2255538830681068	0.18608897384637416	292.0,344.0,384.0,409.0	20.0,67.0,22.0,427.06392543944054
000020	67	285	TP	0.2980561555075594	284.7563431058565	1.8512652486291405	0.12431942703343234	376.0,220.0,436.0,309.0	20.0,67.0,22.0,351.7563431058565
000020	67	286	TP	0.6429004854368932	195.25344256606226	1.602293636226322	0.031456969465598304	243.0,232.0,303.0,298.0	20.0,67.0,22.0,262.2534425660623
000020	81	287	TP	0.9396170839469808	314.831202917506	0.8631282143655765	0.21597001858102424	459.0,255.0,538.0,323.0	20.0,81.0,22.0,395.831202917506
000020	81	288	TP	0.9850779510022272	257.1667919362044	0.6515272137192737	0.09596258177121798	428.0,293.0,495.0,384.0	20.0,81.0,22.0,338.1667919362044
000020	81	289	TP	0.9006928406466512	245.86381164331573	0.42231210929628965	0.24378444831179508	209.0,241.0,286.0,330.0	20.0,81.0,22.0,326.8638116433157
000020	81	290	TP	0.6120361560418649	237.08026569974248	1.585743957839501	0.12089643297368036	337.0,267.0,430.0,336.0	20.0,81.0,22.0,318.0802656997425
000020	81	291	TP	0.3565914489311164	118.91751697760898	0.51750601472863	0.1288744383331144	304.0,160.0,363.0,233.0	20.0,81.0,22.0,199.91751697760898
000020	88	292	TP	0.9811158798283262	293.2779197067461	0.8182566657045355	0.2117934278573305	414.0,316.0,494.0,401.0	20.0,88.0,22.0,381.2779197067461
000020	88	293	TP	0.9802379940501488	121.87534204718652	1.851834743691907	0.22046814555567948	361.0,328.0,424.0,424.0	20.0,88.0,22.0,209.8753420471865
000020	88	294	TP	0.8506699147381243	94.52717719902964	1.6758999341664451	0.21192550662275647	234.0,186.0,294.0,276.0	20.0,88.0,22.0,182.52717719902964
000020	88	295	TP	0.6945404284727021	91.66404145565528	1.3224149540993848	0.3373514161464601	308.0,282.0,400.0,346.0	20.0,88.0,22.0,179.66404145565528
000020	88	296	TP	0.2756838905775076	85.65350313365661	0.999837895900656	0.3464520443636794	353.0,161.0,412.0,234.0	20.0,88.0,22.0,173.6535031336566
000020	94	297	TP	0.9796084828711256	302.55561696525723	0.5133162024778024	0.3415017938423756	348.0,347.0,420.0,443.0	20.0,94.0,22.0,396.55561696525723
000020	94	298	TP	0.9641553981541103	227.23442154852958	0.6713289668004302	0.11247259338599326	287.0,330.0,355.0,424.0	20.0,94.0,22.0,321.23442154852955
000020	94	299	TP	0.8494159471813103	114.61621136186832	0.705183197492498	0.17669051617927123	268.0,150.0,342.0,237.0	20.0,94.0,22.0,208.61621136186832
000020	94	300	TP	0.6359068067610781	90.01163209302361	1.3918678976366778	0.3412201668681343	292.0,270.0,379.0,350.0	20.0,94.0,22.0,184.0116320930236
000020	94	301	TP	0.3371880706025563	65.73538098428463	1.0152841921769804	0.45709751231378376	391.0,183.0,451.0,253.0	20.0,94.0,22.0,159.73538098428463
000020	104	302	TP	0.9941690962099126	267.62177604528745	2.468117742474224	0.15016813612557015	233.0,320.0,301.0,415.0	20.0,104.0,22.0,371.62177604528745
000020	104	303	TP	0.8689688954200343	205.1039364812755	2.0635817659735363	0.09256673833686668	203.0,277.0,276.0,352.0	20.0,104.0,22.0,309.10393648127547
000020	104	304	TP	0.8671385788184046	181.0665534567651	1.9803336821682342	0.1898545065725771	342.0,149.0,427.0,210.0	20.0,104.0,22.0,285.06655345676506
000020	104	305	TP	0.5420158008139814	157.17568914361345	0.2486354542297825	0.1919200237671436	281.0,231.0,342.0,320.0	20.0,104.0,22.0,261.17568914361345
000020	104	306	TP	0.5561497326203209	129.7853163371789	2.548306489880837	0.18818462806809055	416.0,244.0,476.0,312.0	20.0,104.0,22.0,233.7853163371789
000020	126	307	TP	0.9907235621521335	385.76321727789923	1.4902093805761556	0.19352313859500156	259.0,128.0,326.0,188.0	20.0,126.0,22.0,511.76321727789923
000020	126	308	TP	0.8704930095658573	366.0880618256987	1.4221671954690147	0.30468007515715556	321.0,130.0,380.0,188.0	20.0,126.0,22.0,492.0880618256987
000020	126	309	TP	0.8502262443438914	185.85808947422393	0.7694717661106747	0.1996773524371523	415.0,283.0,480.0,375.0	20.0,126.0,22.0,311.8580894742239
000020	126	310	TP	0.05124302384576357	132.20572372243004	2.3364111756501162	0.29016553236236464	326.0,192.0,416.0,259.0	20.0,126.0,22.0,258.20572372243004
000020	126	311	TP	0.7534908700322234	73.66784675323366	2.8025045278312573	0.4268855724733572	288.0,303.0,351.0,378.0	20.0,126.0,22.0,199.66784675323368
000020	133	312	TP	0.9887024991441288	266.5816228234411	1.4090939111205505	0.16471249718432654	339.0,114.0,400.0,173.0	20.0,133.0,22.0,399.5816228234411
000020	133	313	TP	0.9223880597014925	244.0155175148195	1.7510971364856496	0.13828415162931615	392.0,143.0,454.0,203.0	20.0,133.0,22.0,377.0155175148195
000020	133	314	TP	0.9232917920068758	225.68880521269108	1.3849438601619628	0.10987284001500065	350.0,328.0,439.0,409.0	20.0,133.0,22.0,358.6888052126911
000020	133	315	TP	0.12216320618058908	196.18641303377524	2.111236034454411	0.24354922384567523	352.0,198.0,428.0,286.0	20.0,133.0,22.0,329.18641303377524
000020	133	316	TP	0.6672060409924487	169.4626980725831	0.5019356173275685	0.043830496766566675	251.0,268.0,313.0,345.0	20.0,133.0,22.0,302.46269807258307
000020	160	317	TP	0.978531997546514	355.6220595527186	2.3745075139054426	0.05020544979705525	411.0,305.0,491.0,398.0	20.0,160.0,22.0,515.6220595527186
000020	160	318	TP	0.978353226785353	279.10610057895116	2.275648719235692	0.23243784276482557	355.0,312.0,419.0,411.0	20.0,160.0,22.0,439.10610057895116
000020	160	319	TP	0.7178643724696356	226.49075070132346	0.4826542214608466	0.15610873850722928	239.0,188.0,299.0,275.0	20.0,160.0,22.0,386.49075070132346
000020	160	320	TP	0.6847256999772365	119.4105609059293	0.39023984909288323	0.23434854664270333	306.0,278.0,399.0,342.0	20.0,160.0,22.0,279.4105609059293
000020	160	321	TP	0.2151680551565642	84.44090621228685	2.4237080230796457	0.30862372555786627	358.0,165.0,416.0,245.0	20.0,160.0,22.0,244.44090621228685
000020	167	322	TP	0.9980326578792051	316.43877592605673	0.1773306558732906	0.072078474765551	331.0,334.0,402.0,434.0	20.0,167.0,22.0,483.43877592605673
000020	167	323	TP	0.9649051214037951	142.78142966226693	1.825947282432922	0.15303672081056943	269.0,308.0,339.0,405.0	20.0,167.0,22.0,309.78142966226693
000020	167	324	TP	0.7457983193277311	107.37254081165497	1.9533615033840492	0.41000072973466317	277.0,157.0,356.0,237.0	20.0,167.0,22.0,274.37254081165497
000020	167	325	TP	0.7140864714086471	96.16056255371183	1.8165036246606985	0.03442034903654886	291.0,264.0,373.0,343.0	20.0,167.0,22.0,263.1605625537118
000020	167	326	TP	0.3519410597903089	84.45488344500191	2.4149541076082213	0.4181261161655906	398.0,190.0,457.0,268.0	20.0,167.0,22.0,251.4548834450019
000020	174	327	TP	0.9929121101660592	419.3221768098245	0.3091473509759513	0.11972009585637905	247.0,317.0,315.0,415.0	20.0,174.0,22.0,593.3221768098244
000020	174	328	TP	0.8415153553015019	355.726806361156	1.1412843026488984	0.15875375862194835	208.0,274.0,283.0,360.0	20.0,174.0,22.0,529.7268063611559
000020	174	329	TP	0.7707927677329625	287.6417276029529	0.10665028975820498	0.09553784634545162	330.0,158.0,415.0,220.0	20.0,174.0,22.0,461.6417276029529
000020	174	330	TP	0.6350877192982456	232.5025550247259	0.870161986721189	0.09957359190469621	284.0,239.0,345.0,324.0	20.0,174.0,22.0,406.5025550247259
000020	174	331	TP	0.553390063134779	100.45797477501613	0.30406602676586697	0.14386812258339685	415.0,228.0,475.0,307.0	20.0,174.0,22.0,274.4579747750161
000020	189	332	TP	0.99375	290.99660271934334	0.6400006876716499	0.16324979086652838	189.0,188.0,268.0,262.0	20.0,189.0,22.0,479.99660271934334
000020	189	333	TP	0.755868544600939	272.7358798249625	2.0708286874536306	0.28072910636252546	240.0,170.0,301.0,231.0	20.0,189.0,22.0,461.7358798249625
000020	189	334	TP	0.6860865290068829	253.46033527503243	0.648815878436912	0.1637368796368512	431.0,227.0,509.0,304.0	20.0,189.0,22.0,442.46033527503243
000020	189	335	TP	0.24276001007302947	224.7831408771044	2.1930201234793327	0.09097270824810198	295.0,210.0,383.0,271.0	20.0,189.0,22.0,413.7831408771044
000020	189	336	TP	0.5927669061184048	74.50919531335731	2.7527091039463025	0.5129092271213358	354.0,294.0,416.0,375.0	20.0,189.0,22.0,263.5091953133573
000020	197	337	TP	0.974009900990099	364.00292658655894	1.6005587770122778	0.1664252358029572	255.0,139.0,321.0,201.0	20.0,197.0,22.0,561.0029265865589
000020	197	338	TP	0.8030746705710102	339.44800997760126	1.651597270300939	0.12168756252815446	317.0,144.0,373.0,203.0	20.0,197.0,22.0,536.4480099776013
000020	197	339	TP	0.7886524822695036	312.4473769609383	2.2588729318076486	0.16600953042881345	419.0,278.0,483.0,366.0	20.0,197.0,22.0,509.4473769609383
000020	197	340	TP	0.05330929693535926	289.3607183596598	2.186630304715583	0.1275520595569928	324.0,200.0,414.0,263.0	20.0,197.0,22.0,486.3607183596598
000020	197	341	TP	0.7050359712230215	280.6220633301153	2.206314904452557	0.08530909268216384	291.0,289.0,355.0,375.0	20.0,197.0,22.0,477.6220633301153
000020	208	342	TP	0.9556135770234987	352.5452424176461	1.4864708359138024	0.14763851816708784	379.0,133.0,437.0,191.0	20.0,208.0,22.0,560.545242417646
000020	208	343	TP	0.8248417244498041	313.8962623064564	1.9021172519328395	0.1722234654987566	420.0,171.0,485.0,236.0	20.0,208.0,22.0,521.8962623064564
000020	208	344	TP	0.957584621813623	254.8878959931257	0.08920458219446885	0.0709022888309238	316.0,331.0,412.0,400.0	20.0,208.0,22.0,462.8878959931257
000020	208	345	TP	0.1590631861429617	220.6051971675942	1.827416613702457	0.12095987600366608	367.0,211.0,431.0,300.0	20.0,208.0,22.0,428.6051971675942
000020	208	346	TP	0.5156210947263185	210.94574660849972	0.797884013240051	0.04710902263031112	243.0,236.0,304.0,322.0	20.0,208.0,22.0,418.9457466084997
000020	217	347	TP	0.7786633966891477	380.5174168763615	0.9576462658957885	0.17026875294680924	445.0,184.0,511.0,248.0	20.0,217.0,22.0,597.5174168763615
000020	217	348	TP	0.8143469971401335	349.565648931579	2.4548739425819126	0.2534478011725175	452.0,220.0,522.0,306.0	20.0,217.0,22.0,566.5656489315791
000020	217	349	TP	0.9639600521059488	312.1855236625393	1.7939965085602545	0.08436219248179626	237.0,289.0,335.0,358.0	20.0,217.0,22.0,529.1855236625393
000020	217	350	TP	0.34559884559884557	284.8614658467135	0.6797960392878266	0.04587929091411468	372.0,237.0,444.0,321.0	20.0,217.0,22.0,501.8614658467135
000020	217	351	TP	0.44922680412371135	222.02908926823253	0.693477748956949	0.2195217970191284	259.0,190.0,317.0,278.0	20.0,217.0,22.0,439.0290892682325
000020	223	352	TP	0.87693822298794	363.2799931619543	2.3103367931485375	0.036527375338047126	460.0,226.0,537.0,297.0	20.0,223.0,22.0,586.2799931619543
000020	223	353	TP	0.9569336778639104	313.51036328805816	2.693708968924258	0.099395281251441	441.0,255.0,511.0,351.0	20.0,223.0,22.0,536.5103632880582
000020	223	354	TP	0.864326160815402	206.05754470035814	1.4610575104014667	0.08611286459651063	210.0,250.0,295.0,333.0	20.0,223.0,22.0,429.0575447003581
000020	223	355	TP	0.4350011423349326	116.37859259512464	1.8084355125536158	0.35347725261169227	345.0,254.0,438.0,326.0	20.0,223.0,22.0,339.37859259512464
000020	223	356	TP	0.26448294531672983	92.65299301781276	1.7636810041016417	0.4975596083391071	292.0,173.0,349.0,258.0	20.0,223.0,22.0,315.6529930178128
000020	230	357	TP	0.9943890274314214	406.001273659774	2.38708347672101	0.04596128925000406	431.0,273.0,515.0,364.0	20.0,230.0,22.0,636.0012736597739
000020	230	358	TP	0.9890577507598785	264.2844096446953	2.5515990891250544	0.1853500376965834	383.0,288.0,449.0,387.0	20.0,230.0,22.0,494.2844096446953
000020	230	359	TP	0.6497912317327766	238.63829455564095	1.9746435319975708	0.17735604203778965	228.0,208.0,287.0,293.0	20.0,230.0,22.0,468.638294555641
000020	230	360	TP	0.5346350534635054	219.43563163402573	2.066198700297356	0.08840342029797657	316.0,271.0,406.0,332.0	20.0,230.0,22.0,449.43563163402575
000020	230	361	TP	0.10104914411927111	85.22172743754224	2.338641699307251	0.4403885536787192	340.0,169.0,398.0,253.0	20.0,230.0,22.0,315.22172743754226
000020	234	362	TP	0.9936	329.25093557290677	0.2616683825257214	0.11778427087206757	397.0,296.0,475.0,394.0	20.0,234.0,22.0,563.2509355729068
000020	234	363	TP	0.9934131736526947	260.5553574979931	0.2863657112971211	0.019095177295066972	335.0,295.0,402.0,394.0	20.0,234.0,22.0,494.5553574979931
000020	234	364	TP	0.6226364127498649	124.51394034215309	0.5871385730787031	0.29387729264712814	249.0,188.0,310.0,271.0	20.0,234.0,22.0,358.5139403421531
000020	234	365	TP	0.5312711673063897	103.50555474594549	2.192687004595347	0.08534047415644712	301.0,271.0,394.0,336.0	20.0,234.0,22.0,337.50555474594546
000020	234	366	TP	0.15681943677526228	101.82446933523006	1.4212438607781568	0.2939875126712935	368.0,175.0,425.0,258.0	20.0,234.0,22.0,335.82446933523005
000020	240	367	TP	0.9938382031405287	422.5007811210059	0.11901594714369455	0.06227328654509869	324.0,315.0,395.0,414.0	20.0,240.0,22.0,662.500781121006
000020	240	368	TP	0.9578883739673585	342.3578308693754	0.4292044319261751	0.024159996667241376	263.0,287.0,333.0,386.0	20.0,240.0,22.0,582.3578308693754
000020	240	369	TP	0.42002743484224964	219.7714473906336	2.221440706925715	0.16517999346637036	281.0,171.0,360.0,244.0	20.0,240.0,22.0,459.7714473906336
000020	240	370	TP	0.6659393939393939	111.99562608203625	1.687977137650391	0.29530756314413487	291.0,262.0,371.0,335.0	20.0,240.0,22.0,351.99562608203627
000020	240	371	TP	0.33171521035598706	89.5585611190358	2.49355565546616	0.25440459453073205	399.0,194.0,458.0,278.0	20.0,240.0,22.0,329.5585611190358
000020	260	372	TP	0.9968461911693353	397.4881709428189	0.42997794022135033	0.17172194530493257	185.0,200.0,263.0,281.0	20.0,260.0,22.0,657.4881709428189
000020	260	373	TP	0.6401869158878505	275.45767599674633	1.4352012268281504	0.05511690424286882	230.0,185.0,291.0,252.0	20.0,260.0,22.0,535.4576759967463
000020	260	374	TP	0.5713549716640907	193.5702995960145	1.3433390937104466	0.15681179746666635	423.0,227.0,505.0,294.0	20.0,260.0,22.0,453.5702995960145
000020	260	375	TP	0.2263719512195122	96.36002659579765	1.1086198888671532	0.5120099992322202	289.0,218.0,377.0,279.0	20.0,260.0,22.0,356.36002659579765
000020	260	376	TP	0.4746459570580174	73.12632751517572	1.1499830224594376	0.4519154101925228	364.0,274.0,426.0,364.0	20.0,260.0,22.0,333.1263275151757
000020	269	377	TP	0.9642098877767667	364.15162847314673	0.8261815896957112	0.1515823549361863	251.0,152.0,318.0,216.0	20.0,269.0,22.0,633.1516284731467
000020	269	378	TP	0.670353193007492	292.5285481685748	1.4979553743557747	0.16200783666349097	312.0,159.0,367.0,220.0	20.0,269.0,22.0,561.5285481685748
000020	269	379	TP	0.6432404804497828	218.76005958572856	0.9342184834058337	0.17913867167639494	423.0,274.0,485.0,353.0	20.0,269.0,22.0,487.7600595857285
000020	269	380	TP	0.04001046025104602	147.51118530495765	2.5182644878578024	0.20676397305059532	323.0,207.0,411.0,269.0	20.0,269.0,22.0,416.5111853049576
000020	269	381	TP	0.6252216312056738	124.42406675983715	2.235805676052041	0.3663520695118066	294.0,273.0,358.0,366.0	20.0,269.0,22.0,393.42406675983716
000020	277	382	TP	0.8848791050162397	270.1723140199661	1.676492274852843	0.16488805364898634	340.0,142.0,399.0,201.0	20.0,277.0,22.0,547.172314019966
000020	277	383	TP	0.5331421287444232	241.45978302648217	1.1838625696515064	0.11972531186246566	391.0,166.0,451.0,233.0	20.0,277.0,22.0,518.4597830264822
000020	277	384	TP	0.8863054607508533	140.23359933505193	2.04261072579598	0.04191160793758904	350.0,312.0,440.0,386.0	20.0,277.0,22.0,417.23359933505196
000020	277	385	TP	0.10285569876168815	92.51256424182965	1.9321671493474502	0.04248616652268641	353.0,208.0,428.0,289.0	20.0,277.0,22.0,369.51256424182964
000020	277	386	TP	0.4507332722273144	75.58870058623658	0.4922853288969755	0.37400149386064774	251.0,245.0,313.0,337.0	20.0,277.0,22.0,352.5887005862366
000020	288	387	TP	0.6537037037037037	459.6445421051687	1.7121921142497665	0.21993686336836374	438.0,185.0,501.0,252.0	20.0,288.0,22.0,747.6445421051687
000020	288	388	TP	0.7263464337700145	404.7259410401657	2.0513820415106685	0.09029513593206873	449.0,212.0,519.0,299.0	20.0,288.0,22.0,692.7259410401657
000020	288	389	TP	0.9838813668600903	271.28427771284925	1.271329860345842	0.1697718921200645	246.0,281.0,343.0,350.0	20.0,288.0,22.0,559.2842777128492
000020	288	390	TP	0.23695198329853862	270.71961310133116	1.1048913390869495	0.13249467760834618	377.0,237.0,443.0,313.0	20.0,288.0,22.0,558.7196131013311
000020	288	391	TP	0.36608276212236607	115.2933091530048	1.5545429006304057	0.29091589020716163	256.0,197.0,314.0,286.0	20.0,288.0,22.0,403.29330915300477
000020	298	392	TP	0.9459941977237224	414.0289860080439	0.795527292657884	0.12794099442053175	455.0,237.0,536.0,322.0	20.0,298.0,22.0,712.0289860080438
000020	298	393	TP	0.9933218440327445	373.68758945451856	0.117645374238391	0.01595874696745165	421.0,256.0,490.0,353.0	20.0,298.0,22.0,671.6875894545185
000020	298	394	TP	0.7417959806664971	307.18513012273615	0.6858689646505298	0.27990609748314976	213.0,232.0,283.0,311.0	20.0,298.0,22.0,605.1851301227362
000020	298	395	TP	0.33241124942369754	267.7343226219221	2.0286058144521997	0.23915929217731324	333.0,257.0,426.0,322.0	20.0,298.0,22.0,565.734322621922
000020	298	396	TP	0.1457990115321252	259.2572925752894	2.576540132602616	0.1315447152268306	313.0,179.0,369.0,265.0	20.0,298.0,22.0,557.2572925752894
000020	305	397	TP	0.9849577580877807	482.7849573980984	2.5743812193122864	0.04693607287605449	407.0,272.0,488.0,370.0	20.0,305.0,22.0,787.7849573980984
000020	305	398	TP	0.9997933457325894	373.188652312497	2.573812137569558	0.12017165844839138	349.0,274.0,414.0,369.0	20.0,305.0,22.0,678.188652312497
000020	305	399	TP	0.44653349001175086	322.2342943917854	0.7995531361947791	0.10988182232923198	244.0,204.0,303.0,280.0	20.0,305.0,22.0,627.2342943917854
000020	305	400	TP	0.305265546981389	233.35358632808953	0.9474936060729333	0.12920438775239299	304.0,265.0,397.0,327.0	20.0,305.0,22.0,538.3535863280895
000020	305	401	TP	0.19763930826242107	201.07552330764472	0.5084768733365844	0.20049630078369438	360.0,182.0,417.0,268.0	20.0,305.0,22.0,506.07552330764474
000020	310	402	TP	0.9873392282958199	477.87891645725836	2.612456081438436	0.06862188754308449	350.0,287.0,423.0,388.0	20.0,310.0,22.0,787.8789164572584
000020	310	403	TP	0.9791967044284243	454.39157501365884	2.5904942356230816	0.06150078176243576	286.0,271.0,356.0,370.0	20.0,310.0,22.0,764.3915750136589
000020	310	404	TP	0.28679464805119254	254.42150898199046	2.3364855423961624	0.12381303293344754	271.0,191.0,342.0,261.0	20.0,310.0,22.0,564.4215089819904
000020	310	405	TP	0.3158147348212143	108.63179718179103	1.7371434403109471	0.29918433128608574	293.0,261.0,379.0,327.0	20.0,310.0,22.0,418.63179718179106
000020	310	406	TP	0.15208613728129206	80.71323620722995	1.6088009493063633	0.1461143941308714	390.0,192.0,447.0,278.0	20.0,310.0,22.0,390.71323620722995
000020	314	407	TP	0.9907297830374754	460.05056444132805	0.13397005443766294	0.04129430743938395	301.0,288.0,369.0,387.0	20.0,314.0,22.0,774.0505644413281
000020	314	408	TP	0.9172557172557173	403.83480377202375	0.22879792227455503	0.011070938202384242	241.0,261.0,315.0,359.0	20.0,314.0,22.0,717.8348037720237
000020	314	409	TP	0.04252873563218391	338.2349693865857	2.3357950944658508	0.154407176530483	296.0,186.0,377.0,250.0	20.0,314.0,22.0,652.2349693865857
000020	314	410	TP	0.41127292340884575	161.13102821014365	1.348952623815208	0.27241373496549554	292.0,255.0,363.0,322.0	20.0,314.0,22.0,475.13102821014365
000020	314	411	TP	0.3147089397089397	132.1026585099811	2.322427581719668	0.31565183875148944	407.0,203.0,465.0,290.0	20.0,314.0,22.0,446.1026585099811
000020	327	412	TP	0.9863929889298892	375.0255716719581	2.6296994705230707	0.1540123826026317	185.0,229.0,264.0,321.0	20.0,327.0,22.0,702.0255716719581
000020	327	413	TP	0.38214101904271747	344.41827582684516	2.4002962833049306	0.12417589748650303	203.0,208.0,272.0,288.0	20.0,327.0,22.0,671.4182758268452
000020	327	414	TP	0.40538336052202284	313.97982856482554	1.294085402188982	0.14326230289868208	394.0,212.0,478.0,269.0	20.0,327.0,22.0,640.9798285648255
000020	327	415	TP	0.1835236541598695	174.72314585670895	0.7277462160786823	0.10076248265533727	277.0,231.0,355.0,295.0	20.0,327.0,22.0,501.7231458567089
000020	327	416	TP	0.20963364993215738	167.5606446161459	1.1883102465106161	0.19289513160720959	396.0,246.0,456.0,340.0	20.0,327.0,22.0,494.5606446161459
000020	339	417	TP	0.9265294453973699	227.71791205837454	1.672847956193156	0.17288930324523488	233.0,171.0,304.0,242.0	20.0,339.0,22.0,566.7179120583745
000020	339	418	TP	0.4540522210918956	175.8407720979906	2.011862033986901	0.31736429146692763	294.0,173.0,349.0,242.0	20.0,339.0,22.0,514.8407720979906
000020	339	419	TP	0.4885236610937943	162.9718744418689	2.255198649441708	0.2738572307028518	432.0,263.0,497.0,331.0	20.0,339.0,22.0,501.97187444186886
000020	339	420	TP	0.010101010101010102	149.08700541628394	1.5049753258379568	0.3942761115608396	318.0,216.0,403.0,276.0	20.0,339.0,22.0,488.08700541628394
000020	339	421	TP	0.534588533953882	130.66857888556873	1.3756355123527324	0.27204239192331847	310.0,258.0,374.0,355.0	20.0,339.0,22.0,469.66857888556876
000020	346	422	TP	0.7405498281786942	464.0308532976669	1.759005973323709	0.10719499303028071	308.0,160.0,368.0,221.0	20.0,346.0,22.0,810.0308532976669
000020	346	423	TP	0.07322654462242563	222.21230894535154	1.664879392334989	0.08554210587482983	362.0,172.0,419.0,243.0	20.0,346.0,22.0,568.2123089453515
000020	346	424	TP	0.7709591688813723	134.20882831987564	1.6639917464430665	0.014730998956575425	380.0,290.0,456.0,361.0	20.0,346.0,22.0,480.20882831987564
000020	346	425	TP	0.04149377593360996	109.70915302715768	2.4561427825647804	0.40342209901797693	340.0,214.0,424.0,282.0	20.0,346.0,22.0,455.7091530271577
000020	346	426	TP	0.41828921461387003	81.3044957915232	0.4138043704956467	0.3229984954387785	263.0,244.0,326.0,339.0	20.0,346.0,22.0,427.3044957915232
000020	358	427	TP	0.6593987446316485	421.1166378505417	1.7515062331543685	0.19078465251436072	426.0,177.0,485.0,242.0	20.0,358.0,22.0,779.1166378505417
000020	358	428	TP	0.6180765357502518	420.45667877925274	2.1993695768752133	0.1300465192596273	444.0,204.0,514.0,288.0	20.0,358.0,22.0,778.4566787792528
000020	358	429	TP	0.9883268482490273	389.3887454916327	0.08909430941355381	0.06358277209031496	266.0,289.0,361.0,356.0	20.0,358.0,22.0,747.3887454916327
000020	358	430	TP	0.1308843537414966	345.25990023710784	1.067324712568302	0.09381849595279738	377.0,232.0,439.0,310.0	20.0,358.0,22.0,703.2599002371078
000020	358	431	TP	0.3550706669972725	182.7597025130608	1.3646342341322324	0.07962831600060466	250.0,204.0,308.0,293.0	20.0,358.0,22.0,540.7597025130608
000020	372	432	TP	0.9213164777680907	492.5009166433802	2.592674304173025	0.0748868605181636	442.0,237.0,526.0,329.0	20.0,372.0,22.0,864.5009166433802
000020	372	433	TP	0.9686183656276327	381.13869034575674	2.563004011840974	0.17198175562442852	398.0,245.0,466.0,341.0	20.0,372.0,22.0,753.1386903457567
000020	372	434	TP	0.5106124924196482	380.6397244425125	0.918944178217403	0.20617734925076733	224.0,226.0,285.0,296.0	20.0,372.0,22.0,752.6397244425125
000020	372	435	TP	0.2184431137724551	335.3787811510433	1.2574098329265133	0.07422486501303031	323.0,254.0,413.0,317.0	20.0,372.0,22.0,707.3787811510433
000020	372	436	TP	0.013246899661781286	309.31870025103194	2.66120661169032	0.055467455821777915	330.0,191.0,386.0,276.0	20.0,372.0,22.0,681.3187002510319
000020	378	437	TP	0.9695296523517383	496.7824713455453	2.553338813043356	0.09533902730068437	393.0,253.0,471.0,354.0	20.0,378.0,22.0,874.7824713455452
000020	378	438	TP	0.9638748738647831	486.56323872861543	2.5255250415434127	0.07114712955401653	330.0,250.0,398.0,348.0	20.0,378.0,22.0,864.5632387286155
000020	378	439	TP	0.4244393890152746	299.80017738854394	2.0894757116659632	0.21770874933129034	254.0,213.0,315.0,278.0	20.0,378.0,22.0,677.800177388544
000020	378	440	TP	0.13735381793166704	133.50956182558622	2.2588371138305265	0.08059634422884321	300.0,257.0,393.0,318.0	20.0,378.0,22.0,511.5095618255862
000020	378	441	TP	0.05708716235032024	103.96495552122008	1.4300845883140803	0.2986533796816066	370.0,195.0,426.0,280.0	20.0,378.0,22.0,481.9649555212201
000020	398	442	TP	0.9807058823529412	465.913294753076	2.6304018325369434	0.15815576077452223	187.0,223.0,266.0,316.0	20.0,398.0,22.0,863.913294753076
000020	398	443	TP	0.23191328459793295	365.9501914240327	2.5932657142172872	0.0458865702877634	202.0,209.0,272.0,294.0	20.0,398.0,22.0,763.9501914240327
000020	398	444	TP	0.0484097945398255	272.04078761846836	1.6825813917370156	0.32196583344182633	390.0,223.0,473.0,278.0	20.0,398.0,22.0,670.0407876184684
000020	398	445	TP	0.034195402298850576	265.4372587811272	2.025093049931293	0.2666033510390889	277.0,235.0,353.0,296.0	20.0,398.0,22.0,663.4372587811272
000020	398	446	TP	0.11101123595505619	99.12059145389684	1.1463961903237665	0.10550722437876736	398.0,234.0,458.0,328.0	20.0,398.0,22.0,497.12059145389685
000020	407	447	TP	0.9101425881086898	373.988584778316	0.41797443016156843	0.1880809883821291	205.0,194.0,281.0,272.0	20.0,407.0,22.0,780.988584778316
000020	407	448	TP	0.35831526788479406	341.818006404729	0.8466542464325219	0.0773951293449833	261.0,191.0,318.0,267.0	20.0,407.0,22.0,748.818006404729
000020	407	449	TP	0.09718144450968878	305.72808428764256	1.3302447498506802	0.1624517713608336	436.0,247.0,506.0,309.0	20.0,407.0,22.0,712.7280842876426
000020	407	450	TP	0.02010869565217391	265.94790926761937	0.8340693190490964	0.309092100887764	306.0,227.0,390.0,284.0	20.0,407.0,22.0,672.9479092676194
000020	407	451	TP	0.3846317581949766	263.1431867020263	1.92535489035776	0.18483849877690256	338.0,243.0,402.0,339.0	20.0,407.0,22.0,670.1431867020262
000020	413	452	TP	0.8318042813455657	304.27116071599175	0.776822325056253	0.17436549975198107	260.0,182.0,324.0,252.0	20.0,413.0,22.0,717.2711607159918
000020	413	453	TP	0.06225554106910039	219.1666536185059	1.0798592636199549	0.09357902584091697	319.0,185.0,372.0,259.0	20.0,413.0,22.0,632.166653618506
000020	413	454	TP	0.44778761061946903	122.63528824487003	2.935184838957295	0.20987313523774495	420.0,264.0,483.0,330.0	20.0,413.0,22.0,535.63528824487
000020	413	455	TP	0.011761561079925154	102.36583617527809	1.2955508242720906	0.3168856322365788	326.0,223.0,412.0,283.0	20.0,413.0,22.0,515.3658361752781
000020	413	456	TP	0.39260525753366105	87.06099026527383	2.157265917927208	0.2543520851810772	292.0,239.0,355.0,335.0	20.0,413.0,22.0,500.06099026527386
000020	431	457	TP	0.47856491334752205	364.0910546726334	1.891492639646356	0.20049937463156414	434.0,193.0,495.0,265.0	20.0,431.0,22.0,795.0910546726334
000020	431	458	TP	0.5867066466766616	236.72324954874625	2.326382675663676	0.1413950661684987	447.0,211.0,517.0,299.0	20.0,431.0,22.0,667.7232495487463
000020	431	459	TP	0.9652881937004499	180.85165278545153	1.0116340128389698	0.0942012730645041	251.0,267.0,347.0,334.0	20.0,431.0,22.0,611.8516527854515
000020	431	460	TP	0.06343713956170703	170.86994537578613	1.3159189421963886	0.08001095417150249	376.0,237.0,441.0,305.0	20.0,431.0,22.0,601.8699453757861
000020	431	461	TP	0.5479204339963833	83.73068123074675	2.455316867566809	0.19681238196314363	254.0,203.0,312.0,290.0	20.0,431.0,22.0,514.7306812307468
000020	442	462	TP	0.7526706920575941	488.5332495785502	2.704558250803763	0.11854799228233587	451.0,221.0,533.0,311.0	20.0,442.0,22.0,930.5332495785502
000020	442	463	TP	0.8587834963845172	331.95685029944394	2.799392370914725	0.270222428907438	417.0,225.0,485.0,321.0	20.0,442.0,22.0,773.9568502994439
000020	442	464	TP	0.59206106870229	309.25470223317444	1.9996645939123197	0.16608853010158847	217.0,235.0,283.0,298.0	20.0,442.0,22.0,751.2547022331744
000020	442	465	TP	0.06575857209957726	308.0685182941944	2.083580747385961	0.1560873079306826	331.0,246.0,423.0,308.0	20.0,442.0,22.0,750.0685182941944
000020	442	466	TP	0.0005880623346074683	93.18364401867288	2.576050084693336	0.38626323096421267	316.0,206.0,372.0,287.0	20.0,442.0,22.0,535.1836440186729
000020	450	467	TP	0.8898678414096917	494.85877199757016	2.458200288560703	0.16489042972945572	392.0,230.0,471.0,329.0	20.0,450.0,22.0,944.8587719975701
000020	450	468	TP	0.8644710578842315	402.6780287549173	0.36477907012903127	0.14431141407878523	330.0,228.0,397.0,327.0	20.0,450.0,22.0,852.6780287549172
000020	450	469	TP	0.05640842556229918	360.7524433660756	1.446491281993542	0.14110810012240602	255.0,228.0,315.0,286.0	20.0,450.0,22.0,810.7524433660756
000020	450	470	TP	0.01189365671641791	321.8111994693999	2.077309753886671	0.06160816860724518	300.0,248.0,392.0,309.0	20.0,450.0,22.0,771.8111994694
000020	450	471	TP	0.179732868757259	91.46731689445086	1.9510558372107671	0.13046945954406786	369.0,209.0,424.0,291.0	20.0,450.0,22.0,541.4673168944508
000020	463	472	TP	0.9765497553017944	383.80164979755926	0.39368729039798545	0.18192948001303946	239.0,225.0,308.0,322.0	20.0,463.0,22.0,846.8016497975593
000020	463	473	TP	0.38265185535334434	256.58473550118555	2.9786367452029143	0.08212594500163198	206.0,217.0,283.0,310.0	20.0,463.0,22.0,719.5847355011856
000020	463	474	TP	0.03782945736434108	204.30042835207055	1.469381536136804	0.1359594055760065	339.0,227.0,418.0,282.0	20.0,463.0,22.0,667.3004283520705
000020	463	475	TP	0.08409250175192712	123.9703366014418	1.504214471700783	0.19167181289692384	284.0,243.0,343.0,302.0	20.0,463.0,22.0,586.9703366014418
000020	463	476	TP	0.2706061374587877	81.76154020468539	2.6513135673501154	0.12311100278087504	414.0,218.0,472.0,306.0	20.0,463.0,22.0,544.7615402046854
000020	474	477	TP	0.9100052938062467	378.47203859288965	0.03370310529083332	0.06726300774491413	185.0,210.0,264.0,294.0	20.0,474.0,22.0,852.4720385928897
000020	474	478	TP	0.20915945266685285	272.4819499515762	2.5963895947277695	0.24590854577337046	224.0,206.0,286.0,288.0	20.0,474.0,22.0,746.4819499515762
000020	474	479	TP	0.06013986013986014	263.83732734771706	1.8890663622146895	0.12648291137169027	413.0,239.0,495.0,295.0	20.0,474.0,22.0,737.8373273477171
000020	474	480	TP	0.03596924766611752	121.58261742368306	1.043909958096649	0.27024992328948894	287.0,236.0,370.0,292.0	20.0,474.0,22.0,595.582617423683
000020	474	481	TP	0.10505050505050505	87.83907320489548	2.553178832060929	0.10662282714758621	376.0,226.0,437.0,319.0	20.0,474.0,22.0,561.8390732048955
000020	482	482	TP	0.7817969661610268	451.59451308020857	2.714940268794928	0.11435801567277515	230.0,201.0,301.0,277.0	20.0,482.0,22.0,933.5945130802086
000020	482	483	TP	0.20465994962216624	354.1198870983346	0.9111405446009184	0.12730415751156918	290.0,202.0,343.0,279.0	20.0,482.0,22.0,836.1198870983346
000020	482	484	TP	0.07192211055276382	296.5208514798772	1.5832589616826866	0.11076395179948674	433.0,250.0,498.0,310.0	20.0,482.0,22.0,778.5208514798771
000020	482	485	TP	0.009085746734809767	181.72188214090838	2.1586839915337466	0.150699726329605	317.0,233.0,400.0,291.0	20.0,482.0,22.0,663.7218821409084
000020	482	486	TP	0.2898518682290515	67.32405564421971	1.1510433787807497	0.05712680251110664	316.0,226.0,379.0,319.0	20.0,482.0,22.0,549.3240556442197
000020	491	487	TP	0.005361930294906166	288.8537852363125	2.183615529727776	0.14345549069380392	324.0,198.0,380.0,269.0	20.0,491.0,22.0,779.8537852363124
000020	491	488	TP	0.18660140715815235	283.3611832811978	1.2009692193619153	0.14996966417589913	374.0,203.0,430.0,282.0	20.0,491.0,22.0,774.3611832811978
000020	491	489	TP	0.5131610722047815	260.08820533209564	1.7736323448246059	0.32441303245436265	366.0,257.0,449.0,322.0	20.0,491.0,22.0,751.0882053320956
000020	491	490	TP	0.06328751431844215	146.34472816128516	1.9160304810152196	0.2433853776540246	346.0,233.0,425.0,293.0	20.0,491.0,22.0,637.3447281612852
000020	491	491	TP	0.11322081575246132	78.60800442213353	1.9913829692814429	0.17551497946454048	258.0,220.0,319.0,309.0	20.0,491.0,22.0,569.6080044221335
