#  Index into NumPy file "pose_data_tless-9-epos.npz".
#  Created at  6:46PM EDT on Sep 11, 2023
#    DATASET:   tless
#    OBJECT:    9
#    ESTIMATOR: epos
#  The errors reported in this file have taken discrete and continuous object symmetries into account.
#  Bounding boxes are recorded in pixel coordinates as ((upper-left x, y), (lower-right x, y)) with the origin in the upper-left.
#
#  When a row is marked as a TP, it does not necessarily mean that the bounding boxes overlap.
#  For each ground-truth instance, the prediction best overlapping that instance belongs to that ground-truth.
#  All TPs are in the corresponding *.npz file.
#
#  When a row is marked as a FN, it means that there is a ground-truth but the predictor failed to make a prediction at all.
#  FNs are NOT recorded in the *.npz at all.
#
#  When a row is marked as a FP, it means the predictor hallucinated; there is no corresponding ground-truth instance.
#  FPs are NOT recorded in the *.npz at all.
#
#  Scene  <t>  Frame  <t>  Index  <t>  Error cat.  <t>  Visibility ratio  <t>  Score  <t>  R_err(degrees)  <t>  t_err(meters)  <t>  Gr.Tr.BBox  <t>  Pred.BBox
000005	7	0	TP	0.932373499014278	0.0	1.0319682030730422	0.012873290225628137	318.0,79.0,455.0,270.0	5.0,7.0,14.0,7.0
000005	20	1	TP	0.9406756535501828	0.0	1.7808958080166983	0.002840235168157066	362.0,166.0,551.0,345.0	5.0,20.0,14.0,20.0
000005	25	2	TP	0.9385592080486361	0.0	1.4823753925132583	0.002382374160177178	361.0,223.0,552.0,364.0	5.0,25.0,14.0,25.0
000005	31	3	TP	0.9394627117749512	0.0	1.4021172723808057	0.004640684591197132	330.0,263.0,524.0,409.0	5.0,31.0,14.0,31.0
000005	43	4	TP	0.9463161209068011	0.0	1.124989329281573	0.013232288303290225	262.0,258.0,404.0,459.0	5.0,43.0,14.0,43.0
000005	56	5	TP	0.920222746807094	0.0	1.5696699291403684	0.004767597391207759	164.0,194.0,357.0,367.0	5.0,56.0,14.0,56.0
000005	64	6	TP	0.9326686520782079	0.0	1.864884997518587	0.0050137390902336475	182.0,174.0,362.0,268.0	5.0,64.0,14.0,64.0
000005	70	7	TP	0.9168360864040661	0.0	2.3820740109803995	0.003389791280350787	219.0,107.0,410.0,261.0	5.0,70.0,14.0,70.0
000005	81	8	TP	0.9477805139862348	0.0	1.044832373974028	0.01384877792566992	338.0,87.0,458.0,277.0	5.0,81.0,14.0,81.0
000005	86	9	TP	0.950922421948912	0.0	1.066688118084328	0.005439838590061322	360.0,109.0,499.0,308.0	5.0,86.0,14.0,86.0
000005	94	10	TP	0.9139250191277736	0.0	1.1294541012908268	0.003958456933415455	362.0,186.0,554.0,351.0	5.0,94.0,14.0,94.0
000005	100	11	TP	0.9040907164052565	0.0	1.581919119120268	0.0034701143262905027	359.0,250.0,542.0,363.0	5.0,100.0,14.0,100.0
000005	107	12	TP	0.9310910582444627	0.0	1.2305517567949174	0.004091158448276033	302.0,263.0,503.0,438.0	5.0,107.0,14.0,107.0
000005	117	13	TP	0.9493164214794406	0.0	1.5340209728857996	0.009935896254853839	261.0,239.0,384.0,449.0	5.0,117.0,14.0,117.0
000005	127	14	TP	0.913263079129513	0.0	2.2705198339175583	0.003940463966337746	167.0,195.0,356.0,377.0	5.0,127.0,14.0,127.0
000005	138	15	TP	0.8892608638571616	0.0	4.6570995867143825	0.005944354240446395	194.0,155.0,375.0,265.0	5.0,138.0,14.0,138.0
000005	149	16	TP	0.931073192635833	0.0	1.8091858862366996	0.030028110205681382	299.0,99.0,448.0,277.0	5.0,149.0,14.0,149.0
000005	171	17	TP	0.9027866073320618	0.0	3.2658710907234725	0.0035748347163469846	360.0,244.0,544.0,359.0	5.0,171.0,14.0,171.0
000005	188	18	TP	0.9470485652380701	0.0	2.5169594304411893	0.016794965401749642	262.0,228.0,392.0,441.0	5.0,188.0,14.0,188.0
000005	195	19	TP	0.945558562992126	0.0	4.053327285208901	0.005071783416401858	187.0,206.0,357.0,401.0	5.0,195.0,14.0,195.0
000005	208	20	TP	0.9260639950295123	0.0	8.197374443769991	0.007142124272221687	188.0,173.0,362.0,274.0	5.0,208.0,14.0,208.0
000005	215	21	TP	0.8571523266604799	0.0	2.875031290747309	0.006834989763815666	233.0,116.0,416.0,270.0	5.0,215.0,14.0,215.0
000005	221	22	TP	0.8145747707872273	0.0	8.51711399110635	0.10273004223179724	295.0,116.0,446.0,281.0	5.0,221.0,14.0,221.0
000005	239	23	TP	0.9032397175354429	0.0	4.087206324647105	0.012888629053839123	362.0,194.0,553.0,347.0	5.0,239.0,14.0,239.0
000005	247	24	TP	0.9286879976262301	0.0	2.39395106146879	0.004666716618161116	334.0,241.0,527.0,380.0	5.0,247.0,14.0,247.0
000005	254	25	TP	0.9349160044261141	0.0	2.7367807255172076	0.006423883909338287	282.0,233.0,477.0,428.0	5.0,254.0,14.0,254.0
000005	280	26	TP	0.9811606493821178	0.0	7.710898671124844	0.01053574951830122	189.0,180.0,361.0,283.0	5.0,280.0,14.0,280.0
000005	290	27	TP	0.5764914772727273	0.0	54.423849703308626	0.10604292317496425	257.0,143.0,427.0,285.0	5.0,290.0,14.0,290.0
000005	293	28	TP	0.47630522088353416	0.0	176.21555476647805	0.20242211059160048	289.0,137.0,442.0,286.0	5.0,293.0,14.0,293.0
000005	306	29	TP	0.9053218242370693	0.0	2.1002104465915394	0.03505536286442734	363.0,163.0,524.0,324.0	5.0,306.0,14.0,306.0
000005	317	30	TP	0.9317372378314207	0.0	2.4125396885997468	0.002351365734145906	357.0,229.0,539.0,346.0	5.0,317.0,14.0,317.0
000005	324	31	TP	0.9276708692767087	0.0	2.8258104994862254	0.004116074262818996	298.0,225.0,501.0,394.0	5.0,324.0,14.0,324.0
000005	332	32	TP	0.9681454097350586	0.0	2.6118186627991413	0.02737085979233167	264.0,212.0,407.0,404.0	5.0,332.0,14.0,332.0
000005	341	33	TP	0.9417136553076735	0.0	4.669284807193693	0.03455202467086305	178.0,197.0,356.0,364.0	5.0,341.0,14.0,341.0
000005	348	34	TP	0.987793748574036	0.0	4.0316013969848745	0.025178551001614553	171.0,188.0,358.0,319.0	5.0,348.0,14.0,348.0
000005	353	35	TP	0.9752818733738075	0.0	2.9426944656868876	0.02290392649285933	195.0,183.0,362.0,288.0	5.0,353.0,14.0,353.0
000005	364	*	FN	0.29716511936339524	*	*	*	285.0,160.0,439.0,291.0	*
000005	377	36	TP	0.8955835257317346	0.0	1.6983306440073787	0.02784285273715411	363.0,175.0,518.0,317.0	5.0,377.0,14.0,377.0
000005	386	37	TP	0.9454796764615542	0.0	2.650024248855809	0.007000702412955353	361.0,209.0,548.0,329.0	5.0,386.0,14.0,386.0
000005	393	38	TP	0.9545497630331754	0.0	3.5182091431717635	0.004945740381507506	318.0,216.0,516.0,358.0	5.0,393.0,14.0,393.0
000005	409	39	TP	0.9503789950769712	0.0	2.1962946570367925	0.04539764204350275	212.0,200.0,362.0,356.0	5.0,409.0,14.0,409.0
000005	423	40	TP	0.8365605712211062	0.0	9.810548827013324	0.03253228193636149	192.0,191.0,359.0,297.0	5.0,423.0,14.0,423.0
000005	436	*	FN	0.3977197620621282	*	*	*	280.0,185.0,435.0,298.0	*
000005	450	41	TP	0.8875009698192257	0.0	4.271376140570579	0.017053464581661067	362.0,194.0,519.0,311.0	5.0,450.0,14.0,450.0
000005	458	42	TP	0.9521804030280414	0.0	4.423440272217421	0.006714704227456407	361.0,206.0,548.0,317.0	5.0,458.0,14.0,458.0
000005	463	43	TP	0.9706772988795801	0.0	4.496329164524108	0.003215335926064031	339.0,206.0,524.0,327.0	5.0,463.0,14.0,463.0
000005	468	44	TP	0.9673021831472883	0.0	5.439949517912119	0.010150576230618925	300.0,205.0,500.0,338.0	5.0,468.0,14.0,468.0
000005	475	45	TP	0.9460762498145676	0.0	57.28963350580624	0.4633274974396152	267.0,203.0,420.0,341.0	5.0,475.0,14.0,475.0
000005	486	46	TP	0.9843064565956132	0.0	2.7126478977977944	0.038201833512336775	175.0,198.0,357.0,322.0	5.0,486.0,14.0,486.0
000005	493	47	TP	0.8567010910788261	0.0	11.640894575581328	0.09505723176293147	179.0,196.0,358.0,304.0	5.0,493.0,14.0,493.0
000011	4	48	TP	0.9896061269146609	0.0	2.825526346656379	0.0019912780115720267	140.0,225.0,334.0,358.0	11.0,4.0,20.0,4.0
000011	12	49	TP	0.9808254293770828	0.0	1.7374781700315027	0.007305002451418551	153.0,118.0,350.0,310.0	11.0,12.0,20.0,12.0
000011	23	50	TP	0.9768038482095136	0.0	0.39249077187500725	0.0074833982485655965	267.0,58.0,412.0,247.0	11.0,23.0,20.0,23.0
000011	32	51	TP	0.972577891591976	0.0	2.483366748657092	0.003102418831815597	328.0,85.0,530.0,259.0	11.0,32.0,20.0,32.0
000011	37	52	TP	0.976894541600424	0.0	2.1847345366361433	0.004283169765610002	373.0,144.0,558.0,271.0	11.0,37.0,20.0,37.0
000011	44	53	TP	0.9772450841273059	0.0	2.2619178611858772	0.006560327615886921	378.0,188.0,585.0,364.0	11.0,44.0,20.0,44.0
000011	54	54	TP	0.9647153167602245	0.0	2.685955391927827	0.0101838999159912	355.0,265.0,509.0,464.0	11.0,54.0,20.0,54.0
000011	61	55	TP	0.965708428458277	0.0	2.344868820764167	0.013661559570960696	267.0,281.0,444.0,491.0	11.0,61.0,20.0,61.0
000011	69	56	TP	0.982387288216713	0.0	1.774574269325762	0.0013245643877672778	171.0,264.0,383.0,447.0	11.0,69.0,20.0,69.0
000011	76	57	TP	0.9715326220763233	0.0	1.1938816442278033	0.0018717903333637655	143.0,232.0,334.0,353.0	11.0,76.0,20.0,76.0
000011	92	58	TP	0.982066609735269	0.0	0.6670555507000354	0.003046417781380174	251.0,81.0,369.0,263.0	11.0,92.0,20.0,92.0
000011	99	59	TP	0.9838107813307309	0.0	1.9212264130946084	0.0037494800746081486	288.0,72.0,462.0,253.0	11.0,99.0,20.0,99.0
000011	106	60	TP	0.9764288574861262	0.0	0.9512047624535184	0.0060066102582663075	342.0,110.0,539.0,259.0	11.0,106.0,20.0,106.0
000011	114	61	TP	0.976146288209607	0.0	3.191063270356003	0.009023072885479213	382.0,177.0,574.0,316.0	11.0,114.0,20.0,114.0
000011	138	62	TP	0.9818266325819196	0.0	1.8304988979345826	0.004320592682063401	200.0,266.0,414.0,466.0	11.0,138.0,20.0,138.0
000011	151	63	TP	0.9291997654209095	0.0	0.7267423747447335	0.002019398796485539	134.0,187.0,340.0,333.0	11.0,151.0,20.0,151.0
000011	174	64	TP	0.9630761554294268	0.0	0.5240370764430174	0.0030530507082960653	315.0,103.0,504.0,261.0	11.0,174.0,20.0,174.0
000011	179	65	TP	0.9142401512019372	0.0	2.487095430410218	0.004926904510337158	355.0,139.0,546.0,270.0	11.0,179.0,20.0,179.0
000011	185	66	TP	0.925249915758733	0.0	2.1762879099729915	0.00651783152727242	383.0,181.0,570.0,311.0	11.0,185.0,20.0,185.0
000011	193	67	TP	0.9605210420841683	0.0	2.1233915535605803	0.004161350717504299	367.0,218.0,572.0,407.0	11.0,193.0,20.0,193.0
000011	204	68	TP	0.9812542449626444	0.0	0.9439636558571501	0.01154351194418705	280.0,261.0,450.0,469.0	11.0,204.0,20.0,204.0
000011	216	69	TP	0.9142120951851664	0.0	1.5689563832081752	0.0033316519022835674	159.0,244.0,359.0,380.0	11.0,216.0,20.0,216.0
000011	226	70	TP	0.9442272912898897	0.0	1.1138237857568454	0.0018530176363852732	145.0,168.0,345.0,320.0	11.0,226.0,20.0,226.0
000011	242	71	TP	0.97027570361861	0.0	1.9864736393263749	0.0035432455711820747	285.0,112.0,446.0,269.0	11.0,242.0,20.0,242.0
000011	251	72	TP	0.8425752466591733	0.0	1.251487652320042	0.01216197997446505	351.0,151.0,541.0,277.0	11.0,251.0,20.0,251.0
000011	262	73	TP	0.9145116477879889	0.0	0.8109500327625178	0.007129197170740982	375.0,202.0,583.0,360.0	11.0,262.0,20.0,262.0
000011	281	74	TP	0.9384752773077646	0.0	1.0471241342526219	0.004112746149282204	208.0,250.0,423.0,438.0	11.0,281.0,20.0,281.0
000011	293	75	TP	0.7867893881970763	0.0	3.5584771259114865	0.011889009926371995	136.0,209.0,337.0,333.0	11.0,293.0,20.0,293.0
000011	312	76	TP	0.908291775843124	0.0	1.7830479297592394	0.013016312401095286	278.0,138.0,421.0,278.0	11.0,312.0,20.0,312.0
000011	322	77	TP	0.7389354650029245	0.0	2.756859079682937	0.02105335905375032	348.0,165.0,535.0,284.0	11.0,322.0,20.0,322.0
000011	331	78	TP	0.8580645161290322	0.0	0.8189761937745302	0.012476574182191492	380.0,198.0,575.0,332.0	11.0,331.0,20.0,331.0
000011	346	79	TP	0.9632183908045977	0.0	0.8054697012946808	0.009219505741880539	319.0,239.0,458.0,417.0	11.0,346.0,20.0,346.0
000011	354	80	TP	0.935518226267125	0.0	2.0314236222519355	0.012704953272885506	191.0,239.0,412.0,404.0	11.0,354.0,20.0,354.0
000011	359	81	TP	0.8687596244597884	0.0	1.248478318876769	0.013097592887696675	162.0,235.0,366.0,370.0	11.0,359.0,20.0,359.0
000011	368	82	TP	0.6869795842842163	0.0	2.5449175366660843	0.012289698242582277	143.0,196.0,343.0,317.0	11.0,368.0,20.0,368.0
000011	374	83	TP	0.7359973796265968	0.0	1.32146193070196	0.020228666730350967	189.0,177.0,355.0,300.0	11.0,374.0,20.0,374.0
000011	382	84	TP	0.7824143070044709	0.0	1.4156402525110636	0.003255299726054652	270.0,167.0,390.0,286.0	11.0,382.0,20.0,382.0
000011	388	85	TP	0.6025865665415102	0.0	3.02551380562658	0.04729956887174445	302.0,170.0,471.0,287.0	11.0,388.0,20.0,388.0
000011	397	86	TP	0.6378061627600737	0.0	2.563924252942675	0.007890576624407385	371.0,196.0,549.0,295.0	11.0,397.0,20.0,397.0
000011	405	87	TP	0.8557895337556355	0.0	1.1887459229496233	0.00621658047806282	376.0,208.0,578.0,338.0	11.0,405.0,20.0,405.0
000011	412	88	TP	0.9548876782763053	0.0	2.113954251579983	0.014669662222458047	360.0,221.0,548.0,371.0	11.0,412.0,20.0,412.0
000011	421	89	TP	0.9481311515005133	0.0	1.1754253744634797	0.016696103559009953	262.0,232.0,446.0,386.0	11.0,421.0,20.0,421.0
000011	431	90	TP	0.8636997263668749	0.0	3.893232061416993	0.014267899937375938	164.0,228.0,366.0,350.0	11.0,431.0,20.0,431.0
000011	441	91	TP	0.5385427666314678	0.0	29.023911068180624	0.12319685603232632	151.0,206.0,345.0,309.0	11.0,441.0,20.0,441.0
000011	452	92	TP	0.4328810623556582	0.0	16.50016155565042	0.023771684940160742	264.0,197.0,369.0,295.0	11.0,452.0,20.0,452.0
000011	459	93	TP	0.33480956598759964	0.0	132.58933140951854	0.4490877344778028	297.0,198.0,457.0,295.0	11.0,459.0,20.0,459.0
000011	469	94	TP	0.5489422732162065	0.0	11.736687949728566	0.03790840153437687	371.0,211.0,546.0,301.0	11.0,469.0,20.0,469.0
000011	476	95	TP	0.7574465416692795	0.0	3.8710359698067274	0.0062523002312346474	378.0,214.0,573.0,322.0	11.0,476.0,20.0,476.0
000011	486	96	TP	0.9689609684177853	0.0	1.9961895315333091	0.005657692376399808	355.0,222.0,521.0,345.0	11.0,486.0,20.0,486.0
000011	497	97	TP	0.9521009362868235	0.0	3.1575366878589173	0.04261847023319349	205.0,224.0,420.0,344.0	11.0,497.0,20.0,497.0
000012	2	98	TP	0.9573941045330691	0.0	1.1356918626247654	0.00454708253414899	327.0,272.0,519.0,411.0	12.0,2.0,21.0,2.0
000012	7	99	TP	0.9626127009016072	0.0	1.7551273061724193	0.0030354703348938893	281.0,282.0,482.0,440.0	12.0,7.0,21.0,7.0
000012	14	100	TP	0.9620654346872105	0.0	2.722803138208228	0.009566494339152772	221.0,253.0,420.0,460.0	12.0,14.0,21.0,14.0
000012	26	101	TP	0.9725830466704318	0.0	4.400932837094251	0.011251081093918513	172.0,180.0,342.0,375.0	12.0,26.0,21.0,26.0
000012	34	102	TP	0.9895078004834102	0.0	4.133217787402919	0.011240211807075833	175.0,129.0,376.0,298.0	12.0,34.0,21.0,34.0
000012	43	103	TP	0.9777016400808807	0.0	2.1409108312402485	0.005013184024196569	241.0,100.0,432.0,243.0	12.0,43.0,21.0,43.0
000012	49	104	TP	0.9592216027112714	0.0	2.149772452490114	0.005963862876698508	291.0,81.0,486.0,267.0	12.0,49.0,21.0,49.0
000012	60	105	TP	0.9389598255995018	0.0	3.692741266006845	0.011964061154736815	384.0,140.0,522.0,328.0	12.0,60.0,21.0,60.0
000012	66	106	TP	0.933922261484099	0.0	2.866447698367217	0.010110455823084206	359.0,185.0,555.0,384.0	12.0,66.0,21.0,66.0
000012	73	107	TP	0.9816606207174526	0.0	2.80202640036758	0.009181660900114437	332.0,250.0,535.0,399.0	12.0,73.0,21.0,73.0
000012	83	108	TP	0.9750217412310368	0.0	1.8021703655964407	0.005694813942901442	244.0,262.0,457.0,446.0	12.0,83.0,21.0,83.0
000012	100	109	TP	0.9797010811956752	0.0	3.442032892453672	0.007264106662883098	166.0,169.0,350.0,358.0	12.0,100.0,21.0,100.0
000012	108	110	TP	0.9711088745485762	0.0	5.0169515335733985	0.009791542825481461	188.0,133.0,381.0,276.0	12.0,108.0,21.0,108.0
000012	117	111	TP	0.9564669904659111	0.0	3.0878697689257035	0.009438231345646614	254.0,103.0,447.0,247.0	12.0,117.0,21.0,117.0
000012	130	112	TP	0.9493539202803329	0.0	3.041622573890469	0.010644628967010267	387.0,129.0,505.0,311.0	12.0,130.0,21.0,130.0
000012	137	113	TP	0.9432657064684322	0.0	3.1524848833239436	0.006414131818874052	366.0,175.0,551.0,363.0	12.0,137.0,21.0,137.0
000012	142	114	TP	0.9679907248714588	0.0	1.5962439352581295	0.007331988348034604	344.0,218.0,553.0,393.0	12.0,142.0,21.0,142.0
000012	148	115	TP	0.9410603068509797	0.0	3.4987157697494116	0.002263328146328824	314.0,276.0,501.0,390.0	12.0,148.0,21.0,148.0
000012	171	116	TP	0.986104135275406	0.0	2.695725610404065	0.006758066841914442	167.0,173.0,348.0,358.0	12.0,171.0,21.0,171.0
000012	177	117	TP	0.9130434782608695	0.0	4.123893138262627	0.003137535605327614	175.0,150.0,372.0,302.0	12.0,177.0,21.0,177.0
000012	190	118	TP	0.8958812201031248	0.0	3.564104695356242	0.00773711130014208	268.0,115.0,459.0,261.0	12.0,190.0,21.0,190.0
000012	199	119	TP	0.9623960467638906	0.0	2.54386540512797	0.012071545323951393	360.0,123.0,506.0,301.0	12.0,199.0,21.0,199.0
000012	207	120	TP	0.9560864996405066	0.0	3.6459793998810532	0.0033490911250657032	373.0,166.0,541.0,351.0	12.0,207.0,21.0,207.0
000012	215	121	TP	0.9375963812069498	0.0	1.988418885729248	0.003812128544819738	338.0,232.0,547.0,385.0	12.0,215.0,21.0,215.0
000012	221	122	TP	0.9220027420910983	0.0	3.005262054144502	0.005057957776476555	308.0,266.0,497.0,385.0	12.0,221.0,21.0,221.0
000012	228	123	TP	0.9303097893432466	0.0	1.5365477085351866	0.0032716232521026317	234.0,244.0,448.0,416.0	12.0,228.0,21.0,228.0
000012	239	124	TP	0.967995444191344	0.0	3.25113775910715	0.004759160892636621	195.0,201.0,331.0,379.0	12.0,239.0,21.0,239.0
000012	249	125	TP	0.8972327197366817	0.0	1.404543682719281	0.0031274663662221977	174.0,161.0,370.0,308.0	12.0,249.0,21.0,249.0
000012	260	126	TP	0.8638467053379392	0.0	4.088519984054696	0.007622786285010392	250.0,139.0,433.0,264.0	12.0,260.0,21.0,260.0
000012	284	127	TP	0.9319055464030752	0.0	3.081443324451684	0.001709726651660236	353.0,202.0,556.0,366.0	12.0,284.0,21.0,284.0
000012	298	128	TP	0.9242537873106345	0.0	1.6876948419050781	0.011334587640701551	246.0,240.0,462.0,394.0	12.0,298.0,21.0,298.0
000012	307	129	TP	0.9516019086571234	0.0	1.8594960749878735	0.011570116828203428	216.0,213.0,358.0,381.0	12.0,307.0,21.0,307.0
000012	319	130	TP	0.8558013487111615	0.0	2.2961742317177922	0.009283743011559495	171.0,176.0,364.0,317.0	12.0,319.0,21.0,319.0
000012	336	131	TP	0.8435589289479233	0.0	2.9867263046843737	0.01101269921795143	289.0,149.0,472.0,282.0	12.0,336.0,21.0,336.0
000012	343	132	TP	0.9462835727670206	0.0	2.9314522233045897	0.01984326186595017	360.0,157.0,504.0,303.0	12.0,343.0,21.0,343.0
000012	350	133	TP	0.9536630296159841	0.0	2.47516098578147	0.004718310970048039	376.0,179.0,528.0,334.0	12.0,350.0,21.0,350.0
000012	357	134	TP	0.9173751180752348	0.0	0.8875864633507183	0.00865796747656454	347.0,214.0,553.0,360.0	12.0,357.0,21.0,357.0
000012	363	135	TP	0.9442798179701556	0.0	5.6380255056065405	0.018021579744762217	325.0,239.0,515.0,349.0	12.0,363.0,21.0,363.0
000012	368	136	TP	0.9270394970339197	0.0	1.0383411996465903	0.00269787791135715	266.0,234.0,477.0,366.0	12.0,368.0,21.0,368.0
000012	383	137	TP	0.9387658601938687	0.0	2.3920147067467585	0.0028324862826628605	192.0,205.0,335.0,343.0	12.0,383.0,21.0,383.0
000012	387	138	TP	0.8572344518059415	0.0	2.938115390963702	0.009099021610646567	170.0,196.0,349.0,329.0	12.0,387.0,21.0,387.0
000012	393	139	TP	0.5953912111468381	0.0	2.415690777181201	0.00662982115008726	184.0,188.0,372.0,304.0	12.0,393.0,21.0,393.0
000012	399	140	TP	0.5797373358348968	0.0	5.150336748991479	0.04422873963653438	232.0,189.0,393.0,282.0	12.0,399.0,21.0,399.0
000012	409	141	TP	0.7696629213483146	0.0	3.067242705020822	0.022066556292455738	299.0,173.0,476.0,292.0	12.0,409.0,21.0,409.0
000012	423	142	TP	0.9349070100143062	0.0	1.8527919399105728	0.015891642107188863	373.0,196.0,533.0,329.0	12.0,423.0,21.0,423.0
000012	438	143	TP	0.9202633504023409	0.0	7.466320456343276	0.014321560594430955	298.0,226.0,488.0,335.0	12.0,438.0,21.0,438.0
000012	455	144	TP	0.9594580724622807	0.0	2.488395436333495	0.013379256614693195	199.0,212.0,332.0,325.0	12.0,455.0,21.0,455.0
000012	471	145	TP	0.36276679841897236	0.0	125.05603558138247	0.34272848560682667	231.0,205.0,390.0,291.0	12.0,471.0,21.0,471.0
000012	482	146	TP	0.5736941906567833	0.0	31.254279386581207	0.15563583315156396	304.0,198.0,478.0,297.0	12.0,482.0,21.0,482.0
000012	490	147	TP	0.6289463909867525	0.0	33.33454814893804	0.240895373142426	383.0,204.0,501.0,307.0	12.0,490.0,21.0,490.0
000017	3	148	TP	0.9747170161439971	0.0	3.460973760075153	0.011389198328341356	322.0,262.0,535.0,437.0	17.0,3.0,26.0,3.0
000017	10	149	TP	0.9774401683979317	0.0	3.826167600322695	0.006064576696138208	256.0,295.0,461.0,448.0	17.0,10.0,26.0,10.0
000017	14	150	TP	0.9713596211638285	0.0	2.3265913820291506	0.01120063078082532	212.0,269.0,428.0,462.0	17.0,14.0,26.0,14.0
000017	22	151	TP	0.9696884384384384	0.0	3.0215833295617225	0.015064893978990043	184.0,216.0,338.0,417.0	17.0,22.0,26.0,22.0
000017	29	152	TP	0.9740164415736935	0.0	2.63057584549509	0.0031602076548127495	158.0,153.0,330.0,351.0	17.0,29.0,26.0,29.0
000017	41	153	TP	0.9831568816169394	0.0	3.892107022602519	0.007099200708850638	217.0,100.0,406.0,226.0	17.0,41.0,26.0,41.0
000017	50	154	TP	0.9927489869908296	0.0	3.880165025072766	0.008919818618818935	294.0,66.0,497.0,250.0	17.0,50.0,26.0,50.0
000017	60	155	TP	0.9707692307692307	0.0	1.3913506574145469	0.004193263727130438	399.0,125.0,533.0,312.0	17.0,60.0,26.0,60.0
000017	72	156	TP	0.9773998026593995	0.0	1.8442282880485323	0.007886754392715543	344.0,217.0,560.0,413.0	17.0,72.0,26.0,72.0
000017	85	157	TP	0.9798248429547435	0.0	2.390214235746708	0.007433231970750199	224.0,270.0,442.0,439.0	17.0,85.0,26.0,85.0
000017	92	158	TP	0.9722628425869144	0.0	2.9278635708014877	0.011489209417979332	183.0,226.0,367.0,426.0	17.0,92.0,26.0,92.0
000017	107	159	TP	0.9587623279505798	0.0	1.285541692982942	0.0020808912412427676	163.0,119.0,366.0,287.0	17.0,107.0,26.0,107.0
000017	121	160	TP	0.9644408409104072	0.0	1.257980103964882	0.009472485045162364	283.0,77.0,480.0,237.0	17.0,121.0,26.0,121.0
000017	128	161	TP	0.9602903501280956	0.0	1.1699807176656842	0.002877522065148056	352.0,92.0,532.0,282.0	17.0,128.0,26.0,128.0
000017	136	162	TP	0.9608759842519685	0.0	1.2475839055556617	0.009176109325302976	400.0,150.0,542.0,345.0	17.0,136.0,26.0,136.0
000017	151	163	TP	0.9344790039293661	0.0	3.839712513600737	0.003988679548102817	299.0,270.0,496.0,402.0	17.0,151.0,26.0,151.0
000017	159	164	TP	0.9648035101106448	0.0	3.304854056170074	0.011051506471059808	204.0,252.0,423.0,422.0	17.0,159.0,26.0,159.0
000017	168	165	TP	0.9743112434847356	0.0	1.3576347733918541	0.01908646040533928	192.0,194.0,320.0,382.0	17.0,168.0,26.0,168.0
000017	184	166	TP	0.9074052132701422	0.0	2.870519019216359	0.007319914829140197	209.0,124.0,397.0,244.0	17.0,184.0,26.0,184.0
000017	189	167	TP	0.89937106918239	0.0	3.1615896679936366	0.004942092044005763	256.0,107.0,433.0,232.0	17.0,189.0,26.0,189.0
000017	195	168	TP	0.9049389272437599	0.0	1.9358025529382221	0.0019635183359893644	303.0,92.0,498.0,255.0	17.0,195.0,26.0,195.0
000017	200	169	TP	0.9560639690398953	0.0	1.9641728018026554	0.006183854374173752	353.0,102.0,530.0,286.0	17.0,200.0,26.0,200.0
000017	215	170	TP	0.9772749391727494	0.0	0.7942097856628973	0.005347395770363666	353.0,203.0,563.0,390.0	17.0,215.0,26.0,215.0
000017	224	171	TP	0.9415692821368948	0.0	3.470099484914896	0.0027548624691464004	293.0,260.0,490.0,389.0	17.0,224.0,26.0,224.0
000017	231	172	TP	0.9433889478252483	0.0	4.975136118704111	0.019771070846738913	209.0,244.0,430.0,402.0	17.0,231.0,26.0,231.0
000017	240	173	TP	0.9583258379804521	0.0	0.969591413328402	0.021055810840857506	192.0,197.0,326.0,369.0	17.0,240.0,26.0,240.0
000017	256	174	TP	0.917539105801207	0.0	4.070648019939915	0.005021180918347882	207.0,139.0,394.0,253.0	17.0,256.0,26.0,256.0
000017	268	175	TP	0.9195287039358235	0.0	1.1673811795390368	0.00342897602380158	309.0,109.0,499.0,266.0	17.0,268.0,26.0,268.0
000017	278	176	TP	0.9192161450716584	0.0	2.50956830010212	0.019554645319124136	407.0,143.0,530.0,318.0	17.0,278.0,26.0,278.0
000017	297	177	TP	0.9425616921269095	0.0	3.943006168728746	0.0032212000970874566	269.0,247.0,470.0,366.0	17.0,297.0,26.0,297.0
000017	302	178	TP	0.9607170846394985	0.0	3.7996447517844394	0.02014902803504675	212.0,234.0,432.0,376.0	17.0,302.0,26.0,302.0
000017	308	179	TP	0.9538638248994958	0.0	1.37491675961177	0.027642854915079965	187.0,209.0,365.0,363.0	17.0,308.0,26.0,308.0
000017	324	180	TP	0.9391135554836623	0.0	1.9693674186081567	0.0043848135750899925	182.0,158.0,374.0,276.0	17.0,324.0,26.0,324.0
000017	332	181	TP	0.9386172006745362	0.0	1.5714135746973525	0.010645812657785733	256.0,140.0,422.0,256.0	17.0,332.0,26.0,332.0
000017	341	182	TP	0.8765869303755178	0.0	3.1256973584437993	0.012779347866626375	326.0,130.0,510.0,279.0	17.0,341.0,26.0,341.0
000017	358	183	TP	0.8889616055846422	0.0	3.7668319869740268	0.014721331873476603	359.0,189.0,561.0,359.0	17.0,358.0,26.0,358.0
000017	360	184	TP	0.898702567721622	0.0	2.6414060300451943	0.021835492466462488	347.0,196.0,557.0,345.0	17.0,360.0,26.0,360.0
000017	369	185	TP	0.9213693764798737	0.0	7.35083481818146	0.008306244544387841	274.0,224.0,472.0,345.0	17.0,369.0,26.0,369.0
000017	386	186	TP	0.9098431636678533	0.0	3.2044768926088842	0.027710662759281777	181.0,195.0,314.0,313.0	17.0,386.0,26.0,386.0
000017	397	187	TP	0.9377456485120719	0.0	2.895784279724467	0.013797022209570773	190.0,177.0,377.0,273.0	17.0,397.0,26.0,397.0
000017	404	188	TP	0.896441073512252	0.0	1.797028483178988	0.012606910731130587	256.0,159.0,418.0,269.0	17.0,404.0,26.0,404.0
000017	411	189	TP	0.7981495868352285	0.0	2.967342579886472	0.022731255863598355	306.0,153.0,488.0,280.0	17.0,411.0,26.0,411.0
000017	415	190	TP	0.7134420904997416	0.0	4.505289101021783	0.030082586850224812	343.0,155.0,518.0,289.0	17.0,415.0,26.0,415.0
000017	427	191	TP	0.7502256787723075	0.0	2.299494282161114	0.031153740026989892	382.0,181.0,548.0,330.0	17.0,427.0,26.0,427.0
000017	437	192	TP	0.9222002247311253	0.0	8.144589136999233	0.025150751155957954	315.0,201.0,522.0,324.0	17.0,437.0,26.0,437.0
000017	446	193	TP	0.8332575585360309	0.0	15.836176858917344	0.03560975098944521	217.0,207.0,434.0,312.0	17.0,446.0,26.0,446.0
000017	453	194	TP	0.9229849098270151	0.0	2.3362907966797946	0.051026996308578314	193.0,206.0,358.0,304.0	17.0,453.0,26.0,453.0
000017	462	195	TP	0.928029948525971	0.0	2.5180091394217885	0.043319169130152206	168.0,194.0,336.0,288.0	17.0,462.0,26.0,462.0
000017	468	196	TP	0.7957912988650694	0.0	3.9190504279007277	0.045990008415188556	187.0,185.0,372.0,280.0	17.0,468.0,26.0,468.0
000017	485	197	TP	0.4409130538162796	0.0	76.21739203742624	0.06595611300995897	325.0,179.0,503.0,291.0	17.0,485.0,26.0,485.0
000018	2	198	TP	0.9760775417611879	0.0	5.0580643347437695	0.00919291355857536	116.0,122.0,292.0,315.0	18.0,2.0,27.0,2.0
000018	13	199	TP	0.976916451335056	0.0	2.76717841774047	0.0030332717090846132	220.0,55.0,404.0,186.0	18.0,13.0,27.0,13.0
000018	19	200	TP	0.9815487516577294	0.0	1.7781319962955557	0.0030103825162186197	295.0,47.0,487.0,188.0	18.0,19.0,27.0,19.0
000018	30	201	TP	0.9548868259100866	0.0	1.5550810149339591	0.00567049020424239	427.0,108.0,587.0,300.0	18.0,30.0,27.0,30.0
000018	35	202	TP	0.9287805846443993	0.0	2.928290455212549	0.00840223775614733	454.0,173.0,585.0,365.0	18.0,35.0,27.0,35.0
000018	43	203	TP	0.9497123076203396	0.0	1.2384099608087822	0.007251908194485331	379.0,267.0,588.0,470.0	18.0,43.0,27.0,43.0
000018	49	204	TP	0.9579627761987715	0.0	2.67259556252482	0.002682069329561581	312.0,339.0,515.0,491.0	18.0,49.0,27.0,49.0
000018	55	205	TP	0.9621225900327391	0.0	2.7125922936059528	0.0025944025582608325	218.0,336.0,429.0,506.0	18.0,55.0,27.0,55.0
000018	67	206	TP	0.9799646997090111	0.0	2.8102245370932573	0.008782716334045275	133.0,215.0,276.0,411.0	18.0,67.0,27.0,67.0
000018	86	207	TP	0.9133036204896514	0.0	0.4320300060297374	0.004359444393895113	247.0,76.0,418.0,188.0	18.0,86.0,27.0,86.0
000018	92	208	TP	0.9131904618170842	0.0	1.9840980202142318	0.0029111920320681454	313.0,64.0,505.0,208.0	18.0,92.0,27.0,92.0
000018	106	209	TP	0.9414684591520166	0.0	4.064921557784104	0.01270131942446643	459.0,166.0,577.0,357.0	18.0,106.0,27.0,106.0
000018	112	210	TP	0.9564184211777007	0.0	2.30653516222019	0.008357524321442709	406.0,234.0,600.0,431.0	18.0,112.0,27.0,112.0
000018	130	211	TP	0.9706323971029853	0.0	0.9749289080359138	0.010641990581372664	166.0,292.0,386.0,490.0	18.0,130.0,27.0,130.0
000018	139	212	TP	0.9821634062140391	0.0	2.574579212755693	0.006121792991713904	137.0,202.0,270.0,400.0	18.0,139.0,27.0,139.0
000018	151	213	TP	0.8978501080951237	0.0	1.8723612975459187	0.014261899783481512	149.0,102.0,343.0,263.0	18.0,151.0,27.0,151.0
000018	162	214	TP	0.8201556471126806	0.0	1.7640150373601655	0.002036540298746037	288.0,91.0,465.0,209.0	18.0,162.0,27.0,162.0
000018	174	215	TP	0.9568720092070991	0.0	0.49662871453056556	0.007541781790509175	424.0,127.0,585.0,305.0	18.0,174.0,27.0,174.0
000018	190	216	TP	0.9679264275256223	0.0	1.7077746850104387	0.002667078361473276	344.0,285.0,565.0,451.0	18.0,190.0,27.0,190.0
000018	195	217	TP	0.9699913348839331	0.0	1.2493666462922237	0.007147730897793844	289.0,332.0,485.0,452.0	18.0,195.0,27.0,195.0
000018	206	218	TP	0.9836357006108123	0.0	0.9386488696875741	0.006960187725202145	136.0,251.0,337.0,449.0	18.0,206.0,27.0,206.0
000018	229	219	TP	0.7788998855450078	0.0	2.5167095165010758	0.013580756819299258	225.0,115.0,398.0,231.0	18.0,229.0,27.0,229.0
000018	236	220	TP	0.7231382619272875	0.0	2.0602176461799933	0.009284549910202175	306.0,112.0,485.0,233.0	18.0,236.0,27.0,236.0
000018	246	221	TP	0.91816098152892	0.0	2.3304517347358966	0.005503157769400912	417.0,140.0,581.0,301.0	18.0,246.0,27.0,246.0
000018	266	222	TP	0.9218399065672447	0.0	2.936507121836183	0.0028844453600301626	306.0,303.0,517.0,435.0	18.0,266.0,27.0,266.0
000018	272	223	TP	0.9169420577219652	0.0	1.469502370972855	0.004608981926360052	202.0,290.0,427.0,449.0	18.0,272.0,27.0,272.0
000018	279	224	TP	0.9786419992251065	0.0	1.286139238431396	0.01764293249389589	135.0,235.0,331.0,427.0	18.0,279.0,27.0,279.0
000018	291	225	TP	0.7489192110240476	0.0	5.181846374609991	0.040729753524167106	125.0,157.0,306.0,304.0	18.0,291.0,27.0,291.0
000018	309	226	TP	0.6259317660550459	0.0	6.604038950031157	0.04655062108553527	323.0,137.0,502.0,254.0	18.0,309.0,27.0,309.0
000018	316	227	TP	0.867526464887431	0.0	1.1892356769106125	0.005626856309959843	400.0,154.0,571.0,292.0	18.0,316.0,27.0,316.0
000018	324	228	TP	0.9466036538054595	0.0	2.8088185083896713	0.014824241195873573	449.0,194.0,578.0,351.0	18.0,324.0,27.0,324.0
000018	336	229	TP	0.9274664987858621	0.0	2.2134193923875207	0.006961394269746948	322.0,272.0,543.0,411.0	18.0,336.0,27.0,336.0
000018	342	230	TP	0.9335441647999297	0.0	1.323794132559529	0.002925922448067899	226.0,275.0,444.0,420.0	18.0,342.0,27.0,342.0
000018	350	231	TP	0.9300211744047926	0.0	1.829646278365962	0.028130286373282794	137.0,228.0,338.0,404.0	18.0,350.0,27.0,350.0
000018	357	232	TP	0.9223231667748215	0.0	1.389715280059201	0.039824898499377835	131.0,190.0,260.0,350.0	18.0,357.0,27.0,357.0
000018	373	233	TP	0.3419027093596059	0.0	9.50156078750763	0.08222125293311756	229.0,168.0,395.0,265.0	18.0,373.0,27.0,373.0
000018	391	234	TP	0.8408252853380158	0.0	1.776846598143011	0.0043858283784675095	425.0,186.0,579.0,305.0	18.0,391.0,27.0,391.0
000018	399	235	TP	0.9311654763713721	0.0	1.83548355895917	0.0033294586392695357	429.0,212.0,589.0,350.0	18.0,399.0,27.0,399.0
000018	407	236	TP	0.9510539308773263	0.0	1.9362389292622206	0.013146127499797355	340.0,246.0,564.0,379.0	18.0,407.0,27.0,407.0
000018	415	237	TP	0.9384172023941476	0.0	2.7961302873513674	0.00750400218069731	220.0,248.0,440.0,388.0	18.0,415.0,27.0,415.0
000018	426	238	TP	0.8159487612612613	0.0	3.272527409090764	0.044958992867388775	139.0,208.0,293.0,356.0	18.0,426.0,27.0,426.0
000018	439	*	FN	0.11390039808270372	*	*	*	158.0,196.0,339.0,291.0	*
000018	452	*	FN	0.08448260907277301	*	*	*	307.0,198.0,474.0,283.0	*
000018	461	239	TP	0.6467438079755188	0.0	29.002205448082638	0.08057502687418241	403.0,204.0,568.0,299.0	18.0,461.0,27.0,461.0
000018	466	240	TP	0.9170814616972198	0.0	8.877056009625466	0.013831249422279304	451.0,210.0,577.0,314.0	18.0,466.0,27.0,466.0
000018	473	241	TP	0.9356373095503531	0.0	1.043467492234105	0.015320506722527489	408.0,221.0,591.0,335.0	18.0,473.0,27.0,473.0
000018	480	242	TP	0.9508123193461577	0.0	4.385037120176814	0.015064900554057991	330.0,233.0,551.0,344.0	18.0,480.0,27.0,480.0
000018	487	243	TP	0.9587149432923646	0.0	1.9939709967528023	0.005758523932739297	222.0,225.0,441.0,350.0	18.0,487.0,27.0,487.0
000018	491	244	TP	0.9487166350735181	0.0	1.1568650818630668	0.00861681781885464	166.0,219.0,389.0,348.0	18.0,491.0,27.0,491.0
000018	496	245	TP	0.7427735350795803	0.0	4.545315231310533	0.09156261685207225	139.0,211.0,319.0,336.0	18.0,496.0,27.0,496.0
