#  Index into NumPy file "pose_data_tless-4-epos.npz".
#  Created at  6:46PM EDT on Sep 11, 2023
#    DATASET:   tless
#    OBJECT:    4
#    ESTIMATOR: epos
#  The errors reported in this file have taken discrete and continuous object symmetries into account.
#  Bounding boxes are recorded in pixel coordinates as ((upper-left x, y), (lower-right x, y)) with the origin in the upper-left.
#
#  When a row is marked as a TP, it does not necessarily mean that the bounding boxes overlap.
#  For each ground-truth instance, the prediction best overlapping that instance belongs to that ground-truth.
#  All TPs are in the corresponding *.npz file.
#
#  When a row is marked as a FN, it means that there is a ground-truth but the predictor failed to make a prediction at all.
#  FNs are NOT recorded in the *.npz at all.
#
#  When a row is marked as a FP, it means the predictor hallucinated; there is no corresponding ground-truth instance.
#  FPs are NOT recorded in the *.npz at all.
#
#  Scene  <t>  Frame  <t>  Index  <t>  Error cat.  <t>  Visibility ratio  <t>  Score  <t>  R_err(degrees)  <t>  t_err(meters)  <t>  Gr.Tr.BBox  <t>  Pred.BBox
000005	7	0	TP	0.9996349698850155	0.0	0.19914835097222192	0.08565684562678982	310.0,323.0,419.0,414.0	5.0,7.0,9.0,7.0
000005	20	1	TP	0.9977194982896237	0.0	0.5422363261390624	0.08237961641371228	196.0,271.0,299.0,351.0	5.0,20.0,9.0,20.0
000005	25	2	TP	1.0	0.0	0.6360562862409279	0.3499404415004319	201.0,208.0,280.0,305.0	5.0,25.0,9.0,25.0
000005	31	3	TP	1.0	0.0	0.4136865836367199	0.2718699564478433	219.0,144.0,279.0,246.0	5.0,31.0,9.0,31.0
000005	43	4	TP	0.9970748015043878	0.0	0.4863426462114629	0.2894112080766826	303.0,105.0,405.0,174.0	5.0,43.0,9.0,43.0
000005	56	5	TP	0.9993956486704271	0.0	0.18289878823512642	0.05079711614031578	418.0,145.0,520.0,236.0	5.0,56.0,9.0,56.0
000005	64	6	TP	0.9996114996114996	0.0	0.06562343557527142	0.10337310589749964	443.0,216.0,512.0,335.0	5.0,64.0,9.0,64.0
000005	70	7	TP	1.0	0.0	0.062296284702311445	0.03630167119822129	424.0,279.0,494.0,394.0	5.0,70.0,9.0,70.0
000005	81	8	TP	0.9980297331183952	0.0	0.13668868454817096	0.07216053389828432	288.0,302.0,402.0,388.0	5.0,81.0,9.0,81.0
000005	86	9	TP	0.9976580796252927	0.0	1.613783998734855	1.0212976744987738	232.0,299.0,347.0,365.0	5.0,86.0,9.0,86.0
000005	94	10	TP	1.0	0.0	1.1843577328876183	0.27385805972713784	195.0,240.0,291.0,318.0	5.0,94.0,9.0,94.0
000005	100	11	TP	1.0	0.0	0.35919080119282587	0.11797215391183596	209.0,174.0,277.0,266.0	5.0,100.0,9.0,100.0
000005	107	12	TP	0.9997679275934092	0.0	0.7272373522728693	0.05643462095281008	235.0,122.0,303.0,210.0	5.0,107.0,9.0,107.0
000005	117	13	TP	0.9222684475585724	0.0	0.9004347866098856	0.04178912991827472	320.0,105.0,422.0,167.0	5.0,117.0,9.0,117.0
000005	127	14	TP	0.9082472052309639	0.0	0.11043691157003215	0.1747708195470528	408.0,129.0,512.0,212.0	5.0,127.0,9.0,127.0
000005	138	15	TP	0.9950248756218906	0.0	0.15800439770853353	0.042332581755592756	442.0,214.0,509.0,335.0	5.0,138.0,9.0,138.0
000005	149	16	TP	0.996462055545728	0.0	0.15697154598505264	0.006290989427095173	335.0,269.0,441.0,373.0	5.0,149.0,9.0,149.0
000005	171	17	TP	0.9964982491245623	0.0	0.9201297109143777	0.26173190566192917	211.0,177.0,278.0,256.0	5.0,171.0,9.0,171.0
000005	188	18	TP	0.875058275058275	0.0	0.5589220800462964	0.18492018078152386	318.0,109.0,416.0,167.0	5.0,188.0,9.0,188.0
000005	195	19	TP	0.7186654643823264	0.0	1.2099916302478317	0.09470851276379065	383.0,115.0,485.0,181.0	5.0,195.0,9.0,195.0
000005	208	20	TP	0.9827719705768486	0.0	0.3330477359626657	0.0363615909083075	441.0,186.0,511.0,304.0	5.0,208.0,9.0,208.0
000005	215	21	TP	0.9978440531800216	0.0	0.3417826704515559	0.018412554074335744	418.0,243.0,489.0,358.0	5.0,215.0,9.0,215.0
000005	221	22	TP	0.9979097718167567	0.0	0.39986678796424296	0.011112270926817458	342.0,242.0,447.0,344.0	5.0,221.0,9.0,221.0
000005	239	23	TP	0.9979405034324943	0.0	2.329014152666771	0.05672017621464567	200.0,204.0,289.0,271.0	5.0,239.0,9.0,239.0
000005	247	24	TP	0.9953271028037384	0.0	1.9001357543644846	0.6850304954515621	225.0,156.0,282.0,223.0	5.0,247.0,9.0,247.0
000005	254	25	TP	0.9778152204436956	0.0	1.8060844009466994	0.7664847349486359	260.0,127.0,338.0,189.0	5.0,254.0,9.0,254.0
000005	280	26	TP	0.9203770557561172	0.0	0.5276598963958004	0.03193147641365289	440.0,174.0,512.0,283.0	5.0,280.0,9.0,280.0
000005	290	27	TP	0.9975605179208107	0.0	0.7027055744266776	0.06692534965330174	395.0,208.0,476.0,310.0	5.0,290.0,9.0,290.0
000005	293	28	TP	0.9964520134823488	0.0	0.5147286583586748	0.009714740552627395	351.0,215.0,452.0,313.0	5.0,293.0,9.0,293.0
000005	306	29	TP	1.0	0.0	1.1138780612812271	0.040086927399911994	210.0,212.0,320.0,276.0	5.0,306.0,9.0,306.0
000005	317	30	TP	0.9910891089108911	0.0	0.5469676842183077	0.08517904771435791	219.0,167.0,282.0,229.0	5.0,317.0,9.0,317.0
000005	324	31	TP	0.9773559773559773	0.0	0.06753383821534964	0.06074342292805809	247.0,143.0,312.0,200.0	5.0,324.0,9.0,324.0
000005	332	32	TP	0.8568050446663164	0.0	1.1081084505294105	0.07719218802288354	310.0,129.0,401.0,184.0	5.0,332.0,9.0,332.0
000005	341	33	TP	0.4465267366316842	0.0	1.211655686614669	0.2603471122514382	389.0,133.0,487.0,199.0	5.0,341.0,9.0,341.0
000005	348	34	TP	0.5746285207363052	0.0	0.8341959015643599	0.5679264061053366	428.0,152.0,519.0,239.0	5.0,348.0,9.0,348.0
000005	353	35	TP	0.9079820243954633	0.0	1.0419206598676038	0.0821996929388599	439.0,172.0,508.0,270.0	5.0,353.0,9.0,353.0
000005	364	36	TP	0.9962221382697394	0.0	0.6764381597598346	0.04703832811918327	359.0,191.0,456.0,280.0	5.0,364.0,9.0,364.0
000005	377	37	TP	1.0	0.0	0.44327389498215913	0.1407093746051426	215.0,189.0,324.0,257.0	5.0,377.0,9.0,377.0
000005	386	38	TP	0.9954434993924666	0.0	1.529793826646882	0.5355955233265538	217.0,171.0,286.0,229.0	5.0,386.0,9.0,386.0
000005	393	39	TP	0.9776345716451857	0.0	0.5492973988937832	0.047191619105905344	238.0,156.0,297.0,210.0	5.0,393.0,9.0,393.0
000005	409	40	TP	0.6662226957911561	0.0	1.2190353955011914	0.08468436541677353	363.0,142.0,457.0,202.0	5.0,409.0,9.0,409.0
000005	423	41	TP	0.7545839210155149	0.0	0.7916491159166122	0.18335886108946087	437.0,164.0,513.0,249.0	5.0,423.0,9.0,423.0
000005	436	42	TP	0.992895946510656	0.0	0.8887849818630793	0.09390991346534966	367.0,172.0,459.0,248.0	5.0,436.0,9.0,436.0
000005	450	43	TP	1.0	0.0	0.42026561127003503	0.21847922916061704	214.0,169.0,322.0,237.0	5.0,450.0,9.0,450.0
000005	458	44	TP	0.969803576663735	0.0	0.9735133208654226	0.9151604522908731	217.0,164.0,288.0,227.0	5.0,458.0,9.0,458.0
000005	463	45	TP	0.9499252615844545	0.0	0.41100202709238715	0.046055072156510064	233.0,161.0,287.0,221.0	5.0,463.0,9.0,463.0
000005	468	46	TP	0.9635584137191854	0.0	1.3192295402796403	0.317619115958414	253.0,159.0,314.0,217.0	5.0,468.0,9.0,468.0
000005	475	47	TP	0.922696890438826	0.0	2.3892617135331604	0.32863085008552856	303.0,158.0,388.0,215.0	5.0,475.0,9.0,475.0
000005	486	48	TP	0.47770360480640855	0.0	1.9476911446543905	0.6744515578539241	395.0,160.0,490.0,222.0	5.0,486.0,9.0,486.0
000005	493	49	TP	0.6022641509433962	0.0	1.1584657662309619	0.22547549758641616	428.0,163.0,515.0,232.0	5.0,493.0,9.0,493.0
000009	0	50	TP	0.9956341911764706	269.5348763978369	0.568860300170427	0.4696585144785763	212.0,190.0,276.0,288.0	9.0,0.0,13.0,269.5348763978369
000009	0	51	TP	0.9378698224852071	236.12916577892344	1.9184192738416614	0.45011538042991855	209.0,285.0,272.0,352.0	9.0,0.0,13.0,236.12916577892344
000009	0	52	TP	0.9990904956798545	230.931094917747	0.061773369916981714	0.01068298716382964	487.0,220.0,550.0,321.0	9.0,0.0,13.0,230.931094917747
000009	0	53	TP	0.9118380062305296	142.1251613243626	1.1570433364899564	0.31723232160652415	306.0,299.0,367.0,365.0	9.0,0.0,13.0,142.1251613243626
000009	11	54	TP	0.9954847908745247	338.26765596995375	0.3815473375313712	0.2870776874251832	278.0,143.0,377.0,205.0	9.0,11.0,13.0,349.26765596995375
000009	11	55	TP	0.9705794055839088	249.29993738890792	2.0741099591926964	0.20865631121549674	212.0,168.0,273.0,236.0	9.0,11.0,13.0,260.2999373889079
000009	11	56	TP	0.9983291562238931	133.3475585461764	1.024001232749252	0.0013712195882241986	403.0,358.0,497.0,445.0	9.0,11.0,13.0,144.3475585461764
000009	11	57	TP	0.9181506849315069	112.39208321739055	1.4237602136380374	0.2421247484364171	266.0,257.0,325.0,319.0	9.0,11.0,13.0,123.39208321739055
000009	21	58	TP	0.9983253588516746	434.4452566036808	0.38814189395539933	0.20084329618290758	371.0,136.0,468.0,213.0	9.0,21.0,13.0,455.4452566036808
000009	21	59	TP	0.9747490112564648	245.78470665537665	1.3853394759853412	0.13908312288346938	299.0,105.0,356.0,174.0	9.0,21.0,13.0,266.7847066553767
000009	21	60	TP	0.9965299040620534	210.73181854933986	0.2720755116987061	0.09950798470706876	268.0,387.0,378.0,452.0	9.0,21.0,13.0,231.73181854933986
000009	21	61	TP	0.9478516342269555	131.62967474503654	1.6135713148812791	0.16573139146552585	277.0,205.0,332.0,265.0	9.0,21.0,13.0,152.62967474503654
000009	31	62	TP	1.0	465.35586463938665	0.2926645326058976	0.1977533226747439	438.0,207.0,501.0,312.0	9.0,31.0,13.0,496.35586463938665
000009	31	63	TP	0.9512343797622677	360.6812190864801	1.272357167136443	0.07891450358874626	407.0,125.0,465.0,194.0	9.0,31.0,13.0,391.6812190864801
000009	31	64	TP	1.0	306.6892884856216	0.1007149617381112	0.03985774011827391	172.0,285.0,254.0,391.0	9.0,31.0,13.0,337.6892884856216
000009	31	65	TP	0.9195854181558256	51.40679695136363	2.1261451812624483	0.24348521747839738	324.0,178.0,382.0,239.0	9.0,31.0,13.0,82.40679695136363
000009	45	66	TP	0.9995706311721769	512.5415281401581	0.34667672751484274	0.2239268043856149	365.0,325.0,466.0,411.0	9.0,45.0,13.0,557.5415281401581
000009	45	67	TP	0.927120669056153	452.4330101211497	1.4083578554241718	0.10346076321971408	456.0,259.0,519.0,326.0	9.0,45.0,13.0,497.4330101211497
000009	45	68	TP	0.9875806066395988	398.66429909134354	0.33638085852135235	0.20066287909654404	214.0,124.0,294.0,220.0	9.0,45.0,13.0,443.66429909134354
000009	45	69	TP	0.9319574330861012	388.57156952253604	1.765454080613826	0.16383632197697298	389.0,210.0,448.0,276.0	9.0,45.0,13.0,433.57156952253604
000009	57	70	TP	0.9974608548455354	328.6452900416925	0.4548979462239331	0.2665818742488898	246.0,340.0,348.0,411.0	9.0,57.0,13.0,385.6452900416925
000009	57	71	TP	0.9457667972280808	311.0548373183501	1.539127714613227	0.30580747732832775	363.0,351.0,424.0,417.0	9.0,57.0,13.0,368.0548373183501
000009	57	72	TP	0.9722824777054712	301.3866835432111	0.5251377077006824	0.30597987585940445	343.0,104.0,445.0,159.0	9.0,57.0,13.0,358.3866835432111
000009	57	73	TP	0.9723131884489431	176.4794266027541	1.1111284207132295	0.3573214965237864	388.0,269.0,444.0,342.0	9.0,57.0,13.0,233.4794266027541
000009	64	74	TP	0.9980184940554822	309.8212639040341	0.6046189693420345	0.3583353027998564	223.0,269.0,294.0,365.0	9.0,64.0,13.0,373.8212639040341
000009	64	75	TP	0.9428914938382927	297.52510076043825	1.8225522655267936	0.49174993750177665	280.0,346.0,341.0,412.0	9.0,64.0,13.0,361.52510076043825
000009	64	76	TP	0.9820330969267139	106.35580859001479	1.312547369129109	0.23249455737324917	429.0,144.0,521.0,217.0	9.0,64.0,13.0,170.3558085900148
000009	64	77	TP	0.9457202505219207	90.54849502957278	1.1250943529094004	0.07884610692971089	355.0,295.0,414.0,366.0	9.0,64.0,13.0,154.5484950295728
000009	70	78	TP	1.0	255.4683013853947	0.5672354537964014	0.4651105163169805	213.0,208.0,272.0,307.0	9.0,70.0,13.0,325.46830138539474
000009	70	79	TP	0.9390787518573551	246.23457978141045	1.8309932059059921	0.514645726032783	222.0,305.0,285.0,372.0	9.0,70.0,13.0,316.23457978141045
000009	70	80	TP	0.9986194201564658	236.4999399409557	0.05914087859511129	0.013566854095366556	483.0,197.0,551.0,294.0	9.0,70.0,13.0,306.4999399409557
000009	70	81	TP	0.9493243243243243	128.78904249481835	0.051858402000739996	0.03245276872108628	318.0,301.0,379.0,369.0	9.0,70.0,13.0,198.78904249481835
000009	91	82	TP	0.89075	362.5467025785805	0.33693798159070937	0.187822419981513	350.0,142.0,449.0,207.0	9.0,91.0,13.0,453.5467025785805
000009	91	83	TP	0.9537296690970275	279.4929113901193	1.422424303249256	0.13027961093336204	276.0,116.0,333.0,196.0	9.0,91.0,13.0,370.4929113901193
000009	91	84	TP	0.9988326848249027	158.88725558120404	0.22939328999679026	0.05496537040062698	296.0,389.0,413.0,450.0	9.0,91.0,13.0,249.88725558120404
000009	91	85	TP	0.9405034324942791	58.90650703558896	1.5683153798695508	0.15554557994394297	271.0,215.0,326.0,282.0	9.0,91.0,13.0,149.90650703558896
000009	100	86	TP	0.9790675547098002	471.09735869249437	0.32259437836049715	0.19075296593243538	419.0,182.0,495.0,281.0	9.0,100.0,13.0,571.0973586924944
000009	100	87	TP	0.9675232985032477	452.237963379944	1.2171825296965129	0.19474494956139002	373.0,112.0,428.0,192.0	9.0,100.0,13.0,552.237963379944
000009	100	88	TP	1.0	175.9080115631488	1.1841431852019135	0.19325894554341305	190.0,322.0,288.0,418.0	9.0,100.0,13.0,275.90801156314876
000009	100	89	TP	0.9446653412856196	135.87850792351767	1.8908704146906201	0.12934231079020264	306.0,184.0,362.0,251.0	9.0,100.0,13.0,235.87850792351767
000009	108	90	TP	0.9964593936711662	415.0410948339274	0.32335698034312393	0.1969640342210862	445.0,243.0,505.0,355.0	9.0,108.0,13.0,523.0410948339274
000009	108	91	TP	0.9324847814056447	414.6892488514793	1.0976087988485128	0.06856761188157519	440.0,157.0,499.0,236.0	9.0,108.0,13.0,522.6892488514793
000009	108	92	TP	0.9995491433724075	301.3561243947014	0.3413954139280613	0.20429780374417592	171.0,229.0,232.0,337.0	9.0,108.0,13.0,409.3561243947014
000009	108	93	TP	0.9057312871907297	297.6001370254206	1.9726906294153432	0.1281731202227955	350.0,178.0,408.0,250.0	9.0,108.0,13.0,405.6001370254206
000009	118	94	TP	0.9951680672268908	459.4106117570961	0.03697046566076093	0.053071442967724695	359.0,322.0,463.0,408.0	9.0,118.0,13.0,577.4106117570961
000009	118	95	TP	0.9358018114011721	458.04251642535996	1.3010461045445176	0.08912411676162336	454.0,251.0,517.0,327.0	9.0,118.0,13.0,576.04251642536
000009	118	96	TP	0.9013836477987421	398.97675134906996	0.05700796646243834	0.026790353724337385	219.0,131.0,302.0,225.0	9.0,118.0,13.0,516.9767513490699
000009	118	97	TP	0.9449259155717081	219.61907330734002	0.9788764227326003	0.26997856648013424	390.0,203.0,449.0,283.0	9.0,118.0,13.0,337.61907330734005
000009	128	98	TP	0.9922131147540983	315.60515630441193	0.4694864588080116	0.2980429421108967	255.0,342.0,361.0,407.0	9.0,128.0,13.0,443.60515630441193
000009	128	99	TP	0.925462600990357	261.5571334340028	1.6039624545313993	0.2960322395751303	380.0,326.0,442.0,401.0	9.0,128.0,13.0,389.5571334340028
000009	128	100	TP	0.8572521029824114	187.7261014015768	1.9426694823629953	0.3888846618578982	325.0,112.0,427.0,170.0	9.0,128.0,13.0,315.7261014015768
000009	128	101	TP	0.9406952965235174	126.87380705492977	1.1607540433267018	0.31129559923755684	392.0,248.0,448.0,335.0	9.0,128.0,13.0,254.87380705492978
000009	136	102	TP	0.9687920969914683	255.50905284843031	0.7521039754902915	0.5341916134846209	222.0,277.0,296.0,367.0	9.0,136.0,13.0,391.5090528484303
000009	136	103	TP	0.95	246.44729818101732	2.0861879864981745	0.5832594861025742	283.0,329.0,345.0,403.0	9.0,136.0,13.0,382.44729818101735
000009	136	104	TP	0.88648782911078	161.1559943247543	0.9983975692365804	0.12166003871966337	421.0,156.0,513.0,220.0	9.0,136.0,13.0,297.15599432475426
000009	136	105	TP	0.9826196473551637	141.73904479078448	2.0655157032001537	0.10850814118063028	357.0,278.0,416.0,365.0	9.0,136.0,13.0,277.7390447907845
000009	147	106	TP	0.6894360603653693	262.91822739307884	0.9693409362020977	0.1848138430852212	218.0,200.0,289.0,276.0	9.0,147.0,13.0,409.91822739307884
000009	147	107	TP	0.966337099811676	245.3752535148339	2.1798364502705985	0.23610072872360927	201.0,239.0,264.0,327.0	9.0,147.0,13.0,392.3752535148339
000009	147	108	TP	0.96852871754524	212.3772472868553	0.020572519581266557	0.03278363165964793	487.0,258.0,546.0,340.0	9.0,147.0,13.0,359.3772472868553
000009	147	109	TP	0.9875147232037691	166.58258666973353	3.01684630225548	0.06861047448843628	294.0,264.0,356.0,357.0	9.0,147.0,13.0,313.58258666973353
000009	161	110	TP	0.7124741200828157	332.49829513987567	0.4680418943002451	0.20368411595469293	328.0,155.0,425.0,214.0	9.0,161.0,13.0,493.49829513987567
000009	161	111	TP	0.9857969489742241	241.61227656462793	1.3983262358844102	0.2516495703468436	255.0,134.0,311.0,222.0	9.0,161.0,13.0,402.6122765646279
000009	161	112	TP	0.9945127719962157	236.4562030956615	0.4955621748606793	0.353122274007425	332.0,375.0,449.0,438.0	9.0,161.0,13.0,397.4562030956615
000009	161	113	TP	0.9265568277017593	201.47083603599313	2.132032580806983	0.8665548914416928	267.0,217.0,323.0,298.0	9.0,161.0,13.0,362.4708360359931
000009	167	114	TP	0.7911862669741224	479.33731893695386	0.30613209859185087	0.1751673881946311	379.0,162.0,473.0,242.0	9.0,167.0,13.0,646.3373189369538
000009	167	115	TP	0.9843285598486895	276.6733776874547	1.3513172316304982	0.17631624219929623	315.0,118.0,368.0,205.0	9.0,167.0,13.0,443.6733776874547
000009	167	116	TP	0.9988477050124832	262.22274875724185	0.23314157246191045	0.2900366955071706	253.0,357.0,364.0,430.0	9.0,167.0,13.0,429.22274875724185
000009	167	117	TP	0.9832402234636871	121.27349332441685	1.2368532571740547	0.20866461228663896	283.0,196.0,337.0,274.0	9.0,167.0,13.0,288.27349332441685
000009	179	118	TP	0.9821627647714605	409.166035663463	0.38920041782695336	0.19704260874747456	447.0,230.0,502.0,340.0	9.0,179.0,13.0,588.1660356634629
000009	179	119	TP	0.9432531380753139	402.5665018676628	0.9275410513685101	0.06150961105893378	429.0,147.0,486.0,237.0	9.0,179.0,13.0,581.5665018676627
000009	179	120	TP	1.0	289.9377472932806	0.4858763667764336	0.20140645116662925	169.0,248.0,233.0,353.0	9.0,179.0,13.0,468.9377472932806
000009	179	121	TP	0.8412880966072456	113.43285159733153	2.156045344196346	0.125218491354999	342.0,175.0,398.0,256.0	9.0,179.0,13.0,292.43285159733153
000009	195	122	TP	0.9915764139590855	417.16950091385036	0.14268459765299216	0.09495769620085823	308.0,331.0,417.0,399.0	9.0,195.0,13.0,612.1695009138504
000009	195	123	TP	0.915359778597786	214.3214863394875	2.173526571756859	0.13523205929169707	432.0,275.0,495.0,364.0	9.0,195.0,13.0,409.3214863394875
000009	195	124	TP	0.714940668824164	97.73796327001062	0.7905936984825951	0.2725096169907627	261.0,127.0,358.0,203.0	9.0,195.0,13.0,292.7379632700106
000009	195	125	TP	0.8873512988589464	54.74798468697689	1.2605972507133982	0.2699948317311236	397.0,214.0,455.0,308.0	9.0,195.0,13.0,249.7479846869769
000009	204	126	TP	0.9997888067581837	283.10353977833364	1.3862039471953567	0.12817211273665235	231.0,317.0,330.0,386.0	9.0,204.0,13.0,487.10353977833364
000009	204	127	TP	0.9213533497647323	214.85152344727152	1.7816940896865119	0.7720532870808864	339.0,313.0,401.0,402.0	9.0,204.0,13.0,418.8515234472715
000009	204	128	TP	0.7381389252948886	189.64952358418938	1.5261942947249154	0.12026335586525826	367.0,144.0,462.0,196.0	9.0,204.0,13.0,393.6495235841894
000009	204	129	TP	0.8837892832918833	90.00179255913109	0.4285681518438406	0.15142588614758112	380.0,249.0,437.0,347.0	9.0,204.0,13.0,294.0017925591311
000009	210	130	TP	0.8134969325153374	321.97392319532196	1.143455319389642	0.13630333110799311	219.0,266.0,287.0,348.0	9.0,210.0,13.0,531.973923195322
000009	210	131	TP	0.9356290794508215	293.76623483251257	2.231077382260765	0.15525385084542978	266.0,301.0,329.0,390.0	9.0,210.0,13.0,503.76623483251257
000009	210	132	TP	0.7854166666666667	118.41505087062491	1.3770194399424314	0.12801738356043554	436.0,180.0,524.0,242.0	9.0,210.0,13.0,328.4150508706249
000009	210	133	TP	0.9872597228430934	97.56517450314499	1.8987242999494287	0.15748209902147195	348.0,264.0,408.0,365.0	9.0,210.0,13.0,307.565174503145
000009	217	134	TP	0.32416444838805086	281.698858799812	1.154906051617113	0.09437975848247702	215.0,222.0,279.0,288.0	9.0,217.0,13.0,498.698858799812
000009	217	135	TP	0.9831052181351583	259.1255393808761	2.3707091838553453	0.13086408109111777	207.0,238.0,269.0,336.0	9.0,217.0,13.0,476.1255393808761
000009	217	136	TP	0.8463819691577699	234.32007242579928	1.136376613744745	0.13363095475338754	486.0,252.0,550.0,320.0	9.0,217.0,13.0,451.32007242579925
000009	217	137	TP	0.996597916223687	77.29704276738909	1.613517705632457	0.07873778065888326	302.0,250.0,364.0,354.0	9.0,217.0,13.0,294.2970427673891
000009	227	138	TP	0.5534773445732349	200.83189295302648	1.5388981042375298	0.679479040107677	277.0,182.0,370.0,234.0	9.0,227.0,13.0,427.83189295302645
000009	227	139	TP	0.9944282945736435	154.43974835032844	2.0226218314206705	0.43039245589517916	216.0,171.0,274.0,265.0	9.0,227.0,13.0,381.43974835032844
000009	227	140	TP	0.9840034587116299	123.22906003105572	1.1131883467518018	0.5659559040890684	411.0,334.0,504.0,403.0	9.0,227.0,13.0,350.2290600310557
000009	227	141	TP	0.6632869606224947	87.43447188605911	2.315673997088942	0.04476390569392976	265.0,227.0,325.0,322.0	9.0,227.0,13.0,314.4344718860591
000009	235	142	TP	0.5329195898542903	388.3564082934301	0.24752521532129723	0.1426888241070357	351.0,171.0,446.0,235.0	9.0,235.0,13.0,623.3564082934301
000009	235	143	TP	0.9223504721930745	365.2139388067071	1.5085230455675929	0.1589042381060831	282.0,137.0,335.0,229.0	9.0,235.0,13.0,600.2139388067071
000009	235	144	TP	0.9990862573099415	222.50771071394476	0.33689038349739003	0.11655536746617033	294.0,351.0,414.0,420.0	9.0,235.0,13.0,457.5077107139448
000009	235	145	TP	0.9626652838994036	178.92640393858318	2.3493007553784127	0.6894202952709829	272.0,202.0,328.0,291.0	9.0,235.0,13.0,413.9264039385832
000009	239	146	TP	0.6436870642912471	476.3541352369709	0.3395414520080061	0.169424669236971	383.0,178.0,475.0,256.0	9.0,239.0,13.0,715.3541352369709
000009	239	147	TP	0.9925492283129325	296.4003490020227	1.2542951457390756	0.16950449036585938	322.0,131.0,374.0,222.0	9.0,239.0,13.0,535.4003490020227
000009	239	148	TP	0.999809813617345	134.4715561432844	1.3270355282625406	0.2468643373489771	242.0,334.0,355.0,413.0	9.0,239.0,13.0,373.4715561432844
000009	239	149	TP	0.9769807280513919	131.75676805054874	1.9690925994281896	0.12723926309930808	286.0,190.0,339.0,279.0	9.0,239.0,13.0,370.75676805054877
000009	248	150	TP	0.8796426892336624	374.4789160331135	0.5696873791791652	0.19536256649052028	438.0,220.0,498.0,319.0	9.0,248.0,13.0,622.4789160331135
000009	248	151	TP	0.9030334456831735	327.7227840969673	0.6557525567921315	0.1894657528160417	409.0,144.0,463.0,239.0	9.0,248.0,13.0,575.7227840969673
000009	248	152	TP	1.0	308.66076302899353	0.5492462471732139	0.2276636231831862	169.0,265.0,244.0,368.0	9.0,248.0,13.0,556.6607630289935
000009	248	153	TP	0.7328637225684096	115.99370012139396	2.9206372193215624	0.1890371089151005	329.0,177.0,384.0,265.0	9.0,248.0,13.0,363.99370012139394
000009	254	154	TP	0.9978293900586065	379.9952233518135	0.5543088368460216	0.06006991016724214	439.0,254.0,504.0,360.0	9.0,254.0,13.0,633.9952233518135
000009	254	155	TP	0.9227771010962241	358.7825928820095	0.6839319909625621	0.21689377196739146	448.0,172.0,505.0,271.0	9.0,254.0,13.0,612.7825928820096
000009	254	156	TP	0.9976476123265114	181.5182868042961	0.622495026961745	0.05790819312880043	182.0,215.0,238.0,315.0	9.0,254.0,13.0,435.5182868042961
000009	254	157	TP	0.6176778242677824	66.08629848558208	2.5082199918749595	0.25320859107857774	361.0,179.0,417.0,270.0	9.0,254.0,13.0,320.08629848558206
000009	269	158	TP	0.9966868056908985	376.73220477138454	0.2745621728384226	0.1054911042741396	279.0,320.0,391.0,385.0	9.0,269.0,13.0,645.7322047713845
000009	269	159	TP	0.9491421568627451	307.6419986525706	1.4901003630395373	0.13845565351298014	410.0,272.0,473.0,372.0	9.0,269.0,13.0,576.6419986525706
000009	269	160	TP	0.5454029511918275	229.82664915515994	1.2045927492620732	0.19152861179860553	291.0,147.0,389.0,211.0	9.0,269.0,13.0,498.82664915515994
000009	269	161	TP	0.619304152637486	180.5750597940225	1.5574181132239444	0.10039847687288161	396.0,217.0,453.0,318.0	9.0,269.0,13.0,449.57505979402254
000009	278	162	TP	0.9514699020065329	280.8050589024544	1.392707296650484	0.09197532137819493	223.0,292.0,309.0,360.0	9.0,278.0,13.0,558.8050589024544
000009	278	163	TP	0.9406156901688183	264.8685436750079	2.1492786312392993	0.1084158206676835	307.0,287.0,370.0,389.0	9.0,278.0,13.0,542.8685436750079
000009	278	164	TP	0.6273712737127372	261.98875668120286	1.5514275247990694	0.09247358148137194	396.0,175.0,488.0,226.0	9.0,278.0,13.0,539.9887566812029
000009	278	165	TP	0.9766904661906762	138.83682697270396	2.507511031305531	0.08019337974597339	368.0,242.0,426.0,352.0	9.0,278.0,13.0,416.836826972704
000009	286	166	TP	0.31492044431101773	361.39530887496727	1.1160983800137991	0.09205088302443085	214.0,239.0,273.0,310.0	9.0,286.0,13.0,647.3953088749672
000009	286	167	TP	0.981112494811125	272.3854847950698	2.3425566693857984	0.10868796188467782	225.0,257.0,288.0,357.0	9.0,286.0,13.0,558.3854847950697
000009	286	168	TP	0.7120689655172414	117.15689419765134	2.3255328849929526	0.2037092164461447	476.0,227.0,548.0,291.0	9.0,286.0,13.0,403.15689419765135
000009	286	169	TP	0.9953955629970699	100.86023306654616	2.8301316690374945	0.07279459344184291	320.0,252.0,382.0,360.0	9.0,286.0,13.0,386.86023306654613
000009	304	170	TP	0.15555555555555556	263.9485775922706	0.18673849039068474	0.11976232835778633	320.0,189.0,413.0,246.0	9.0,304.0,13.0,567.9485775922706
000009	304	171	TP	0.8997949769349052	200.7830542650647	0.1459314346418286	0.034356571613391874	251.0,161.0,304.0,256.0	9.0,304.0,13.0,504.7830542650647
000009	304	172	TP	0.9911861917003305	86.55072561124646	1.0280998540237851	0.04490139512428876	345.0,328.0,462.0,393.0	9.0,304.0,13.0,390.55072561124643
000009	304	173	TP	0.6918179674605046	79.73760633294319	1.3114380714187361	0.15373472025351248	265.0,207.0,323.0,305.0	9.0,304.0,13.0,383.7376063329432
000009	310	174	TP	0.33279483037156704	464.30798499522024	0.3148001101678495	0.15591746460095515	371.0,191.0,463.0,260.0	9.0,310.0,13.0,774.3079849952203
000009	310	175	TP	0.8887388603834728	307.12937396868716	2.638932344061393	0.046305468505031214	308.0,150.0,358.0,242.0	9.0,310.0,13.0,617.1293739686871
000009	310	176	TP	0.999445471349353	294.9160188222405	0.28982202840069593	0.13045743652402805	262.0,317.0,378.0,393.0	9.0,310.0,13.0,604.9160188222405
000009	310	177	TP	0.9695903493340036	279.89224904332406	0.7180854901012419	0.07637287273177286	281.0,193.0,334.0,288.0	9.0,310.0,13.0,589.892249043324
000009	319	178	TP	0.6096149005789077	415.35534344641155	0.7557164936208702	0.18881119515288938	430.0,218.0,494.0,308.0	9.0,319.0,13.0,734.3553434464116
000009	319	179	TP	0.7759809119830329	346.85475538933326	0.6516119107752821	0.1784876344179852	394.0,152.0,447.0,250.0	9.0,319.0,13.0,665.8547553893333
000009	319	180	TP	0.9997947033463355	120.81486914049529	2.5497018127961057	0.1581819013419085	173.0,267.0,257.0,365.0	9.0,319.0,13.0,439.81486914049526
000009	319	181	TP	0.5547998953701282	108.98855244431357	2.467620642015508	0.1616187918790527	321.0,181.0,374.0,275.0	9.0,319.0,13.0,427.98855244431354
000009	329	182	TP	0.996771416272062	361.218372340387	0.5896566455179816	0.08513495224536609	420.0,263.0,498.0,360.0	9.0,329.0,13.0,690.2183723403871
000009	329	183	TP	0.8591417910447762	304.3511615452633	0.6954982774389228	0.2699223179219585	454.0,188.0,512.0,293.0	9.0,329.0,13.0,633.3511615452633
000009	329	184	TP	0.888258064516129	269.10061617207083	0.7608778784514051	0.21339302902965107	194.0,204.0,255.0,295.0	9.0,329.0,13.0,598.1006161720709
000009	329	185	TP	0.41191254083940687	39.73243427192114	1.3134735376387354	0.34815113824310673	371.0,186.0,427.0,282.0	9.0,329.0,13.0,368.73243427192114
000009	344	186	TP	0.9990311955047472	342.2002272672376	1.4739622995058312	0.228658742437582	256.0,300.0,367.0,363.0	9.0,344.0,13.0,686.2002272672376
000009	344	187	TP	0.9562759140595553	305.96968265181556	0.5819161461581213	0.2444634844579488	386.0,259.0,449.0,368.0	9.0,344.0,13.0,649.9696826518156
000009	344	188	TP	0.5164126611957796	237.40646149515433	0.2108638767994717	0.12533339723970094	320.0,172.0,417.0,229.0	9.0,344.0,13.0,581.4064614951543
000009	344	189	TP	0.2942708333333333	187.72368814758397	1.6018919764490551	0.15062948559674202	392.0,216.0,449.0,325.0	9.0,344.0,13.0,531.723688147584
000009	356	190	TP	0.3164112388250319	372.42738443937594	1.3628483570286953	0.09603223627899049	217.0,255.0,278.0,319.0	9.0,356.0,13.0,728.4273844393759
000009	356	191	TP	0.9852235655344463	237.5317444522416	0.1182608689062854	0.020602184749623005	247.0,250.0,309.0,358.0	9.0,356.0,13.0,593.5317444522416
000009	356	192	TP	0.4421788523157588	164.54749365097274	1.6906878722007557	0.31042948516932445	452.0,219.0,533.0,274.0	9.0,356.0,13.0,520.5474936509727
000009	356	193	TP	0.9965482233502538	112.65839362126897	0.8006315528492434	0.05567497979954374	336.0,236.0,397.0,351.0	9.0,356.0,13.0,468.65839362126894
000009	374	194	TP	0.10859087042812589	301.54621656558015	0.37662914822348453	0.29707811879394513	307.0,208.0,398.0,264.0	9.0,374.0,13.0,675.5462165655802
000009	374	195	TP	0.78755532413434	208.01286356578336	1.8104130773187377	0.23327579050275046	242.0,178.0,294.0,274.0	9.0,374.0,13.0,582.0128635657834
000009	374	196	TP	0.969553706505295	197.53733395082273	0.6868231162779804	0.46831102454042095	368.0,297.0,480.0,364.0	9.0,374.0,13.0,571.5373339508227
000009	374	197	TP	0.4082705049120402	154.94391164315982	1.2297582657322792	0.27072466909286685	264.0,206.0,323.0,308.0	9.0,374.0,13.0,528.9439116431598
000009	380	198	TP	0.11774600504625736	165.68578612832252	1.9799302457731827	0.2210540610273084	358.0,207.0,450.0,270.0	9.0,380.0,13.0,545.6857861283225
000009	380	199	TP	0.6646375207526287	99.88478480731514	1.3533470095739837	0.10582033536007605	294.0,168.0,344.0,263.0	9.0,380.0,13.0,479.88478480731516
000009	380	200	TP	1.0	75.9114549401642	1.722158242379318	0.0859282148258168	282.0,294.0,402.0,368.0	9.0,380.0,13.0,455.9114549401642
000009	380	201	TP	0.8392682926829268	40.52844159773239	0.64034486441275	0.465728096904846	276.0,197.0,330.0,296.0	9.0,380.0,13.0,420.5284415977324
000009	391	202	TP	0.41131456682153594	302.2846784571087	0.8063778256165952	0.21274323280512403	432.0,228.0,494.0,310.0	9.0,391.0,13.0,693.2846784571087
000009	391	203	TP	0.646027397260274	267.2546656505502	0.5443068689486109	0.16626698128861941	399.0,170.0,450.0,269.0	9.0,391.0,13.0,658.2546656505501
000009	391	204	TP	1.0	263.74071120586024	0.689642626515369	0.10603700163244253	173.0,254.0,252.0,345.0	9.0,391.0,13.0,654.7407112058602
000009	391	205	TP	0.34839383651083833	148.68446050969808	2.6493223438993505	0.10023669091089714	324.0,188.0,377.0,285.0	9.0,391.0,13.0,539.684460509698
000009	402	206	TP	0.9857111928988959	370.6743098855484	0.6840926923021773	0.33780727051354464	406.0,261.0,493.0,346.0	9.0,402.0,13.0,772.6743098855484
000009	402	207	TP	0.7812645281264529	349.7785973370705	0.6927459777391489	0.051138601366938666	457.0,195.0,513.0,303.0	9.0,402.0,13.0,751.7785973370706
000009	402	208	TP	0.7671734234234234	318.7412518242634	0.9146839070001407	0.22239346119636638	202.0,210.0,268.0,291.0	9.0,402.0,13.0,720.7412518242634
000009	402	209	TP	0.26720443660196624	216.01748551541846	2.7753437713515123	0.15807896527832513	377.0,193.0,433.0,291.0	9.0,402.0,13.0,618.0174855154185
000009	414	210	TP	0.996339818917357	418.2577828078802	1.3835905030882543	0.09525389333206874	271.0,280.0,383.0,347.0	9.0,414.0,13.0,832.2577828078802
000009	414	211	TP	0.9827912254160364	307.7610346843719	1.3455345343411143	0.11738871323457152	403.0,231.0,465.0,347.0	9.0,414.0,13.0,721.7610346843719
000009	414	212	TP	0.25381330079316655	305.79002757141	0.10606212341786556	0.09697127611157648	302.0,195.0,398.0,254.0	9.0,414.0,13.0,719.7900275714101
000009	414	213	TP	0.28623106488808503	145.8414908256508	2.9539031942859335	0.16234017829178604	395.0,209.0,452.0,317.0	9.0,414.0,13.0,559.8414908256508
000009	417	214	TP	0.9998029168309026	402.9410856827461	1.4367554278603798	0.11881031325538799	245.0,278.0,353.0,341.0	9.0,417.0,13.0,819.9410856827461
000009	417	215	TP	0.9883828139406232	398.82907358775117	0.3946405355267971	0.14670772796118525	370.0,237.0,433.0,352.0	9.0,417.0,13.0,815.8290735877512
000009	417	216	TP	0.6005426590292433	302.72963519191563	0.26210805806232423	0.16094018865841725	337.0,198.0,431.0,254.0	9.0,417.0,13.0,719.7296351919156
000009	417	217	TP	0.31927975406236275	268.8915226389706	1.6572694176797955	0.26873368418884963	389.0,213.0,445.0,324.0	9.0,417.0,13.0,685.8915226389706
000009	431	218	TP	0.0025519504192489974	362.25734974166494	1.681636184016681	0.05182644214528419	215.0,241.0,276.0,297.0	9.0,431.0,13.0,793.2573497416649
000009	431	219	TP	0.9988038277511961	279.8537008476556	2.731079679430578	0.0610022103240319	223.0,222.0,282.0,330.0	9.0,431.0,13.0,710.8537008476555
000009	431	220	TP	0.4633267845448592	272.46884145801937	1.609016766690519	0.1322383177792174	480.0,244.0,547.0,298.0	9.0,431.0,13.0,703.4688414580194
000009	431	221	TP	0.9991796554552912	220.2762696737796	2.8511965755203947	0.15181205120554314	314.0,222.0,377.0,337.0	9.0,431.0,13.0,651.2762696737796
000009	437	222	TP	0.45740049751243783	458.2284324997459	1.4003248224026952	0.056033135100691134	231.0,232.0,307.0,288.0	9.0,437.0,13.0,895.2284324997458
000009	437	223	TP	0.9997726239199636	212.61477197092273	0.09443222628437573	0.04107991081075485	208.0,198.0,263.0,304.0	9.0,437.0,13.0,649.6147719709227
000009	437	224	TP	0.9165023011176857	125.93768656168274	1.4251165229431317	0.24741737228399635	478.0,255.0,537.0,318.0	9.0,437.0,13.0,562.9376865616828
000009	437	225	TP	0.7990946324638931	120.32821885791246	2.9501261678372925	0.0754480368449875	285.0,208.0,347.0,318.0	9.0,437.0,13.0,557.3282188579125
000009	451	*	FN	0.10486454995630644	*	*	*	346.0,225.0,437.0,283.0	*
000009	451	*	FN	0.7115933752141633	*	*	*	281.0,185.0,330.0,281.0	*
000009	451	*	FN	0.9983876746685776	*	*	*	303.0,263.0,425.0,338.0	*
000009	451	*	FN	0.40738928309273303	*	*	*	271.0,200.0,327.0,299.0	*
000009	451	*	FP	*	31.194431914240816	*	*	*	9.0,451.0,13.0,482.1944319142408
000009	451	*	FP	*	28.66627157744959	*	*	*	9.0,451.0,13.0,479.6662715774496
000009	451	*	FP	*	16.5107508720287	*	*	*	9.0,451.0,13.0,467.5107508720287
000009	465	226	TP	0.34786670819059484	291.3833351358433	1.2747325621197831	0.2876852381046054	437.0,237.0,496.0,309.0	9.0,465.0,13.0,756.3833351358433
000009	465	227	TP	0.47585427845241457	219.54582082846832	0.8275214660836779	0.246144582507723	409.0,188.0,460.0,287.0	9.0,465.0,13.0,684.5458208284683
000009	465	228	TP	0.9941579883159767	160.53369022116016	1.3241360626113452	0.2165926873485305	173.0,240.0,241.0,320.0	9.0,465.0,13.0,625.5336902211602
000009	465	229	TP	0.2557077625570776	145.47723870433174	2.2847868610623854	0.13610457875407933	332.0,197.0,385.0,292.0	9.0,465.0,13.0,610.4772387043317
000009	477	230	TP	0.9883624272651704	394.68135784512407	1.2182597207400792	0.0973540296612959	378.0,253.0,478.0,326.0	9.0,477.0,13.0,871.681357845124
000009	477	231	TP	0.8240422115164029	349.04952253284347	0.9892741861675897	0.04103229483212909	455.0,201.0,512.0,310.0	9.0,477.0,13.0,826.0495225328434
000009	477	232	TP	0.7738920711486282	233.32518659966325	0.8554097704538206	0.17389934852749941	215.0,222.0,290.0,289.0	9.0,477.0,13.0,710.3251865996633
000009	477	233	TP	0.21199692386567548	138.91787688990584	2.739729646849084	0.04505906438018265	385.0,201.0,441.0,299.0	9.0,477.0,13.0,615.9178768899059
000009	484	234	TP	0.9930789005339133	489.2996590805963	1.2728533152636266	0.07381952615837858	297.0,258.0,408.0,327.0	9.0,484.0,13.0,973.2996590805963
000009	484	235	TP	0.9855276381909548	320.3129480170147	0.14211644711885993	0.011691339862945696	425.0,208.0,485.0,324.0	9.0,484.0,13.0,804.3129480170147
000009	484	236	TP	0.056517775752051046	315.18840532113023	1.179318435391711	0.18875617097734385	276.0,220.0,369.0,279.0	9.0,484.0,13.0,799.1884053211302
000009	484	237	TP	0.5123128923225495	223.9237028643301	3.0389796450946838	0.051619113888821275	396.0,205.0,453.0,310.0	9.0,484.0,13.0,707.9237028643302
000009	490	238	TP	0.9970184853905785	508.62896186165204	1.3794160099143622	0.07611847300896697	243.0,256.0,349.0,322.0	9.0,490.0,13.0,998.628961861652
000009	490	239	TP	0.9928409947249435	393.03270662564404	1.241211268250998	0.3458708683374297	365.0,211.0,427.0,330.0	9.0,490.0,13.0,883.0327066256441
000009	490	240	TP	0.005896958410924891	351.6595611222038	0.24387636873566165	0.17631973577576948	341.0,222.0,434.0,278.0	9.0,490.0,13.0,841.6595611222037
000009	490	241	TP	0.3232758620689655	325.9706948466584	3.1146513519217236	0.026069036247752066	387.0,208.0,443.0,318.0	9.0,490.0,13.0,815.9706948466584
000009	495	242	TP	0.9544088176352705	501.51956830024244	1.4163412215937035	0.05493844452979741	224.0,251.0,308.0,314.0	9.0,495.0,13.0,996.5195683002424
000009	495	243	TP	0.998877245508982	422.97159564158073	2.9654681269986125	0.06809127417890119	305.0,211.0,367.0,329.0	9.0,495.0,13.0,917.9715956415807
000009	495	244	TP	0.18541300527240773	378.0220936486986	1.9076242574277082	0.14207603270999494	398.0,228.0,486.0,284.0	9.0,495.0,13.0,873.0220936486986
000009	495	245	TP	0.9893036454922506	308.1551900621689	3.1349701578468565	0.061985966054088425	366.0,210.0,424.0,323.0	9.0,495.0,13.0,803.1551900621689
000017	3	246	TP	0.9590114526823388	492.9564152723534	1.2922004208528963	0.1188528650488864	251.0,65.0,309.0,136.0	17.0,3.0,21.0,495.9564152723534
000017	3	247	TP	0.9997750787224472	439.8328938767579	0.09205736985703614	0.04771266201237005	279.0,213.0,339.0,323.0	17.0,3.0,21.0,442.8328938767579
000017	10	248	TP	0.9614918132201334	427.76342179206574	1.363156752191835	0.14729600454579087	362.0,51.0,417.0,123.0	17.0,10.0,21.0,437.76342179206574
000017	10	249	TP	0.9829351535836177	319.54752755924187	0.168318230294399	0.10506576666787934	277.0,188.0,364.0,285.0	17.0,10.0,21.0,329.54752755924187
000017	14	250	TP	0.9654859218891917	391.15066323390704	1.3981587342853574	0.1602668845495066	421.0,71.0,479.0,142.0	17.0,14.0,21.0,405.15066323390704
000017	14	251	TP	0.9979414455626715	165.2812627007486	0.4242254041642174	0.12060787871611503	283.0,182.0,381.0,261.0	17.0,14.0,21.0,179.2812627007486
000017	22	252	TP	0.9412816691505216	436.75148743965303	1.584160386918045	0.24206606723051932	504.0,161.0,567.0,229.0	17.0,22.0,21.0,458.75148743965303
000017	22	253	TP	0.9967889908256881	296.11643877502013	0.4196261200296321	0.1899017111706605	315.0,193.0,416.0,250.0	17.0,22.0,21.0,318.11643877502013
000017	29	254	TP	0.9508196721311475	319.6550607028116	1.7615129573536235	0.3401405191481931	515.0,270.0,580.0,337.0	17.0,29.0,21.0,348.6550607028116
000017	29	255	TP	0.9965245597775718	167.0209410139024	2.390059325584244	0.29761063978465707	356.0,198.0,444.0,278.0	17.0,29.0,21.0,196.0209410139024
000017	41	256	TP	0.9503142771625261	355.4499903931452	1.8509779181311112	0.4164941918764154	383.0,409.0,445.0,475.0	17.0,41.0,21.0,396.4499903931452
000017	41	257	TP	0.9894688644688645	190.99124086283123	0.6720052689119987	0.32071714595737394	374.0,235.0,438.0,331.0	17.0,41.0,21.0,231.99124086283123
000017	50	258	TP	0.9456202233980012	349.8923367053012	1.7299335642506175	0.27362265818538234	229.0,391.0,293.0,457.0	17.0,50.0,21.0,399.8923367053012
000017	50	259	TP	0.9597109700021896	317.5337308250572	0.4988107083969849	0.2279966808821279	338.0,287.0,437.0,354.0	17.0,50.0,21.0,367.5337308250572
000017	60	260	TP	0.9493780734741105	452.8247359354652	1.4496255608623965	0.15122078394274202	136.0,259.0,201.0,326.0	17.0,60.0,21.0,512.8247359354652
000017	60	261	TP	0.9345186470078057	303.3917024223405	0.24577167513888426	0.07155896022056003	292.0,276.0,395.0,351.0	17.0,60.0,21.0,363.3917024223405
000017	72	262	TP	0.9675524475524475	552.7496400092436	1.0915443148730786	0.11129333498853408	207.0,99.0,265.0,179.0	17.0,72.0,21.0,624.7496400092436
000017	72	263	TP	0.9538393253439857	487.8288862640207	0.11404774961794766	0.05022064568474947	273.0,228.0,334.0,338.0	17.0,72.0,21.0,559.8288862640206
000017	85	264	TP	0.9371428571428572	298.1115524935878	1.252407645813516	0.1852730747159001	400.0,70.0,455.0,152.0	17.0,85.0,21.0,383.1115524935878
000017	85	265	TP	0.999065638869423	240.2968206932964	0.08442211517706091	0.17943605777659227	280.0,186.0,375.0,273.0	17.0,85.0,21.0,325.2968206932964
000017	92	266	TP	0.9530816213214881	377.921664553443	1.454667087035974	0.16128694333432023	484.0,130.0,543.0,209.0	17.0,92.0,21.0,469.921664553443
000017	92	267	TP	0.9946198830409356	333.14267584354707	0.3426651394594063	0.1012136313643398	304.0,190.0,404.0,251.0	17.0,92.0,21.0,425.14267584354707
000017	107	268	TP	0.9540289256198347	258.0414239340157	1.156300234765243	0.29534505359957036	475.0,332.0,540.0,406.0	17.0,107.0,21.0,365.0414239340157
000017	107	269	TP	0.9984954864593781	187.30258108446208	2.050041464563581	0.2339949000609163	383.0,215.0,447.0,301.0	17.0,107.0,21.0,294.3025810844621
000017	121	270	TP	0.9245426829268293	288.70325090099493	1.7685432517705912	0.4028057689124311	250.0,380.0,314.0,454.0	17.0,121.0,21.0,409.70325090099493
000017	121	271	TP	0.8693244739756367	97.08700357307366	0.5457503476249207	0.20135475836093597	344.0,280.0,441.0,347.0	17.0,121.0,21.0,218.08700357307367
000017	128	272	TP	0.9642309657639244	298.87938352009576	1.586562823612168	0.330355306824036	159.0,309.0,225.0,384.0	17.0,128.0,21.0,426.87938352009576
000017	128	273	TP	0.7268261426740709	287.5340438550166	2.3526244681717263	0.3507685676247109	314.0,284.0,419.0,346.0	17.0,128.0,21.0,415.5340438550166
000017	136	274	TP	0.9809119830328739	247.04454037112043	1.2561054084382213	0.1418064960790882	139.0,194.0,202.0,272.0	17.0,136.0,21.0,383.04454037112043
000017	136	275	TP	0.7667320688903423	230.69594814536097	0.1193139497538234	0.06814827202914267	278.0,260.0,373.0,354.0	17.0,136.0,21.0,366.69594814536094
000017	151	276	TP	0.9684709821428571	479.65670161531926	1.004848276250673	0.09830677457565472	311.0,76.0,363.0,165.0	17.0,151.0,21.0,630.6567016153192
000017	151	277	TP	0.987027765134274	222.11292862961307	0.3563632520690652	0.07293894712225577	281.0,199.0,352.0,307.0	17.0,151.0,21.0,373.11292862961307
000017	159	278	TP	0.9661809183392907	390.34244506323915	1.2313118499821425	0.11611420913068315	425.0,96.0,480.0,184.0	17.0,159.0,21.0,549.3424450632392
000017	159	279	TP	0.9966362325804902	220.7721234297753	0.04715993933096353	0.06491019950085643	284.0,190.0,382.0,268.0	17.0,159.0,21.0,379.7721234297753
000017	168	280	TP	0.925414364640884	356.9655419268791	1.603075605786119	0.28064845789308157	509.0,178.0,570.0,265.0	17.0,168.0,21.0,524.965541926879
000017	168	281	TP	0.9976036424634556	308.9674578916136	1.0252428040253547	0.1553664976190263	324.0,204.0,422.0,258.0	17.0,168.0,21.0,476.9674578916136
000017	184	282	TP	0.9403539436311995	178.61255322928716	0.8701872613505851	0.3603776364458831	407.0,353.0,473.0,441.0	17.0,184.0,21.0,362.6125532292872
000017	184	283	TP	0.9875553097345132	168.51060576295993	1.061997891924906	0.9471016776297395	379.0,241.0,439.0,319.0	17.0,184.0,21.0,352.5106057629599
000017	189	284	TP	0.9328438782120493	245.95789446691523	2.1521233673777185	0.6729573599719437	319.0,366.0,384.0,455.0	17.0,189.0,21.0,434.95789446691526
000017	189	285	TP	0.881786771964462	190.140574253498	0.0879381695944289	0.00414718677280067	360.0,263.0,440.0,334.0	17.0,189.0,21.0,379.140574253498
000017	195	286	TP	0.9704347826086956	256.1695112835419	1.8658781569423564	0.521726065727979	215.0,339.0,281.0,428.0	17.0,195.0,21.0,451.1695112835419
000017	195	287	TP	0.5854877253964805	182.58360367640722	0.652345723597862	0.45494513077499876	335.0,279.0,437.0,339.0	17.0,195.0,21.0,377.5836036764072
000017	200	288	TP	0.9770345596432553	199.5465854148025	1.293494484837249	0.3941180789111691	157.0,289.0,223.0,378.0	17.0,200.0,21.0,399.5465854148025
000017	200	289	TP	0.4979748454487316	161.5203806563214	1.084013243121707	0.11321756559319199	314.0,276.0,419.0,341.0	17.0,200.0,21.0,361.52038065632144
000017	215	290	TP	0.9632566745968808	452.5687722574936	0.8986415260956752	0.10587711269382158	199.0,118.0,256.0,205.0	17.0,215.0,21.0,667.5687722574936
000017	215	291	TP	0.7941304347826087	254.8585601126616	0.37477164874882996	0.07780848494687871	273.0,230.0,336.0,339.0	17.0,215.0,21.0,469.8585601126616
000017	224	292	TP	0.9890387858347386	360.62134386548684	0.8710348522315169	0.08914121154897817	319.0,97.0,369.0,191.0	17.0,224.0,21.0,584.6213438654868
000017	224	293	TP	0.893646408839779	342.59720131131525	0.38228490391557207	0.14246818120113933	279.0,203.0,353.0,305.0	17.0,224.0,21.0,566.5972013113153
000017	231	294	TP	0.9546703296703297	388.04753666321915	1.195437748842874	0.126786688392419	418.0,111.0,470.0,205.0	17.0,231.0,21.0,619.0475366632191
000017	231	295	TP	0.8782991202346041	330.06205326249346	0.11900233811068711	0.13498454176047864	284.0,197.0,381.0,276.0	17.0,231.0,21.0,561.0620532624935
000017	240	296	TP	0.914195430238211	366.800042677286	1.4633867295601408	0.23334423578532107	504.0,177.0,563.0,270.0	17.0,240.0,21.0,606.800042677286
000017	240	297	TP	0.9872922776148583	240.50284976729452	2.653885010823959	0.17467621438688974	321.0,208.0,418.0,264.0	17.0,240.0,21.0,480.5028497672945
000017	256	298	TP	0.9667240390131956	191.37988186651546	0.10368324582551874	0.01692860574779736	417.0,320.0,484.0,423.0	17.0,256.0,21.0,447.37988186651546
000017	256	299	TP	0.9860891558646854	160.13479617323472	1.2228385903815955	0.09583850613271436	381.0,246.0,439.0,312.0	17.0,256.0,21.0,416.1347961732347
000017	268	300	TP	0.9881203295650508	206.4183880846085	0.8477697921113057	1.0192845906711616	208.0,308.0,274.0,410.0	17.0,268.0,21.0,474.4183880846085
000017	268	301	TP	0.4114459137220898	178.4232748326635	1.2932731731700118	0.8481376612416903	333.0,272.0,435.0,330.0	17.0,268.0,21.0,446.42327483266354
000017	278	302	TP	0.9993394980184941	247.04620873287146	0.6977570767232255	0.5062867847011084	139.0,212.0,201.0,310.0	17.0,278.0,21.0,525.0462087328715
000017	278	303	TP	0.3247422680412371	126.41465923751436	0.4658322105828852	0.43913972804972873	287.0,256.0,389.0,342.0	17.0,278.0,21.0,404.41465923751434
000017	297	304	TP	0.9810881582775677	212.49406908052936	0.4237261580380911	0.23900220093452823	346.0,122.0,394.0,218.0	17.0,297.0,21.0,509.49406908052936
000017	297	305	TP	0.5294257803192757	150.4100269268851	0.5212746103780778	0.27095648973892994	278.0,207.0,360.0,299.0	17.0,297.0,21.0,447.4100269268851
000017	302	306	TP	0.9327683615819209	233.30323980474324	0.21981900320951697	0.1467855263353947	413.0,132.0,464.0,228.0	17.0,302.0,21.0,535.3032398047433
000017	302	307	TP	0.5711472181191531	228.76097675711728	0.9325964586357353	0.46552584638665634	284.0,205.0,380.0,282.0	17.0,302.0,21.0,530.7609767571173
000017	308	308	TP	0.94116122343183	278.51653723761143	0.4873468541131643	0.3086850155887653	479.0,160.0,533.0,257.0	17.0,308.0,21.0,586.5165372376114
000017	308	309	TP	0.8619131308059251	260.47622002556744	2.9264721631380164	0.2754830159773251	305.0,208.0,403.0,269.0	17.0,308.0,21.0,568.4762200255675
000017	324	310	TP	0.9809506195672276	267.2243985354653	0.3549164428019757	0.11989243234928736	464.0,274.0,530.0,383.0	17.0,324.0,21.0,591.2243985354653
000017	324	311	TP	0.9868512110726644	260.0996752621212	1.5948019047537434	0.10301702124725291	383.0,238.0,444.0,298.0	17.0,324.0,21.0,584.0996752621212
000017	332	312	TP	0.988009592326139	307.3321641834508	0.6425469752128354	0.3946178041339522	335.0,299.0,400.0,413.0	17.0,332.0,21.0,639.3321641834508
000017	332	313	TP	0.7112068965517241	128.18604278224365	2.118322664023846	0.08854996568126818	364.0,255.0,438.0,315.0	17.0,332.0,21.0,460.18604278224365
000017	341	314	TP	0.9985449254274281	284.68717221138525	0.6288953400208224	0.33132163628104877	186.0,267.0,251.0,378.0	17.0,341.0,21.0,625.6871722113852
000017	341	315	TP	0.26280956447480786	139.87094394885315	1.3595715802175283	0.12095090316731165	326.0,260.0,430.0,324.0	17.0,341.0,21.0,480.87094394885315
000017	358	316	TP	0.7508434985725408	242.85349393227517	0.5676923523754743	0.26864569095205904	199.0,147.0,252.0,245.0	17.0,358.0,21.0,600.8534939322751
000017	358	317	TP	0.454668776848293	199.02655776328018	0.6602777958496174	0.1974206956577464	274.0,230.0,337.0,329.0	17.0,358.0,21.0,557.0265577632802
000017	360	318	TP	0.6836393989983306	86.93466127481553	0.4703473631243277	0.5586927182460587	223.0,159.0,273.0,257.0	17.0,360.0,21.0,446.93466127481554
000017	360	319	TP	0.45532776512275375	79.99652117815266	1.0012495183010452	4.023277992108308	277.0,227.0,336.0,317.0	17.0,360.0,21.0,439.99652117815265
000017	369	320	TP	0.9029918404351768	195.6801004705954	0.2901059520754416	0.040438565865173255	342.0,150.0,390.0,245.0	17.0,369.0,21.0,564.6801004705953
000017	369	321	TP	0.16154806491885143	159.8061544975157	0.9962039674670609	0.14051482563871223	278.0,216.0,359.0,298.0	17.0,369.0,21.0,528.8061544975158
000017	386	322	TP	0.5641025641025641	323.5666439934942	1.3464884286214582	0.3355097911777538	511.0,200.0,569.0,303.0	17.0,386.0,21.0,709.5666439934942
000017	386	323	TP	0.9282024793388429	252.8282014318818	0.67863895022999	0.15837357031628344	336.0,222.0,428.0,280.0	17.0,386.0,21.0,638.8282014318818
000017	397	324	TP	0.9638098667626935	251.76029624992927	0.3576977450619877	0.22392093196345053	456.0,250.0,521.0,364.0	17.0,397.0,21.0,648.7602962499293
000017	397	325	TP	0.9695603156708005	84.67758568740645	1.5960610693019435	0.13628765923945513	383.0,239.0,442.0,294.0	17.0,397.0,21.0,481.67758568740646
000017	404	326	TP	0.992494996664443	53.98878741908784	0.5837844076902106	0.8335519059982901	341.0,263.0,407.0,382.0	17.0,404.0,21.0,457.9887874190878
000017	404	327	TP	0.38330341113105926	38.75121747566879	2.171567010119159	0.6201478372657055	365.0,248.0,436.0,306.0	17.0,404.0,21.0,442.7512174756688
000017	411	328	TP	0.9993084370677732	323.85318105428206	0.3878620461025854	0.16294125370184412	218.0,250.0,282.0,366.0	17.0,411.0,21.0,734.853181054282
000017	411	329	TP	0.052330694810905895	320.21170126556194	1.3357028503259634	0.12792950474176415	335.0,250.0,436.0,314.0	17.0,411.0,21.0,731.2117012655619
000017	415	330	TP	0.9998148833765272	317.47991663518263	0.03396020220398817	0.011951865547379543	170.0,234.0,233.0,346.0	17.0,415.0,21.0,732.4799166351827
000017	415	331	TP	0.035867697594501716	243.520293651422	1.2520711914941873	0.12917677590410884	318.0,248.0,423.0,315.0	17.0,415.0,21.0,658.520293651422
000017	427	332	TP	0.5155155155155156	96.2724458989139	1.6988021786227427	1.4518527089485576	172.0,175.0,225.0,277.0	17.0,427.0,21.0,523.2724458989139
000017	427	333	TP	0.05733634311512415	82.86167804410083	0.851019355803287	0.25366318754309236	273.0,234.0,354.0,323.0	17.0,427.0,21.0,509.8616780441008
000017	437	334	TP	0.8102466793168881	26.744498126687425	1.2088501381823438	1.3402005235663859	288.0,180.0,335.0,273.0	17.0,437.0,21.0,463.7444981266874
000017	437	335	TP	0.4737903225806452	19.80141173117245	1.1554382318849339	0.29077778740387394	283.0,226.0,344.0,302.0	17.0,437.0,21.0,456.80141173117244
000017	446	336	TP	0.602991586163914	70.30935205418135	1.9351502201596162	0.5238944736833215	407.0,183.0,455.0,277.0	17.0,446.0,21.0,516.3093520541813
000017	446	337	TP	0.08473711077080143	43.988514466304316	2.04679671567049	0.4465596624997872	284.0,223.0,378.0,290.0	17.0,446.0,21.0,489.9885144663043
000017	453	338	TP	0.5690989496959646	267.3776696842618	1.6311343584580356	0.4049874428120112	480.0,192.0,532.0,290.0	17.0,453.0,21.0,720.3776696842617
000017	453	339	TP	0.7253707627118644	240.9459907972681	0.23579821898844347	0.3019992929021655	309.0,225.0,405.0,285.0	17.0,453.0,21.0,693.9459907972681
000017	462	*	FN	0.43126626192541195	*	*	*	510.0,209.0,569.0,318.0	*
000017	462	*	FN	0.5299121066061809	*	*	*	358.0,231.0,440.0,290.0	*
000017	468	*	FN	0.9545539554890593	*	*	*	468.0,218.0,531.0,335.0	*
000017	468	*	FN	0.35374868004223864	*	*	*	383.0,234.0,443.0,294.0	*
000017	485	340	TP	0.9761948028348174	517.4228677952518	0.1825759995155001	0.02970500065156504	194.0,212.0,256.0,331.0	17.0,485.0,21.0,1002.4228677952518
000017	485	341	TP	0.09150469534832933	308.8485099663302	1.1726418005964878	0.0997520873449454	328.0,239.0,431.0,306.0	17.0,485.0,21.0,793.8485099663302
000018	2	342	TP	0.6929746554024011	181.7456712208752	0.881145199231671	0.10382654116717253	214.0,225.0,309.0,316.0	18.0,2.0,22.0,183.7456712208752
000018	2	343	TP	0.9276393831553974	129.727802544555	2.071339207529044	0.8990695639707035	277.0,252.0,338.0,320.0	18.0,2.0,22.0,131.727802544555
000018	13	344	TP	0.662089830114033	176.19343701138715	1.0992891890867664	0.07808141187844471	250.0,170.0,355.0,230.0	18.0,13.0,22.0,189.19343701138715
000018	13	345	TP	0.944030961595713	172.68844335237114	1.5000706068789982	0.8852796221887017	273.0,200.0,333.0,268.0	18.0,13.0,22.0,185.68844335237114
000018	19	346	TP	0.7448807516261142	161.86190544049907	0.6752691033368785	0.0841870621088774	309.0,145.0,396.0,224.0	18.0,19.0,22.0,180.86190544049907
000018	19	347	TP	0.9507168458781362	85.35708694456297	1.9156294058711105	0.42197296406875606	292.0,176.0,352.0,245.0	18.0,19.0,22.0,104.35708694456297
000018	30	348	TP	0.8574550752792618	177.75206108087542	0.6301100550346203	0.07053215917222834	397.0,163.0,458.0,256.0	18.0,30.0,22.0,207.75206108087542
000018	30	349	TP	0.9533974744437763	155.98425010243446	1.917170922866802	0.201376035600829	347.0,167.0,405.0,235.0	18.0,30.0,22.0,185.98425010243446
000018	35	350	TP	0.8444027223656418	200.2514293461202	0.7869360830355565	0.3276767581006136	408.0,205.0,488.0,290.0	18.0,35.0,22.0,235.2514293461202
000018	35	351	TP	0.941282746160795	160.82754403033732	1.1379723135235884	0.08414940683518411	370.0,179.0,428.0,247.0	18.0,35.0,22.0,195.82754403033732
000018	43	352	TP	0.7686895338610378	237.74874456808934	0.4973162514423201	0.2711398826509959	402.0,279.0,504.0,340.0	18.0,43.0,22.0,280.74874456808936
000018	43	353	TP	0.9515550239234449	136.89035704192437	1.4982025664123273	0.24722390915350884	389.0,212.0,448.0,280.0	18.0,43.0,22.0,179.89035704192437
000018	49	354	TP	0.7389627089584226	358.40203135138324	1.4889084208280619	0.38107642627940314	366.0,306.0,475.0,375.0	18.0,49.0,22.0,407.40203135138324
000018	49	355	TP	0.9545184304399524	227.57589097341966	1.2404198960009685	0.5403324059579586	386.0,241.0,446.0,309.0	18.0,49.0,22.0,276.57589097341963
000018	55	356	TP	0.7512744265080714	280.69826555157215	1.7212134578920075	0.23320952819398383	322.0,317.0,415.0,415.0	18.0,55.0,22.0,335.69826555157215
000018	55	357	TP	0.9281685960225586	251.04516244967638	1.4357366150023556	0.25451307570272513	367.0,266.0,427.0,334.0	18.0,55.0,22.0,306.04516244967635
000018	67	358	TP	0.7542869546342522	165.08292397546668	0.7254784319795118	0.12735903926793754	253.0,273.0,318.0,387.0	18.0,67.0,22.0,232.08292397546668
000018	67	359	TP	0.9311776920795016	155.1837816209503	0.40893407928990994	0.0648129731066224	307.0,275.0,367.0,343.0	18.0,67.0,22.0,222.1837816209503
000018	86	360	TP	0.500242013552759	61.650237944634036	1.6793661038287766	0.40581146118417355	264.0,173.0,365.0,232.0	18.0,86.0,22.0,147.65023794463403
000018	86	361	TP	0.9382582906443785	51.392545417279216	0.6476712319612613	0.2720747180907131	278.0,186.0,337.0,265.0	18.0,86.0,22.0,137.39254541727922
000018	92	362	TP	0.5793444328824141	139.63049514978903	1.2911709418220925	0.08296213444813234	325.0,156.0,404.0,230.0	18.0,92.0,22.0,231.63049514978903
000018	92	363	TP	0.938891906572515	81.82109271848125	1.6231599245504196	0.3654247045859062	300.0,167.0,358.0,246.0	18.0,92.0,22.0,173.82109271848125
000018	106	364	TP	0.8262839879154078	255.90851317291876	1.0247729383265813	0.5414935025945242	407.0,209.0,483.0,287.0	18.0,106.0,22.0,361.9085131729188
000018	106	365	TP	0.9361876193073357	154.97386145424628	1.9824370839510141	0.3143988981367923	368.0,172.0,426.0,251.0	18.0,106.0,22.0,260.9738614542463
000018	112	366	TP	0.706536541080345	200.89551092033687	0.7848270574692948	0.5278902994187674	407.0,260.0,506.0,323.0	18.0,112.0,22.0,312.89551092033685
000018	112	367	TP	0.9391634980988594	155.3523142786438	1.0488632285408044	0.6541038548026008	386.0,193.0,445.0,271.0	18.0,112.0,22.0,267.3523142786438
000018	130	368	TP	0.6830646849487125	243.58833091030067	1.7294232047992206	0.42480361463388394	299.0,310.0,373.0,418.0	18.0,130.0,22.0,373.58833091030067
000018	130	369	TP	0.9555908009516257	158.91221519563683	0.3892268070530182	0.06067081529033254	353.0,259.0,413.0,336.0	18.0,130.0,22.0,288.9122151956368
000018	139	370	TP	0.754169374052415	336.23504613091507	0.07035353670857784	0.3775663378797797	250.0,267.0,317.0,381.0	18.0,139.0,22.0,475.23504613091507
000018	139	371	TP	0.9629139072847682	159.3745355690204	0.6015616167426509	0.017739886388876257	305.0,259.0,365.0,335.0	18.0,139.0,22.0,298.3745355690204
000018	151	372	TP	0.47902507616592455	208.2281128092208	1.215846965457446	0.2752354006005036	218.0,204.0,319.0,271.0	18.0,151.0,22.0,359.22811280922076
000018	151	373	TP	0.91985559566787	78.22294052764698	1.331233495466333	0.13330670555545085	271.0,209.0,330.0,298.0	18.0,151.0,22.0,229.22294052764698
000018	162	374	TP	0.301498127340824	121.41636920759969	1.2862846698554433	0.05511848230971051	300.0,176.0,389.0,237.0	18.0,162.0,22.0,283.4163692075997
000018	162	375	TP	0.8760640961442163	99.72034248424605	0.054670319212549466	0.002713179964991567	292.0,171.0,349.0,260.0	18.0,162.0,22.0,261.72034248424603
000018	174	376	TP	0.730722525804493	245.58684074077985	1.0436944342588357	0.6377742064287943	397.0,192.0,456.0,265.0	18.0,174.0,22.0,419.58684074077985
000018	174	377	TP	0.8618488253319714	118.04469105000815	0.22317749501023917	0.047599413400977335	349.0,162.0,404.0,251.0	18.0,174.0,22.0,292.04469105000817
000018	190	378	TP	0.48617021276595745	275.30074737464065	1.5309134472331907	0.39411171288526853	387.0,284.0,495.0,349.0	18.0,190.0,22.0,465.30074737464065
000018	190	379	TP	0.9190499272903538	181.3300945062517	0.44404937554735885	0.0324396106012327	389.0,205.0,448.0,297.0	18.0,190.0,22.0,371.3300945062517
000018	195	380	TP	0.49135956693733085	241.93988058919774	1.7567636571224259	0.2590224749455945	350.0,298.0,460.0,383.0	18.0,195.0,22.0,436.93988058919774
000018	195	381	TP	0.9117228286663502	134.8492839154947	0.19692156861116109	0.047583640219089764	381.0,224.0,441.0,316.0	18.0,195.0,22.0,329.8492839154947
000018	206	382	TP	0.6761306023119042	212.75149028239187	0.24795287839702973	0.32922772107637177	279.0,294.0,340.0,404.0	18.0,206.0,22.0,418.75149028239184
000018	206	383	TP	0.9278087279480037	199.15817741535727	0.06100167258149962	0.00913106361183292	334.0,248.0,394.0,338.0	18.0,206.0,22.0,405.1581774153573
000018	229	384	TP	0.07971014492753623	174.8786687312107	1.6615928305977967	0.4652962948581122	251.0,195.0,352.0,251.0	18.0,229.0,22.0,403.8786687312107
000018	229	385	TP	0.8272093023255814	106.38828983625886	0.17279785096551115	0.046008514938424304	277.0,185.0,334.0,281.0	18.0,229.0,22.0,335.3882898362589
000018	236	386	TP	0.25242433147223037	87.88985438733616	1.170374024581065	0.0378375270958589	317.0,188.0,398.0,246.0	18.0,236.0,22.0,323.8898543873362
000018	236	387	TP	0.8087880251086431	64.33332901154552	0.6383318826595386	0.3099716771268784	300.0,170.0,355.0,265.0	18.0,236.0,22.0,300.3333290115455
000018	246	388	TP	0.5460273013650683	105.05516863891701	1.3606168450909457	0.06281207238807089	394.0,206.0,451.0,269.0	18.0,246.0,22.0,351.055168638917
000018	246	389	TP	0.8025024533856723	96.85632735944421	0.8994184196252977	0.06286731461957497	346.0,165.0,401.0,260.0	18.0,246.0,22.0,342.8563273594442
000018	266	390	TP	0.25261615738802845	383.69845900565787	1.779378715963101	0.3975205060935501	362.0,284.0,474.0,363.0	18.0,266.0,22.0,649.6984590056579
000018	266	391	TP	0.8952402135231317	174.84036748777368	0.05933821997320177	0.010624345175735116	385.0,207.0,444.0,310.0	18.0,266.0,22.0,440.8403674877737
000018	272	392	TP	0.299089469517023	236.89774314767885	0.6320614029463512	0.44388112277793196	318.0,291.0,412.0,393.0	18.0,272.0,22.0,508.89774314767885
000018	272	393	TP	0.9481193255512321	114.86224426548087	0.48326856656285966	0.45905396095942497	366.0,225.0,426.0,326.0	18.0,272.0,22.0,386.86224426548085
000018	279	394	TP	0.6243460764587525	288.2690903861837	0.5593989529404103	0.2873297787775923	277.0,280.0,337.0,390.0	18.0,279.0,22.0,567.2690903861837
000018	279	395	TP	0.9534735500318674	156.1413890437926	0.6562428142489226	0.050813445755591484	332.0,234.0,392.0,333.0	18.0,279.0,22.0,435.1413890437926
000018	291	396	TP	0.48496066635816754	106.68598815574026	0.3749683165588859	0.13372498453875623	212.0,227.0,311.0,307.0	18.0,291.0,22.0,397.68598815574023
000018	291	397	TP	0.4713334764870088	94.77380446907584	0.7370668132503032	0.22968215664532934	279.0,207.0,336.0,310.0	18.0,291.0,22.0,385.77380446907586
000018	309	398	TP	0.15477748691099477	19.172968570467695	1.6442306621609515	0.04776513524925231	333.0,202.0,406.0,256.0	18.0,309.0,22.0,328.1729685704677
000018	309	399	TP	0.7003162247628314	15.829423480517887	0.5108278231191505	0.05885598784441913	308.0,172.0,362.0,270.0	18.0,309.0,22.0,324.8294234805179
000018	316	400	TP	0.3755020080321285	28.72237199388936	1.3304258227577963	0.1588294427333626	389.0,213.0,442.0,270.0	18.0,316.0,22.0,344.72237199388934
000018	316	401	TP	0.6705969049373618	25.182375286820548	2.573596931461691	0.19575499856911438	340.0,171.0,393.0,268.0	18.0,316.0,22.0,341.18237528682056
000018	324	402	TP	0.398105625717566	59.12488750173362	1.5218551909013238	0.697074245189571	408.0,238.0,488.0,294.0	18.0,324.0,22.0,383.1248875017336
000018	324	403	TP	0.76	45.20612789092786	0.36438095584829294	0.22440597617706506	374.0,175.0,429.0,277.0	18.0,324.0,22.0,369.20612789092786
000018	336	404	TP	0.07379295804343243	142.75607021099287	1.2160219796727505	0.04762237020890412	373.0,270.0,485.0,343.0	18.0,336.0,22.0,478.7560702109929
000018	336	405	TP	0.8959246275197196	119.83725169064438	0.5850692221484518	0.2352789158969171	387.0,196.0,445.0,304.0	18.0,336.0,22.0,455.8372516906444
000018	342	406	TP	0.09117762898779047	120.98253546127076	2.1322398810787013	3.52221471869604	328.0,277.0,430.0,371.0	18.0,342.0,22.0,462.98253546127074
000018	342	407	TP	0.8894493484657419	46.16994020960959	2.5197799271371184	0.307014239944352	372.0,209.0,431.0,318.0	18.0,342.0,22.0,388.1699402096096
000018	350	408	TP	0.5234941006002898	288.1356739310243	2.504162556071235	0.1801805452907127	279.0,268.0,341.0,373.0	18.0,350.0,22.0,638.1356739310243
000018	350	409	TP	0.9305923061266029	207.80603876292832	0.5537281995138285	0.3244672475046886	335.0,220.0,394.0,326.0	18.0,350.0,22.0,557.8060387629283
000018	357	410	TP	0.5746557659208261	285.0318590006716	0.8048090647667384	0.07528846623263782	234.0,248.0,313.0,344.0	18.0,357.0,22.0,642.0318590006716
000018	357	411	TP	0.9462767060775773	202.13837846923352	0.5433404316836653	0.09768071738925911	299.0,217.0,358.0,322.0	18.0,357.0,22.0,559.1383784692335
000018	373	*	FN	0.005246589716684155	*	*	*	251.0,216.0,351.0,274.0	*
000018	373	*	FN	0.4247704261831881	*	*	*	280.0,189.0,334.0,289.0	*
000018	391	*	FN	0.017380759902991108	*	*	*	397.0,228.0,454.0,281.0	*
000018	391	*	FN	0.6353535353535353	*	*	*	352.0,177.0,405.0,278.0	*
000018	399	*	FN	0.2952674897119342	*	*	*	408.0,244.0,498.0,302.0	*
000018	399	*	FN	0.7240125999515387	*	*	*	381.0,181.0,435.0,287.0	*
000018	407	412	TP	0.005383290267011198	40.38161056235672	1.0745849660569102	0.04064382784319169	385.0,257.0,494.0,326.0	18.0,407.0,22.0,447.38161056235674
000018	407	413	TP	0.7215447154471545	33.34975090264013	0.4571879086884499	0.415806077431594	388.0,190.0,445.0,300.0	18.0,407.0,22.0,440.34975090264015
000018	415	*	FN	0.020771513353115726	*	*	*	325.0,262.0,426.0,351.0	*
000018	415	*	FN	0.7313559322033898	*	*	*	370.0,200.0,429.0,312.0	*
000018	426	414	TP	0.3776912505726065	33.40161178384093	1.7621393225783233	0.5656317774752474	259.0,250.0,324.0,344.0	18.0,426.0,22.0,459.4016117838409
000018	426	415	TP	0.9574249280131633	33.317936996511094	1.416178766154884	0.30705649614501845	318.0,207.0,377.0,317.0	18.0,426.0,22.0,459.3179369965111
000018	439	416	TP	0.0010170353419781336	60.13389436473252	2.5452925223013767	0.9368166408307943	219.0,229.0,318.0,292.0	18.0,439.0,22.0,499.1338943647325
000018	439	417	TP	0.21846011131725418	47.10213015383024	2.2604262923623475	0.14081103839754425	278.0,190.0,333.0,296.0	18.0,439.0,22.0,486.1021301538302
000018	452	*	FN	0.0881334592382751	*	*	*	316.0,227.0,395.0,283.0	*
000018	452	*	FN	0.2631849755595575	*	*	*	303.0,186.0,355.0,287.0	*
000018	461	*	FN	0.07986548970155527	*	*	*	390.0,232.0,442.0,288.0	*
000018	461	*	FN	0.14918292040063258	*	*	*	343.0,184.0,394.0,285.0	*
000018	466	*	FN	0.4380704041720991	*	*	*	364.0,186.0,417.0,288.0	*
000018	473	*	FN	0.16427889207258833	*	*	*	406.0,242.0,501.0,305.0	*
000018	473	*	FN	0.6376089663760897	*	*	*	384.0,188.0,437.0,293.0	*
000018	480	*	FN	0.4292375845185358	*	*	*	387.0,191.0,443.0,300.0	*
000018	487	*	FN	0.0042796005706134095	*	*	*	327.0,247.0,427.0,328.0	*
000018	487	*	FN	0.46945478432231225	*	*	*	371.0,193.0,428.0,305.0	*
000018	491	*	FN	0.15493601462522852	*	*	*	300.0,246.0,375.0,330.0	*
000018	491	*	FN	0.6905579399141631	*	*	*	354.0,195.0,411.0,307.0	*
000018	491	*	FP	*	37.674864187874746	*	*	*	18.0,491.0,22.0,528.6748641878747
000018	496	*	FN	0.18015187221785808	*	*	*	272.0,242.0,330.0,325.0	*
000018	496	*	FN	0.6207703766758885	*	*	*	328.0,195.0,386.0,307.0	*
000020	3	418	TP	0.9801016088060965	472.6629531046658	1.586243187402111	0.10995336203083987	328.0,233.0,418.0,311.0	20.0,3.0,24.0,475.6629531046658
000020	3	419	TP	0.9587046294283851	368.570406602528	3.070184370450431	0.1400123075153313	333.0,177.0,438.0,250.0	20.0,3.0,24.0,371.570406602528
000020	3	420	TP	0.9955780164245104	184.86057295956203	2.66060738166669	0.14490368105096058	197.0,192.0,302.0,260.0	20.0,3.0,24.0,187.86057295956203
000020	3	421	TP	0.9830902557598816	127.2044123212057	2.7718707241138594	0.26966953916309283	406.0,302.0,491.0,405.0	20.0,3.0,24.0,130.2044123212057
000020	11	422	TP	0.9852330410706045	403.0065690668128	1.6261739904398982	0.14108753892442807	311.0,248.0,402.0,308.0	20.0,11.0,24.0,414.0065690668128
000020	11	423	TP	0.9754561251086012	283.92156757339495	0.09863103368331608	0.05765387880860531	384.0,183.0,462.0,293.0	20.0,11.0,24.0,294.92156757339495
000020	11	424	TP	0.9908604547481052	259.00618206456494	0.6984941441047546	0.1587947906779777	256.0,120.0,326.0,221.0	20.0,11.0,24.0,270.00618206456494
000020	11	425	TP	0.9991683991683992	169.4359198125886	0.41872642894209844	0.2124639926757647	346.0,336.0,407.0,452.0	20.0,11.0,24.0,180.4359198125886
000020	17	426	TP	0.9931645569620253	527.3661557427728	1.3437446578578707	0.0834008321094161	310.0,244.0,386.0,312.0	20.0,17.0,24.0,544.3661557427728
000020	17	427	TP	0.9846219564288765	397.9237410218984	2.5352396956756245	0.13150454571496661	394.0,211.0,451.0,322.0	20.0,17.0,24.0,414.9237410218984
000020	17	428	TP	0.9516897255613518	351.1130661596024	0.5444273242055373	0.09595459308908459	325.0,101.0,382.0,207.0	20.0,17.0,24.0,368.1130661596024
000020	17	429	TP	0.9987513007284079	224.1449055773288	2.58399937075573	0.11137222825723885	270.0,332.0,356.0,436.0	20.0,17.0,24.0,241.1449055773288
000020	21	430	TP	0.9954714970697922	461.01821872073106	1.3295362235659072	0.10132413706379248	308.0,237.0,375.0,308.0	20.0,21.0,24.0,482.01821872073106
000020	21	431	TP	0.990899470899471	384.2649549200177	2.93784346757434	0.15241692426383252	375.0,232.0,445.0,339.0	20.0,21.0,24.0,405.2649549200177
000020	21	432	TP	0.9490187232122717	344.4522730878214	0.5671105237680217	0.07334995389852052	361.0,110.0,431.0,206.0	20.0,21.0,24.0,365.4522730878214
000020	21	433	TP	0.996031746031746	281.9582732365518	0.2021094285085609	0.09725546751250294	221.0,310.0,323.0,399.0	20.0,21.0,24.0,302.9582732365518
000020	28	434	TP	0.9959261271048343	407.13497086155866	1.8284854769754129	0.20857807222535513	300.0,222.0,365.0,294.0	20.0,28.0,24.0,435.13497086155866
000020	28	435	TP	0.9890337264638941	365.44475825987416	2.955196456698887	0.15002259335552312	338.0,274.0,442.0,364.0	20.0,28.0,24.0,393.44475825987416
000020	28	436	TP	0.9672774869109948	278.8087825375641	2.7897097850562154	0.09334177570158984	397.0,153.0,500.0,224.0	20.0,28.0,24.0,306.8087825375641
000020	28	437	TP	0.9888364104765994	81.21146218373397	1.6962915991140355	0.3199460194091373	181.0,263.0,294.0,321.0	20.0,28.0,24.0,109.21146218373397
000020	41	438	TP	0.9704100652376515	520.6918151958097	2.023685330583165	0.11006168150302093	304.0,200.0,395.0,262.0	20.0,41.0,24.0,561.6918151958097
000020	41	439	TP	0.9922210849539407	368.9091289635727	0.5286817826141218	0.08773793692622843	269.0,268.0,374.0,342.0	20.0,41.0,24.0,409.9091289635727
000020	41	440	TP	0.9869375907111756	191.52927834590986	0.6733098988220946	0.2444253644126757	413.0,271.0,517.0,359.0	20.0,41.0,24.0,232.52927834590986
000020	41	441	TP	0.951761645779144	101.35701054239856	1.4394501315252037	0.34834987118965177	258.0,132.0,326.0,223.0	20.0,41.0,24.0,142.35701054239854
000020	51	442	TP	0.9651858180264844	370.26037846334015	0.9039805722011081	0.14227807241638563	327.0,189.0,410.0,278.0	20.0,51.0,24.0,421.26037846334015
000020	51	443	TP	0.9891072191371209	226.21698180370393	2.1131328119569335	0.4571423475212181	263.0,214.0,324.0,318.0	20.0,51.0,24.0,277.2169818037039
000020	51	444	TP	0.9971688574317492	180.3669824589046	0.3962621304309772	0.24779497314258875	359.0,314.0,422.0,432.0	20.0,51.0,24.0,231.3669824589046
000020	51	445	TP	0.9228372873232686	75.48870189665728	1.675137293229533	0.19953878001249642	345.0,113.0,414.0,207.0	20.0,51.0,24.0,126.48870189665728
000020	58	446	TP	0.973585690515807	393.4027297157765	0.8755699506597657	0.1508597774542109	346.0,198.0,412.0,300.0	20.0,58.0,24.0,451.4027297157765
000020	58	447	TP	0.9592847910383455	264.49438479920303	0.9896488305929967	0.16055253345099943	272.0,180.0,348.0,278.0	20.0,58.0,24.0,322.49438479920303
000020	58	448	TP	0.99738430583501	258.3286534942607	0.6790825822642689	0.20707589647171665	271.0,314.0,353.0,423.0	20.0,58.0,24.0,316.3286534942607
000020	58	449	TP	0.9894106813996317	229.8576442777066	1.752768790377644	0.07327358134110369	401.0,163.0,498.0,230.0	20.0,58.0,24.0,287.85764427770664
000020	67	450	TP	0.979822935968705	406.0191914802262	1.6016526081437483	0.21858662060085884	354.0,211.0,423.0,316.0	20.0,67.0,24.0,473.0191914802262
000020	67	451	TP	0.936989247311828	388.16957397229066	0.3767168027998234	0.05476974845736189	290.0,167.0,396.0,230.0	20.0,67.0,24.0,455.16957397229066
000020	67	452	TP	0.9943112555871597	234.9493091731561	2.9749116597803336	0.10553250249866748	193.0,280.0,310.0,348.0	20.0,67.0,24.0,301.9493091731561
000020	67	453	TP	0.9660979877515311	206.96933586991364	1.7127433111593424	0.2843585193934869	428.0,236.0,539.0,301.0	20.0,67.0,24.0,273.9693358699136
000020	81	454	TP	0.9884481255448997	421.32558149999466	1.6584112948820489	0.16438364342290424	315.0,228.0,407.0,298.0	20.0,81.0,24.0,502.32558149999466
000020	81	455	TP	0.8828470380194519	169.82444123641693	2.6513107564404996	0.1775248442667583	369.0,176.0,459.0,278.0	20.0,81.0,24.0,250.82444123641693
000020	81	456	TP	0.9878105954055321	163.10730573322243	0.5859893342694927	0.30784987468159586	235.0,144.0,317.0,228.0	20.0,81.0,24.0,244.10730573322243
000020	81	457	TP	0.9977710233029382	124.79073045153737	1.7157029693323875	0.1343179746402885	369.0,327.0,431.0,439.0	20.0,81.0,24.0,205.79073045153737
000020	88	458	TP	0.9905298182748912	435.28679936293014	1.4493684428597144	0.08354011173510059	309.0,235.0,389.0,295.0	20.0,88.0,24.0,523.2867993629302
000020	88	459	TP	0.9678449744463373	393.03972907071795	0.1855520976265615	0.11707688494337308	394.0,198.0,455.0,312.0	20.0,88.0,24.0,481.03972907071795
000020	88	460	TP	0.9330817610062893	324.263661317377	0.7929070183906045	0.1808463343780602	310.0,112.0,364.0,208.0	20.0,88.0,24.0,412.263661317377
000020	88	461	TP	0.9991859991859992	275.38011192038005	0.05887511084825354	0.023629708888238378	289.0,328.0,368.0,437.0	20.0,88.0,24.0,363.38011192038005
000020	94	462	TP	0.993502658003544	446.83613552536895	1.6013918953667683	0.11633893075272507	307.0,227.0,373.0,292.0	20.0,94.0,24.0,540.836135525369
000020	94	463	TP	0.9879342625338049	285.1016280937607	2.520147828379792	0.250685122339461	372.0,228.0,444.0,335.0	20.0,94.0,24.0,379.1016280937607
000020	94	464	TP	0.907552721922511	220.80486564041297	0.593492485346169	0.17259452568349287	364.0,121.0,436.0,207.0	20.0,94.0,24.0,314.80486564041297
000020	94	465	TP	0.9945900957136912	91.30785970804574	0.9871516134379112	0.15854608225617128	213.0,301.0,317.0,388.0	20.0,94.0,24.0,185.30785970804573
000020	104	466	TP	0.9879931389365352	446.0891094694988	1.2052433008752108	0.0602071843270213	296.0,208.0,366.0,271.0	20.0,104.0,24.0,550.0891094694988
000020	104	467	TP	0.994475138121547	356.98002200326795	2.8696198145566028	0.13109833517774017	319.0,282.0,428.0,354.0	20.0,104.0,24.0,460.98002200326795
000020	104	468	TP	0.9244785949506037	234.77414113034706	1.966901155047834	0.25635883538395615	409.0,191.0,521.0,249.0	20.0,104.0,24.0,338.77414113034706
000020	104	469	TP	0.9551839464882943	191.05628543742148	1.107971557218325	0.029549062785541466	184.0,230.0,292.0,290.0	20.0,104.0,24.0,295.0562854374215
000020	126	470	TP	0.9572827672431756	373.42353215497843	0.6500853594791045	0.17810137030660578	335.0,183.0,409.0,284.0	20.0,126.0,24.0,499.42353215497843
000020	126	471	TP	0.9495700673948408	261.8901306545102	1.0324832761533207	0.15586095735538308	269.0,198.0,329.0,294.0	20.0,126.0,24.0,387.8901306545102
000020	126	472	TP	0.993025958930647	141.65530397671546	0.5978021861866077	0.1388618163754757	327.0,305.0,392.0,418.0	20.0,126.0,24.0,267.65530397671546
000020	126	473	TP	0.8392766174223127	84.32726666442288	1.74723256068738	0.3359300003720142	367.0,141.0,447.0,217.0	20.0,126.0,24.0,210.3272666644229
000020	133	474	TP	0.9836467702371219	391.05935756931615	1.7600491713454829	0.31192093589452935	353.0,192.0,413.0,302.0	20.0,133.0,24.0,524.0593575693161
000020	133	475	TP	0.8534541336353341	380.3741013814401	0.6942124024624711	0.22609402284815866	273.0,173.0,362.0,253.0	20.0,133.0,24.0,513.3741013814401
000020	133	476	TP	0.9976345357776464	249.70403399843067	1.945060287328732	0.8859112096288744	241.0,296.0,338.0,399.0	20.0,133.0,24.0,382.70403399843065
000020	133	477	TP	0.9531865585168019	181.17285876945036	0.7184612283991174	0.1636192004969833	415.0,189.0,517.0,247.0	20.0,133.0,24.0,314.1728587694504
000020	160	478	TP	0.967335390946502	446.501450290922	1.2723188641052128	0.0752991010707036	310.0,219.0,389.0,283.0	20.0,160.0,24.0,606.501450290922
000020	160	479	TP	0.9724829351535836	318.13059922247515	0.42809387778873403	0.23630247961137768	395.0,198.0,455.0,310.0	20.0,160.0,24.0,478.13059922247515
000020	160	480	TP	0.8789028304639627	294.91403033928407	0.891731647770451	0.30381756109447344	318.0,127.0,370.0,209.0	20.0,160.0,24.0,454.91403033928407
000020	160	481	TP	0.9992173742907454	129.99236342766818	0.9477868273042946	0.13120844697668277	279.0,314.0,364.0,422.0	20.0,160.0,24.0,289.9923634276682
000020	167	482	TP	0.9776389345609997	456.0587396410864	1.553069059054872	0.09915370983500038	307.0,215.0,370.0,275.0	20.0,167.0,24.0,623.0587396410864
000020	167	483	TP	0.9832955248504847	323.91001574984404	2.6087985510697704	0.1331791510758337	365.0,230.0,445.0,334.0	20.0,167.0,24.0,490.91001574984404
000020	167	484	TP	0.7813990461049285	317.99836840354595	0.8055560307734133	0.2929167247468272	372.0,139.0,450.0,211.0	20.0,167.0,24.0,484.99836840354595
000020	167	485	TP	0.9806007509386734	190.86224554578112	2.5079076437631205	0.2313766106274845	200.0,284.0,307.0,363.0	20.0,167.0,24.0,357.8622455457811
000020	174	486	TP	0.9770290964777948	418.6189542857354	1.3442595606676415	0.056207566576889544	298.0,203.0,365.0,262.0	20.0,174.0,24.0,592.6189542857354
000020	174	487	TP	0.9971008490370677	230.99061041321644	2.680817167797885	0.13103895481402594	327.0,265.0,435.0,345.0	20.0,174.0,24.0,404.9906104132165
000020	174	488	TP	0.849862258953168	179.8514159262824	0.22134118493956	0.17373572951785668	404.0,183.0,510.0,241.0	20.0,174.0,24.0,353.8514159262824
000020	174	489	TP	0.8478692868182822	46.92190416926192	0.7543796274054362	0.44359818286875446	181.0,242.0,292.0,298.0	20.0,174.0,24.0,220.92190416926192
000020	189	490	TP	0.7916666666666666	458.9166811602766	2.447700510668734	0.09917665473533288	315.0,175.0,404.0,259.0	20.0,189.0,24.0,647.9166811602765
000020	189	491	TP	0.9941123188405797	389.22347886027006	0.7498856117297567	0.11652509658185937	259.0,235.0,347.0,310.0	20.0,189.0,24.0,578.22347886027
000020	189	492	TP	0.9761526232114467	340.9295634908369	2.4175326972195075	0.17940302526676224	402.0,271.0,493.0,373.0	20.0,189.0,24.0,529.9295634908369
000020	189	493	TP	0.5460141582025239	140.13241988447888	0.6450303337899747	0.13822351049072235	300.0,147.0,355.0,223.0	20.0,189.0,24.0,329.13241988447885
000020	197	494	TP	0.9213554987212276	390.9471573621921	2.5309818868511567	0.10175256649017705	334.0,177.0,409.0,280.0	20.0,197.0,24.0,587.9471573621921
000020	197	495	TP	0.9229758149316509	298.2255651933284	1.3892514744347282	0.29509192456318517	269.0,200.0,327.0,285.0	20.0,197.0,24.0,495.2255651933284
000020	197	496	TP	0.9941421012849584	288.37568654793984	2.305889612709932	0.19020108580915604	334.0,291.0,398.0,402.0	20.0,197.0,24.0,485.37568654793984
000020	197	497	TP	0.5702247191011236	220.73790472821975	0.48184696798411764	0.2145310397500661	363.0,157.0,438.0,224.0	20.0,197.0,24.0,417.73790472821975
000020	208	498	TP	0.9925031236984589	493.04199975171366	1.6029368376171338	0.21464780252203294	356.0,187.0,419.0,303.0	20.0,208.0,24.0,701.0419997517137
000020	208	499	TP	0.6378791386895115	463.8509796667586	1.2249421082560126	0.049831357278051276	281.0,175.0,380.0,236.0	20.0,208.0,24.0,671.8509796667586
000020	208	500	TP	0.9894295971280415	355.1714991202791	2.959531415422709	0.4637859343893978	210.0,275.0,322.0,360.0	20.0,208.0,24.0,563.1714991202791
000020	208	501	TP	0.8805117660498059	131.1511595883875	1.9413403168573273	0.2334388110373234	425.0,216.0,534.0,276.0	20.0,208.0,24.0,339.1511595883875
000020	217	502	TP	0.970068592808148	445.1595165871286	1.397427386197286	0.07761455784175049	336.0,194.0,421.0,300.0	20.0,217.0,24.0,662.1595165871286
000020	217	503	TP	0.3226577437858509	371.85889983353326	3.1181691443358637	0.1385716829346568	321.0,184.0,423.0,248.0	20.0,217.0,24.0,588.8588998335333
000020	217	504	TP	0.91458153580673	298.9165447368631	0.4562487463224177	0.11873732889530916	193.0,217.0,302.0,273.0	20.0,217.0,24.0,515.9165447368631
000020	217	505	TP	0.949163050216987	265.1602170985002	2.687639168372645	0.14463269054417507	420.0,264.0,519.0,358.0	20.0,217.0,24.0,482.1602170985002
000020	223	506	TP	0.9721025641025641	383.22593620972594	1.1746701344700705	0.07118309954464522	319.0,202.0,412.0,292.0	20.0,223.0,24.0,606.2259362097259
000020	223	507	TP	0.6020809248554914	338.7852335628409	2.471439585100694	0.09181646261218582	357.0,181.0,451.0,268.0	20.0,223.0,24.0,561.7852335628409
000020	223	508	TP	0.9012535175236633	156.42697710601962	1.6420069902159162	0.09979380827553906	223.0,175.0,312.0,237.0	20.0,223.0,24.0,379.42697710601965
000020	223	509	TP	0.9883449883449883	91.70312363330065	1.7767898455235622	0.21416483417238688	384.0,293.0,453.0,402.0	20.0,223.0,24.0,314.70312363330066
000020	230	510	TP	0.9799132618123716	322.0847251664933	1.0571429894868285	0.06644449173409382	310.0,205.0,395.0,277.0	20.0,230.0,24.0,552.0847251664933
000020	230	511	TP	0.9397052255471192	252.63813795616431	0.34193614364795605	0.08816540914667464	394.0,192.0,459.0,295.0	20.0,230.0,24.0,482.6381379561643
000020	230	512	TP	0.8268586738111185	211.49842987569482	2.2198845709278117	0.1176720420320917	291.0,148.0,348.0,216.0	20.0,230.0,24.0,441.4984298756948
000020	230	513	TP	0.99885801294252	89.25450309082932	2.0478620402047865	0.19540452525350127	316.0,303.0,386.0,413.0	20.0,230.0,24.0,319.2545030908293
000020	234	514	TP	0.95845385222193	443.57597698971875	1.223879098161322	0.0715138859871607	312.0,205.0,385.0,272.0	20.0,234.0,24.0,677.5759769897188
000020	234	515	TP	0.9914754098360655	329.25365500212496	0.582514145600665	0.25890824961741427	392.0,204.0,450.0,308.0	20.0,234.0,24.0,563.253655002125
000020	234	516	TP	0.7595890410958904	249.5408943833305	0.9827679142065666	0.15127516357650148	333.0,144.0,388.0,212.0	20.0,234.0,24.0,483.5408943833305
000020	234	517	TP	0.9976883066846465	102.22732807155876	0.6299171185961162	0.19494835734156352	256.0,294.0,351.0,396.0	20.0,234.0,24.0,336.22732807155876
000020	240	518	TP	0.9596953348143447	403.9907163507665	1.5034355438857376	0.09577225240451903	308.0,201.0,369.0,265.0	20.0,240.0,24.0,643.9907163507664
000020	240	519	TP	0.983395599833956	281.7101160036775	0.2512439356675391	0.16976326790430513	362.0,227.0,445.0,325.0	20.0,240.0,24.0,521.7101160036775
000020	240	520	TP	0.613662456946039	144.91146829438463	2.7334365716097806	0.21640265894387387	374.0,156.0,454.0,217.0	20.0,240.0,24.0,384.91146829438463
000020	240	521	TP	0.9158800083910216	78.16083466579543	0.33655022308220695	0.1516833640869808	195.0,271.0,305.0,347.0	20.0,240.0,24.0,318.16083466579545
000020	260	522	TP	0.691002455905336	473.0170630331511	2.5254385904103596	0.16323915780788747	312.0,173.0,400.0,259.0	20.0,260.0,24.0,733.0170630331511
000020	260	523	TP	0.9965745604019183	378.1185716772918	0.8002702286989936	0.1616795668658013	262.0,237.0,356.0,301.0	20.0,260.0,24.0,638.1185716772918
000020	260	524	TP	0.9734833266372037	219.3173140442534	2.7727784867956444	0.2255317914255082	406.0,256.0,503.0,350.0	20.0,260.0,24.0,479.3173140442534
000020	260	525	TP	0.45384345384345387	205.99382601002503	1.023614286549316	0.15646138838440524	287.0,174.0,344.0,237.0	20.0,260.0,24.0,465.99382601002503
000020	269	526	TP	0.8665929203539823	383.85992198932183	2.8775515707958323	0.20107897533336153	333.0,174.0,408.0,277.0	20.0,269.0,24.0,652.8599219893218
000020	269	527	TP	0.8797763280521901	253.43070428646624	2.1661889596598365	0.19982312615762335	270.0,203.0,325.0,274.0	20.0,269.0,24.0,522.4307042864663
000020	269	528	TP	0.9994263862332696	219.93856262502769	0.5673472093209676	0.08068814658619909	341.0,276.0,403.0,384.0	20.0,269.0,24.0,488.93856262502766
000020	269	529	TP	0.26107298814722396	120.70291316701494	2.461505930481372	0.41876808122317566	358.0,174.0,430.0,234.0	20.0,269.0,24.0,389.7029131670149
000020	277	530	TP	0.9841338839382743	393.9573296538181	1.747999387906272	0.5236640844367626	354.0,181.0,413.0,291.0	20.0,277.0,24.0,670.9573296538181
000020	277	531	TP	0.5526587506453279	259.84700126060596	2.256209591060373	0.15154265496895566	275.0,185.0,362.0,246.0	20.0,277.0,24.0,536.847001260606
000020	277	532	TP	0.9851541682527598	231.93464516245612	0.5931955817249829	0.4070774005667411	240.0,272.0,339.0,367.0	20.0,277.0,24.0,508.93464516245615
000020	277	533	TP	0.7315699240754348	122.75765115748483	0.7715225178258958	0.13929232313530812	414.0,203.0,513.0,257.0	20.0,277.0,24.0,399.7576511574848
000020	288	534	TP	0.9398871527777778	436.65861881010375	1.290463992013093	0.07991136518555082	340.0,188.0,421.0,293.0	20.0,288.0,24.0,724.6586188101037
000020	288	535	TP	0.10093549975381585	258.07705146269086	2.4271381541629027	0.13715106727677964	317.0,191.0,416.0,253.0	20.0,288.0,24.0,546.0770514626909
000020	288	536	TP	0.8605005440696409	243.8814070196417	1.2313523251649072	0.2675076367476518	192.0,220.0,303.0,279.0	20.0,288.0,24.0,531.8814070196418
000020	288	537	TP	0.9239949748743719	134.07041138803598	0.7753121733001251	0.2066433539621169	423.0,252.0,527.0,337.0	20.0,288.0,24.0,422.07041138803595
000020	298	538	TP	0.9135646687697161	217.40251848102793	2.1877146258942877	0.4255718512914747	314.0,193.0,405.0,282.0	20.0,298.0,24.0,515.402518481028
000020	298	539	TP	0.7544811320754717	164.1763124083108	2.1367222959484335	0.1500088889093364	375.0,191.0,458.0,278.0	20.0,298.0,24.0,462.17631240831076
000020	298	540	TP	0.8577300031615555	78.36599044802448	1.9453725264037227	0.21194101724628447	250.0,175.0,323.0,233.0	20.0,298.0,24.0,376.3659904480245
000020	298	541	TP	0.9819927971188476	72.32711540041817	1.5944157892549349	0.2088044361560411	361.0,282.0,423.0,388.0	20.0,298.0,24.0,370.32711540041817
000020	305	542	TP	0.9535387578237843	389.65181940361873	0.9880988682504476	0.058128430854265646	311.0,194.0,388.0,270.0	20.0,305.0,24.0,694.6518194036187
000020	305	543	TP	0.9005695301376364	359.5935608844208	2.2596017680754747	0.09528384015562157	394.0,204.0,452.0,297.0	20.0,305.0,24.0,664.5935608844209
000020	305	544	TP	0.5899837133550488	176.3178840814535	1.55161050453903	0.10601093234427846	324.0,164.0,375.0,222.0	20.0,305.0,24.0,481.3178840814535
000020	305	545	TP	0.9924956705791803	87.76474533964746	0.16242374002008914	0.23680339526602412	270.0,280.0,360.0,379.0	20.0,305.0,24.0,392.76474533964745
000020	310	546	TP	0.9563739376770538	424.1835810954612	1.2835667789571632	0.07168079750723072	310.0,192.0,374.0,262.0	20.0,310.0,24.0,734.1835810954612
000020	310	547	TP	0.8736042876284056	288.55977929614346	0.7381243622110821	0.2431867745256908	373.0,217.0,442.0,310.0	20.0,310.0,24.0,598.5597792961435
000020	310	548	TP	0.36527153234175025	271.29226154611143	0.9340929001581657	0.16115787996102462	364.0,169.0,431.0,226.0	20.0,310.0,24.0,581.2922615461114
000020	310	549	TP	0.9043600562587905	94.98807093396402	0.6800835518508164	0.01764656055117627	210.0,268.0,318.0,350.0	20.0,310.0,24.0,404.988070933964
000020	314	550	TP	0.9704730340463995	383.3267190231221	1.8491696596776435	0.18391255760262323	308.0,188.0,365.0,257.0	20.0,314.0,24.0,697.3267190231221
000020	314	551	TP	0.9495287958115183	297.1260176443637	2.5223401208619043	0.18983746291011683	352.0,229.0,444.0,317.0	20.0,314.0,24.0,611.1260176443636
000020	314	552	TP	0.4234157431088377	99.65823359089649	2.0515445757891966	0.08548805362469095	384.0,179.0,470.0,234.0	20.0,314.0,24.0,413.6582335908965
000020	314	553	TP	0.8177128116938951	78.98521982064538	0.1351215103274648	0.2356519865303285	186.0,253.0,299.0,320.0	20.0,314.0,24.0,392.9852198206454
000020	327	554	TP	0.740434577231932	456.23749403359693	0.9232056619311312	0.04362634650489079	304.0,174.0,387.0,256.0	20.0,327.0,24.0,783.2374940335969
000020	327	555	TP	0.9983494945327006	396.25407056563455	0.28933147362957085	0.04084281911306024	281.0,244.0,390.0,304.0	20.0,327.0,24.0,723.2540705656345
000020	327	556	TP	0.8300021963540523	204.50917244858766	2.6174061433889837	0.11437784608176921	416.0,234.0,525.0,304.0	20.0,327.0,24.0,531.5091724485876
000020	327	557	TP	0.5153029356652092	193.53453624757492	0.7963168469015272	0.16075112252224977	240.0,203.0,314.0,260.0	20.0,327.0,24.0,520.5345362475749
000020	339	558	TP	0.7275655775425679	384.04480112551204	2.9786869753990777	0.2073355504246587	330.0,172.0,409.0,272.0	20.0,339.0,24.0,723.0448011255121
000020	339	559	TP	0.8839131932483638	152.51361657224237	2.0706073091375905	0.09099267286543994	266.0,212.0,326.0,273.0	20.0,339.0,24.0,491.51361657224237
000020	339	560	TP	0.9995921696574225	150.7671747647252	0.6747708001064281	0.03703610214500163	365.0,260.0,432.0,359.0	20.0,339.0,24.0,489.7671747647252
000020	339	561	TP	0.0044411547002220575	106.27482002758897	1.6042872831145971	0.28934877831484923	344.0,188.0,405.0,244.0	20.0,339.0,24.0,445.274820027589
000020	346	562	TP	0.9192615658362989	209.20594309578908	2.0753318647660266	0.10336568224421572	347.0,178.0,410.0,283.0	20.0,346.0,24.0,555.205943095789
000020	346	563	TP	0.42317301686445974	194.94567621495162	2.747643281877453	0.07983439774395147	276.0,197.0,347.0,256.0	20.0,346.0,24.0,540.9456762149516
000020	346	564	TP	0.9879424348502528	174.57849638230516	0.20624008640362776	0.09506948355872513	272.0,262.0,356.0,357.0	20.0,346.0,24.0,520.5784963823052
000020	346	565	TP	0.37974337974337974	148.0309759505897	0.8430023414030978	0.12294655993762803	396.0,203.0,485.0,255.0	20.0,346.0,24.0,494.03097595058966
000020	358	566	TP	0.943359375	396.23683916478734	1.5522387039845162	0.1039470119272784	348.0,185.0,422.0,293.0	20.0,358.0,24.0,754.2368391647874
000020	358	567	TP	0.11445198836081474	381.5792845451872	2.301191743081843	0.43932165923092525	306.0,190.0,406.0,250.0	20.0,358.0,24.0,739.5792845451872
000020	358	568	TP	0.8512184694313809	333.79960641800744	2.1962529932415684	0.09556517055682325	190.0,230.0,305.0,293.0	20.0,358.0,24.0,691.7996064180074
000020	358	569	TP	0.8951859956236324	140.4737641932334	0.8906001341797212	0.06732853541305665	426.0,244.0,535.0,321.0	20.0,358.0,24.0,498.47376419323336
000020	372	570	TP	0.8663484486873508	155.79053772567408	0.7854380150529954	0.1570875110315334	312.0,186.0,399.0,275.0	20.0,372.0,24.0,527.7905377256741
000020	372	571	TP	0.6518177163338453	39.0884462933921	1.977053904662122	0.2959135934870487	389.0,202.0,459.0,283.0	20.0,372.0,24.0,411.0884462933921
000020	372	572	TP	0.6926476496584973	35.204270356391305	1.414790528500883	0.3635793305414761	277.0,188.0,336.0,241.0	20.0,372.0,24.0,407.2042703563913
000020	372	573	TP	0.9810992830762546	28.20304626657126	1.7550971373460358	0.32245760906255844	333.0,265.0,399.0,360.0	20.0,372.0,24.0,400.2030462665713
000020	378	574	TP	0.9419246460283177	397.38573087645136	0.8645727558010918	0.06585248822840187	313.0,185.0,384.0,268.0	20.0,378.0,24.0,775.3857308764514
000020	378	575	TP	0.630554825138049	385.5562081713751	2.143450834231456	0.09641137843200234	390.0,211.0,448.0,294.0	20.0,378.0,24.0,763.5562081713751
000020	378	576	TP	0.02011622708985248	136.17997471491037	1.3506273561617292	0.18684951620605372	338.0,187.0,392.0,238.0	20.0,378.0,24.0,514.1799747149104
000020	378	577	TP	0.9282484765087478	59.43398455623499	0.6883937597485951	0.24461903456726897	249.0,260.0,347.0,346.0	20.0,378.0,24.0,437.433984556235
000020	398	578	TP	0.719377990430622	468.7622800724276	1.167079403666593	0.04685038928140453	305.0,175.0,385.0,261.0	20.0,398.0,24.0,866.7622800724275
000020	398	579	TP	0.9991644035930646	398.74046333211794	0.2922069888197088	0.012677740140439578	285.0,233.0,393.0,296.0	20.0,398.0,24.0,796.740463332118
000020	398	580	TP	0.6861330326944758	101.04410192938592	2.70876545620872	0.22521261066714005	416.0,229.0,525.0,295.0	20.0,398.0,24.0,499.04410192938593
000020	398	581	TP	0.5723310170562224	94.89873627739573	1.0317800074647816	0.11120794108609441	236.0,217.0,312.0,268.0	20.0,398.0,24.0,492.89873627739576
000020	407	582	TP	0.44032528103324564	312.98811717453145	3.0045709298932115	0.31108007793248	322.0,173.0,406.0,269.0	20.0,407.0,24.0,719.9881171745315
000020	407	583	TP	0.9326720769461978	184.66598376930975	1.1543371258438508	0.11035627959443434	262.0,222.0,336.0,277.0	20.0,407.0,24.0,591.6659837693097
000020	407	584	TP	0.9778827571397896	163.94661636876913	1.473001769688824	0.006458895435084592	394.0,245.0,475.0,328.0	20.0,407.0,24.0,570.9466163687691
000020	407	585	TP	0.05178735105407883	152.79921506987245	2.444777458827624	0.34170515839326865	318.0,206.0,371.0,257.0	20.0,407.0,24.0,559.7992150698724
000020	413	586	TP	0.7527803521779426	318.6209458624741	2.968785143749069	0.44100326835636006	337.0,174.0,408.0,275.0	20.0,413.0,24.0,731.6209458624742
000020	413	587	TP	0.4372964169381108	230.79572116572436	2.6576261293755215	0.0977283581291781	273.0,212.0,329.0,266.0	20.0,413.0,24.0,643.7957211657243
000020	413	588	TP	0.9929561463303794	165.8630877721437	0.13199841090499248	0.013285132316427152	335.0,248.0,399.0,336.0	20.0,413.0,24.0,578.8630877721437
000020	413	589	TP	0.016223679668622714	94.87719678167156	0.48185759447758286	0.3583229263377453	363.0,208.0,434.0,259.0	20.0,413.0,24.0,507.87719678167156
000020	431	590	TP	0.8949912126537786	448.0075220317228	0.22345886552910874	0.038357943258900976	342.0,182.0,420.0,285.0	20.0,431.0,24.0,879.0075220317228
000020	431	591	TP	0.01403061224489796	340.36432542299553	2.66842164114853	0.09583226496917953	315.0,199.0,412.0,260.0	20.0,431.0,24.0,771.3643254229955
000020	431	592	TP	0.7779012894619831	300.52552760591675	0.6613288901479955	0.17213795703653909	193.0,219.0,303.0,279.0	20.0,431.0,24.0,731.5255276059167
000020	431	593	TP	0.8552295918367347	147.110646916055	0.37363798793263503	0.05802740646803765	423.0,244.0,529.0,321.0	20.0,431.0,24.0,578.110646916055
000020	442	594	TP	0.7477176575372968	222.57892008099154	0.9669683818399343	0.29010485842257355	314.0,180.0,403.0,274.0	20.0,442.0,24.0,664.5789200809916
000020	442	595	TP	0.3490743225114033	95.25024670729378	2.143885761841307	0.09739063121851026	377.0,212.0,456.0,279.0	20.0,442.0,24.0,537.2502467072937
000020	442	596	TP	0.4181159420289855	82.41269094432185	0.8379595394890653	0.03502136394331462	258.0,208.0,326.0,259.0	20.0,442.0,24.0,524.4126909443219
000020	442	597	TP	0.9070967741935484	49.59774011440035	1.5986234860829778	0.04154893027642383	357.0,246.0,417.0,326.0	20.0,442.0,24.0,491.5977401144004
000020	450	598	TP	0.8056727613689639	348.3424972101349	0.7773784253268033	0.07522101578315932	313.0,180.0,384.0,270.0	20.0,450.0,24.0,798.342497210135
000020	450	599	TP	0.20454545454545456	193.13200846508283	1.8989454629139004	0.07440243061922679	389.0,217.0,446.0,288.0	20.0,450.0,24.0,643.1320084650829
000020	450	600	TP	0.0004679457182966776	140.26955884609373	1.6827821439389468	0.2691806550348778	338.0,207.0,390.0,258.0	20.0,450.0,24.0,590.2695588460938
000020	450	601	TP	0.8003693065244153	85.54664872806411	0.6377275894997769	0.07167898440969543	249.0,244.0,347.0,318.0	20.0,450.0,24.0,535.5466487280642
000020	463	602	TP	0.7521584560690706	464.6268684683353	1.5475464836745696	0.035338024412729915	303.0,178.0,366.0,266.0	20.0,463.0,24.0,927.6268684683353
000020	463	603	TP	0.9754745148219236	340.90788915952976	0.3054011826364386	0.046950817061434634	323.0,224.0,429.0,291.0	20.0,463.0,24.0,803.9078891595298
000020	463	604	TP	0.09964230965763925	317.0230065735773	2.5164859876849066	0.0630002461476788	405.0,217.0,506.0,273.0	20.0,463.0,24.0,780.0230065735773
000020	463	605	TP	0.1328688130706391	187.52090784650963	2.8594675345287723	0.11411260797715102	189.0,231.0,294.0,290.0	20.0,463.0,24.0,650.5209078465097
000020	474	606	TP	0.46249071552364446	341.1631769010505	0.9348792641104723	0.03997896077098135	313.0,176.0,396.0,268.0	20.0,474.0,24.0,815.1631769010505
000020	474	607	TP	0.968094804010939	274.6515375556522	0.6766026927425922	0.03324411801248835	270.0,220.0,368.0,282.0	20.0,474.0,24.0,748.6515375556522
000020	474	608	TP	0.7873352063972336	211.7752801300661	0.5155299806198739	0.2889742337231497	410.0,230.0,510.0,297.0	20.0,474.0,24.0,685.7752801300661
000020	474	609	TP	0.0186084142394822	206.5214800074174	1.2207652816132852	0.14437799064848594	278.0,222.0,336.0,275.0	20.0,474.0,24.0,680.5214800074174
000020	482	610	TP	0.390643838919701	190.3243111572437	2.1979341627521882	0.06982625679107611	330.0,176.0,408.0,272.0	20.0,482.0,24.0,672.3243111572438
000020	482	611	TP	0.30036231884057973	170.77366653311907	2.6846728024700766	0.08598420068001153	267.0,214.0,327.0,273.0	20.0,482.0,24.0,652.773666533119
000020	482	612	TP	0.9917927673762503	84.37031180277081	1.607859739254877	0.30426579521319563	372.0,234.0,440.0,307.0	20.0,482.0,24.0,566.3703118027709
000020	482	613	TP	0.018069815195071868	52.4636127728069	1.8206169247424824	0.05813974843717325	340.0,221.0,397.0,274.0	20.0,482.0,24.0,534.4636127728069
000020	491	614	TP	0.8714421252371917	406.49432675445155	2.506482998276636	0.30587747281428157	351.0,177.0,409.0,276.0	20.0,491.0,24.0,897.4943267544515
000020	491	615	TP	0.04125615763546798	368.5681747736049	1.88070643311334	0.061799569336478156	278.0,209.0,354.0,267.0	20.0,491.0,24.0,859.5681747736048
000020	491	616	TP	0.9343770105082565	178.97496423217524	0.8702212221015139	0.023795668326247712	258.0,231.0,349.0,302.0	20.0,491.0,24.0,669.9749642321752
000020	491	617	TP	0.3014746040415074	119.65462637516036	0.5553706768977863	0.27905981767632976	404.0,226.0,494.0,283.0	20.0,491.0,24.0,610.6546263751603
