#  Index into NumPy file "pose_data_tless-28-epos.npz".
#  Created at  6:47PM EDT on Sep 11, 2023
#    DATASET:   tless
#    OBJECT:    28
#    ESTIMATOR: epos
#  The errors reported in this file have taken discrete and continuous object symmetries into account.
#  Bounding boxes are recorded in pixel coordinates as ((upper-left x, y), (lower-right x, y)) with the origin in the upper-left.
#
#  When a row is marked as a TP, it does not necessarily mean that the bounding boxes overlap.
#  For each ground-truth instance, the prediction best overlapping that instance belongs to that ground-truth.
#  All TPs are in the corresponding *.npz file.
#
#  When a row is marked as a FN, it means that there is a ground-truth but the predictor failed to make a prediction at all.
#  FNs are NOT recorded in the *.npz at all.
#
#  When a row is marked as a FP, it means the predictor hallucinated; there is no corresponding ground-truth instance.
#  FPs are NOT recorded in the *.npz at all.
#
#  Scene  <t>  Frame  <t>  Index  <t>  Error cat.  <t>  Visibility ratio  <t>  Score  <t>  R_err(degrees)  <t>  t_err(meters)  <t>  Gr.Tr.BBox  <t>  Pred.BBox
000004	0	0	TP	0.96609127981677	0.0	2.1951750126245804	0.008855533219123954	371.0,281.0,548.0,457.0	4.0,0.0,32.0,0.0
000004	10	1	TP	0.9672899773843014	0.0	4.55447864574656	0.0014395233236284947	264.0,333.0,415.0,483.0	4.0,10.0,32.0,10.0
000004	25	2	TP	0.9636866678194709	0.0	1.3613613504130213	0.004614760399205639	148.0,213.0,290.0,362.0	4.0,25.0,32.0,25.0
000004	36	3	TP	0.9684401451027811	0.0	1.584563857936513	0.008109691339888654	181.0,86.0,349.0,255.0	4.0,36.0,32.0,36.0
000004	47	4	TP	0.9643994753606895	0.0	3.4279628803458264	0.003668078969148588	317.0,66.0,459.0,213.0	4.0,47.0,32.0,47.0
000004	58	5	TP	0.9393258426966292	0.0	1.4841182241993212	0.009650089802285298	411.0,135.0,571.0,296.0	4.0,58.0,32.0,58.0
000004	66	6	TP	0.9553239017125837	0.0	4.889174335292014	0.002786900262076968	421.0,228.0,574.0,387.0	4.0,66.0,32.0,66.0
000004	72	7	TP	0.9519058177594762	0.0	1.0556300822255225	0.005522745023948544	374.0,270.0,554.0,451.0	4.0,72.0,32.0,72.0
000004	78	8	TP	0.9503041550675327	0.0	2.3000046655437796	0.004022492912405623	318.0,313.0,479.0,478.0	4.0,78.0,32.0,78.0
000004	85	9	TP	0.9336271846650608	0.0	3.124032345019611	0.001187707476690195	220.0,306.0,389.0,477.0	4.0,85.0,32.0,85.0
000004	104	10	TP	0.9706005628405485	0.0	2.357990627490203	0.013987283347020697	152.0,137.0,314.0,296.0	4.0,104.0,32.0,104.0
000004	115	11	TP	0.9855588526211672	0.0	1.2943985593109173	0.003922592994005624	270.0,83.0,407.0,221.0	4.0,115.0,32.0,115.0
000004	129	12	TP	0.9655483948683973	0.0	2.201406982672579	0.005222505670166952	400.0,129.0,563.0,290.0	4.0,129.0,32.0,129.0
000004	142	13	TP	0.9635840659937045	0.0	1.2847327166617564	0.005164300069022789	393.0,253.0,567.0,431.0	4.0,142.0,32.0,142.0
000004	152	14	TP	0.9807213310750225	0.0	1.5143504412397804	0.005827687492819815	301.0,310.0,457.0,466.0	4.0,152.0,32.0,152.0
000004	166	15	TP	0.9777595179402904	0.0	1.3109633205476596	0.006739714639548856	146.0,237.0,312.0,405.0	4.0,166.0,32.0,166.0
000004	170	16	TP	0.9944418164616841	0.0	1.2463849341512026	0.010213078705792375	150.0,211.0,289.0,353.0	4.0,170.0,32.0,170.0
000004	177	17	TP	0.9494073611977543	0.0	1.1909434502637044	0.00961271535528493	156.0,143.0,317.0,296.0	4.0,177.0,32.0,177.0
000004	185	18	TP	0.9359687049619106	0.0	1.8176301315747834	0.0030747813531049775	238.0,104.0,384.0,245.0	4.0,185.0,32.0,185.0
000004	193	19	TP	0.9571795405649247	0.0	1.9165022727196601	0.00286453868972153	329.0,103.0,469.0,241.0	4.0,193.0,32.0,193.0
000004	204	20	TP	0.9731973868978571	0.0	1.2826709590830838	0.0027198471276303226	416.0,164.0,571.0,311.0	4.0,204.0,32.0,204.0
000004	215	21	TP	0.9666754270696452	0.0	1.0641981233140496	0.006783453359762185	389.0,252.0,566.0,428.0	4.0,215.0,32.0,215.0
000004	222	22	TP	0.988394584139265	0.0	1.4193594099842428	0.008138586912805225	317.0,289.0,485.0,448.0	4.0,222.0,32.0,222.0
000004	230	23	TP	0.977565844739833	0.0	1.2357053955555721	0.006705372711076476	202.0,278.0,381.0,445.0	4.0,230.0,32.0,230.0
000004	238	24	TP	0.9827418709640551	0.0	1.3717102957415122	0.010489255470428303	146.0,232.0,308.0,386.0	4.0,238.0,32.0,238.0
000004	245	25	TP	0.9433974441719375	0.0	1.3494635379081057	0.007598344827782435	147.0,186.0,294.0,318.0	4.0,245.0,32.0,245.0
000004	252	26	TP	0.8548937652385928	0.0	1.1913924895895662	0.0065268694107174325	187.0,140.0,345.0,278.0	4.0,252.0,32.0,252.0
000004	261	27	TP	0.6515762028916805	0.0	3.0847406518187652	0.004053371920538179	296.0,131.0,422.0,241.0	4.0,261.0,32.0,261.0
000004	270	28	TP	0.9358053948560675	0.0	1.2933744706772667	0.004571959614667971	374.0,142.0,532.0,280.0	4.0,270.0,32.0,270.0
000004	286	29	TP	0.9608540925266904	0.0	0.7253539424206483	0.00516047002239947	395.0,246.0,569.0,410.0	4.0,286.0,32.0,286.0
000004	292	30	TP	0.9910667913160902	0.0	0.8262447630474217	0.005126409877558928	343.0,267.0,523.0,419.0	4.0,292.0,32.0,292.0
000004	297	31	TP	0.9876246866165254	0.0	0.8199928377336024	0.008910037062126624	288.0,283.0,445.0,416.0	4.0,297.0,32.0,297.0
000004	316	32	TP	0.9692982456140351	0.0	0.7773907425862683	0.013905979536839471	149.0,207.0,291.0,322.0	4.0,316.0,32.0,316.0
000004	325	33	TP	0.6709165824457747	0.0	2.526423653630132	0.004679795234305288	197.0,162.0,350.0,282.0	4.0,325.0,32.0,325.0
000004	331	34	TP	0.3315345112716511	0.0	112.33490422861972	0.08709873020502142	267.0,156.0,398.0,261.0	4.0,331.0,32.0,331.0
000004	338	35	TP	0.6096801346801347	0.0	1.1405970990799443	0.00473328295844335	337.0,156.0,476.0,269.0	4.0,338.0,32.0,338.0
000004	357	36	TP	0.9659138813610358	0.0	0.6734556466200047	0.004386971716378645	407.0,237.0,571.0,379.0	4.0,357.0,32.0,357.0
000004	365	37	TP	0.9946967950195988	0.0	0.4992672079625054	0.008606164187162466	328.0,261.0,502.0,387.0	4.0,365.0,32.0,365.0
000004	379	38	TP	0.995772576890087	0.0	0.2162186631237676	0.006840869378493394	157.0,241.0,334.0,366.0	4.0,379.0,32.0,379.0
000004	389	39	TP	0.8808281708509944	0.0	0.8592323438225966	0.029770330517986505	152.0,210.0,297.0,311.0	4.0,389.0,32.0,389.0
000004	411	40	TP	0.5217269675494218	0.0	144.33547897847257	0.16447059980415857	349.0,187.0,492.0,285.0	4.0,411.0,32.0,411.0
000004	427	41	TP	0.9783568584871516	0.0	0.7716581738427204	0.006345885172106798	420.0,233.0,569.0,349.0	4.0,427.0,32.0,427.0
000004	438	42	TP	0.988442487616951	0.0	1.2488437321291654	0.006766091619003485	318.0,250.0,488.0,348.0	4.0,438.0,32.0,438.0
000004	448	43	TP	0.9791596863901361	0.0	2.0626902031011354	0.012717246481567468	181.0,242.0,363.0,343.0	4.0,448.0,32.0,448.0
000004	455	44	TP	0.9963042544048131	0.0	1.6045913124031705	0.006873718021913064	155.0,233.0,303.0,322.0	4.0,455.0,32.0,455.0
000004	462	45	TP	0.7626612747929906	0.0	1.8406098075674193	0.015798894672109792	157.0,221.0,304.0,303.0	4.0,462.0,32.0,462.0
000004	469	46	TP	0.30521039991646653	0.0	160.80369519090914	0.47868788744003304	206.0,216.0,354.0,293.0	4.0,469.0,32.0,469.0
000004	479	47	TP	0.03080745341614907	0.0	102.94793710370378	2.7411921336911824	316.0,215.0,441.0,289.0	4.0,479.0,32.0,479.0
000004	488	48	TP	0.35714984829206226	0.0	38.54301781645511	0.1224004415927058	388.0,222.0,541.0,302.0	4.0,488.0,32.0,488.0
000004	497	49	TP	0.9703233146866408	0.0	1.1429148480061995	0.006658107096620038	427.0,235.0,565.0,323.0	4.0,497.0,32.0,497.0
000013	2	50	TP	0.794460395203513	666.0802819734453	4.061812522098418	0.007411030649622535	319.0,299.0,461.0,448.0	13.0,2.0,41.0,668.0802819734453
000013	2	51	TP	0.606129541864139	640.6815769433558	176.16914975595787	0.14223398351249458	336.0,108.0,472.0,254.0	13.0,2.0,41.0,642.6815769433558
000013	7	52	TP	0.8003734510269903	650.9650777570034	7.114659309628741	0.0025166893451509364	255.0,287.0,427.0,458.0	13.0,7.0,41.0,657.9650777570034
000013	7	53	TP	0.6667087887786693	641.1368879316955	174.85142680982645	0.14294216041034863	370.0,132.0,508.0,281.0	13.0,7.0,41.0,648.1368879316955
000013	20	54	TP	0.7803554939981533	659.5642619342228	177.9599115973867	0.14587949601007852	180.0,226.0,328.0,370.0	13.0,20.0,41.0,679.5642619342228
000013	20	55	TP	0.7915511239601156	493.6621473091485	174.92372443074626	0.1438991653664144	381.0,240.0,533.0,389.0	13.0,20.0,41.0,513.6621473091485
000013	25	56	TP	0.7543321937993634	664.4835325487098	170.75596764339483	0.14832917211466895	166.0,168.0,334.0,335.0	13.0,25.0,41.0,689.4835325487098
000013	25	57	TP	0.8004790838981071	427.5908133663933	170.89537255945683	0.1489465853850148	352.0,275.0,505.0,427.0	13.0,25.0,41.0,452.5908133663933
000013	32	58	TP	0.7122632836918551	614.1341277263041	176.87883767734394	0.14383503965813377	203.0,117.0,360.0,278.0	13.0,32.0,41.0,646.1341277263041
000013	32	59	TP	0.7708838821490468	598.3594138140518	12.475932781581712	0.006797031925460271	285.0,288.0,453.0,464.0	13.0,32.0,41.0,630.3594138140518
000013	40	60	TP	0.6805832502492523	645.8163521580483	178.30140228306396	0.14439571581844493	272.0,92.0,420.0,243.0	13.0,40.0,41.0,685.8163521580483
000013	40	61	TP	0.717215263617827	644.0839121085313	1.976241203340066	0.009096849864141972	225.0,284.0,368.0,427.0	13.0,40.0,41.0,684.0839121085313
000013	55	62	TP	0.6860563041385948	414.51761126324743	171.83824927162146	0.1501542764703798	389.0,164.0,527.0,301.0	13.0,55.0,41.0,469.51761126324743
000013	55	63	TP	0.5953516450347117	405.52699618766337	8.691976331320905	0.025891244875188107	184.0,160.0,335.0,315.0	13.0,55.0,41.0,460.52699618766337
000013	60	64	TP	0.7224188790560472	448.28001993308055	9.909773279715562	0.015408261665261222	388.0,190.0,550.0,355.0	13.0,60.0,41.0,508.28001993308055
000013	60	65	TP	0.5668295662797801	432.6286350056025	172.62029615410876	0.14463759984229368	212.0,129.0,357.0,271.0	13.0,60.0,41.0,492.6286350056025
000013	69	66	TP	0.7829195744194029	554.8185846648249	4.556067205050461	0.009662336053266461	354.0,266.0,515.0,428.0	13.0,69.0,41.0,623.8185846648249
000013	69	67	TP	0.5697094400798105	546.1077912668659	175.54637612695007	0.14414303592228112	281.0,88.0,439.0,255.0	13.0,69.0,41.0,615.1077912668659
000013	78	68	TP	0.8193797629127858	703.317226740002	4.6445223859707605	0.001814272887988204	259.0,281.0,432.0,457.0	13.0,78.0,41.0,781.317226740002
000013	78	69	TP	0.6512672441450112	393.6693690482776	1.4976317413662241	0.0056367915711440595	367.0,137.0,503.0,281.0	13.0,78.0,41.0,471.6693690482776
000013	84	70	TP	0.8300667671763946	707.9672035837871	4.482565113131301	0.004690385017234915	206.0,261.0,379.0,438.0	13.0,84.0,41.0,791.9672035837871
000013	84	71	TP	0.7586889969385917	707.6001473258851	175.2788151613803	0.1457365355738156	380.0,167.0,543.0,337.0	13.0,84.0,41.0,791.6001473258851
000013	91	72	TP	0.8260698640907559	686.8938204104611	176.54691888503282	0.14512423998279805	182.0,230.0,329.0,372.0	13.0,91.0,41.0,777.8938204104611
000013	91	73	TP	0.8101381436237013	525.9783240879166	176.3703079315183	0.1444150621025349	383.0,231.0,536.0,387.0	13.0,91.0,41.0,616.9783240879166
000013	105	74	TP	0.6503496503496503	783.5099536876428	177.74313964741717	0.1428942966267504	221.0,121.0,366.0,271.0	13.0,105.0,41.0,888.5099536876428
000013	105	75	TP	0.8085856941278629	774.5586286446893	3.7454181794568053	0.0009976069070930594	271.0,283.0,439.0,462.0	13.0,105.0,41.0,879.5586286446893
000013	112	76	TP	0.5647104049205536	696.6197577657446	178.39228931400447	0.14184497010540884	278.0,101.0,426.0,251.0	13.0,112.0,41.0,808.6197577657446
000013	112	77	TP	0.7457579816923421	693.3444326320537	1.3769188141470974	0.005409082136889921	220.0,279.0,364.0,420.0	13.0,112.0,41.0,805.3444326320537
000013	124	78	TP	0.6037172455819623	425.228163918877	175.96575267987515	0.14465741102600688	374.0,142.0,522.0,288.0	13.0,124.0,41.0,549.228163918877
000013	124	79	TP	0.5790554414784395	422.825044123381	5.0210552461913425	0.011804703970271738	175.0,178.0,335.0,345.0	13.0,124.0,41.0,546.8250441233811
000013	137	80	TP	0.7778449033391915	515.7172797370755	4.187034149726313	0.01870035222255884	369.0,230.0,544.0,406.0	13.0,137.0,41.0,652.7172797370755
000013	137	81	TP	0.41409609272761266	495.4987842743918	177.0805805001639	0.14156335377686943	250.0,103.0,407.0,266.0	13.0,137.0,41.0,632.4987842743918
000013	144	82	TP	0.8832915310315385	764.8986937132979	2.6039038683861433	0.0016624656098438047	336.0,277.0,482.0,424.0	13.0,144.0,41.0,908.8986937132979
000013	144	83	TP	0.37479237259982723	756.8215615545826	177.78492705581013	0.14317817750294784	316.0,123.0,459.0,268.0	13.0,144.0,41.0,900.8215615545826
000013	153	84	TP	0.8763604923202116	802.522675135315	3.526140168931672	0.0025875282291545694	229.0,266.0,411.0,446.0	13.0,153.0,41.0,955.522675135315
000013	153	85	TP	0.71482548831252	763.0419499265631	177.20814003415478	0.14377669903672954	373.0,158.0,521.0,309.0	13.0,153.0,41.0,916.0419499265631
000013	163	86	TP	0.8575956531582523	677.3078258102565	176.33939443827	0.14955409321002747	184.0,233.0,329.0,369.0	13.0,163.0,41.0,840.3078258102565
000013	163	87	TP	0.8554003989740667	611.7830703487358	177.09180846124596	0.14376035038294543	384.0,227.0,538.0,382.0	13.0,163.0,41.0,774.7830703487358
000013	172	88	TP	0.7343769108474991	798.4905606174127	178.10518355178615	0.14209207752310243	179.0,156.0,345.0,316.0	13.0,172.0,41.0,970.4905606174127
000013	172	89	TP	0.892637385953745	786.3820463744419	2.5265385479029936	0.005911043819644648	321.0,269.0,486.0,442.0	13.0,172.0,41.0,958.3820463744419
000013	186	90	TP	0.37683382235262736	720.5288996388855	177.1362598433337	0.14120961779284147	290.0,116.0,442.0,263.0	13.0,186.0,41.0,906.5288996388855
000013	186	91	TP	0.7662657189721159	701.959630291484	2.8615927882466177	0.0039920666500281995	206.0,260.0,353.0,411.0	13.0,186.0,41.0,887.959630291484
000013	194	92	TP	0.4822315628582346	486.96001935104283	177.24336698969262	0.14784964117182767	356.0,136.0,511.0,285.0	13.0,194.0,41.0,680.9600193510428
000013	194	93	TP	0.6366809728183118	476.5467619039098	3.4648194545008515	0.026737629615828987	170.0,197.0,337.0,365.0	13.0,194.0,41.0,670.5467619039098
000013	213	94	TP	0.8540506127646029	611.7030644993297	1.9032316543902572	0.009552621452696971	354.0,255.0,519.0,419.0	13.0,213.0,41.0,824.7030644993297
000013	213	95	TP	0.262154930496639	606.0341220192818	178.42337951960639	0.13947396006869045	285.0,116.0,438.0,270.0	13.0,213.0,41.0,819.0341220192818
000013	221	96	TP	0.9200167285273668	794.7329009109786	2.3700887117893354	0.0006991595036971907	282.0,269.0,447.0,429.0	13.0,221.0,41.0,1015.7329009109786
000013	221	97	TP	0.6237864077669902	780.8729950587335	177.5369115052487	0.14349746769823116	356.0,161.0,486.0,279.0	13.0,221.0,41.0,1001.8729950587335
000013	231	98	TP	0.9041794646774901	708.8673116766904	3.5111753761138154	0.002119225554619772	198.0,245.0,359.0,401.0	13.0,231.0,41.0,939.8673116766904
000013	231	99	TP	0.8353781358725508	697.417553868642	176.9927812389161	0.14461457387772725	382.0,196.0,546.0,348.0	13.0,231.0,41.0,928.417553868642
000013	238	100	TP	0.8295766249254621	758.8889373088423	175.38126996951044	0.14456015815945794	172.0,210.0,329.0,351.0	13.0,238.0,41.0,996.8889373088423
000013	238	101	TP	0.9180041870202372	741.3258822492418	5.548491224205558	0.013315308837359758	378.0,246.0,528.0,381.0	13.0,238.0,41.0,979.3258822492418
000013	244	102	TP	0.749777098458795	821.1378397313623	177.51597394666337	0.13946472400951984	179.0,171.0,344.0,319.0	13.0,244.0,41.0,1065.1378397313624
000013	244	103	TP	0.9060797324270378	814.9901058951593	3.4829073975561338	0.008558145592649018	327.0,261.0,491.0,423.0	13.0,244.0,41.0,1058.9901058951593
000013	258	104	TP	0.19369076043701614	660.3120595900477	177.58540514294523	0.14216979325115026	286.0,137.0,433.0,270.0	13.0,258.0,41.0,918.3120595900477
000013	258	105	TP	0.8388801439172476	659.3040692894283	4.122226422750969	0.004148815435596946	211.0,257.0,356.0,399.0	13.0,258.0,41.0,917.3040692894283
000013	272	106	TP	0.49589699112682634	298.17650202251735	172.4590250306544	0.15867382979280803	389.0,185.0,525.0,310.0	13.0,272.0,41.0,570.1765020225173
000013	272	107	TP	0.5293497595362013	282.38514518363127	8.273708945623364	0.03309125103658812	192.0,179.0,336.0,315.0	13.0,272.0,41.0,554.3851451836313
000013	286	108	TP	0.894340029080726	669.0674677500662	1.7143799458208535	0.011994367620077325	352.0,254.0,515.0,408.0	13.0,286.0,41.0,955.0674677500662
000013	286	109	TP	0.17655258939151042	662.3523799186642	178.51704549557667	0.13894219620038234	289.0,138.0,440.0,277.0	13.0,286.0,41.0,948.3523799186642
000013	294	110	TP	0.944396782841823	851.0052488565914	2.766731281371931	0.005426775866092496	257.0,256.0,434.0,408.0	13.0,294.0,41.0,1145.0052488565914
000013	294	111	TP	0.6856093862239604	833.3691151877465	177.22477848783453	0.14656064634158508	367.0,181.0,498.0,296.0	13.0,294.0,41.0,1127.3691151877465
000013	304	112	TP	0.8871709920854041	661.6904238049104	177.70749114879737	0.1574910587025383	194.0,238.0,344.0,369.0	13.0,304.0,41.0,965.6904238049104
000013	304	113	TP	0.8711119627003896	637.2114092054361	4.608259502276577	0.02970668117126538	383.0,215.0,545.0,351.0	13.0,304.0,41.0,941.2114092054361
000013	314	114	TP	0.7500676956404008	808.8530982300415	177.69299818123457	0.14091420459645282	176.0,190.0,340.0,322.0	13.0,314.0,41.0,1122.8530982300415
000013	314	115	TP	0.9335159072369188	779.8134968928031	2.685710843188374	0.004925126560077669	339.0,254.0,499.0,397.0	13.0,314.0,41.0,1093.813496892803
000013	329	116	TP	0.0680064308681672	617.8355074858333	175.4927580785904	0.1442170779538842	287.0,162.0,431.0,279.0	13.0,329.0,41.0,946.8355074858333
000013	329	117	TP	0.8895716609434303	612.6469593986322	5.79054052629059	0.003430969176715292	211.0,252.0,358.0,383.0	13.0,329.0,41.0,941.6469593986322
000013	335	118	TP	0.15575688939222349	665.6184609403963	177.91992296176315	0.1465029492004204	333.0,166.0,488.0,289.0	13.0,335.0,41.0,1000.6184609403963
000013	335	119	TP	0.8071197022451675	637.7820594104194	1.7361677226865457	0.004407729232533729	173.0,221.0,341.0,364.0	13.0,335.0,41.0,972.7820594104194
000013	362	120	TP	0.9587655770861878	728.651662773488	1.437978438258249	0.013767115007863328	322.0,254.0,470.0,371.0	13.0,362.0,41.0,1090.6516627734882
000013	362	121	TP	0.291385904206884	696.1669975304743	178.88218443595824	0.15682321956097547	332.0,194.0,464.0,290.0	13.0,362.0,41.0,1058.1669975304744
000013	369	122	TP	0.9749941846941149	828.1826898914528	1.2505292953198368	0.009997614978178573	235.0,247.0,417.0,379.0	13.0,369.0,41.0,1197.1826898914528
000013	369	123	TP	0.6110731373889269	785.229921838708	179.28430305211228	0.14990519950989104	372.0,204.0,510.0,309.0	13.0,369.0,41.0,1154.229921838708
000013	378	124	TP	0.8882857142857142	597.6051362217313	178.28980830296095	0.1513733900525812	190.0,236.0,336.0,344.0	13.0,378.0,41.0,975.6051362217313
000013	378	125	TP	0.8971344082236147	485.54454041832724	179.79670885633828	0.1429392351869072	383.0,229.0,542.0,343.0	13.0,378.0,41.0,863.5445404183272
000013	392	126	TP	0.5998460617463439	809.0537847598133	179.36151221494876	0.14430937416692707	213.0,196.0,358.0,299.0	13.0,392.0,41.0,1201.0537847598134
000013	392	127	TP	0.9489411764705883	770.848191005224	0.9100831462593114	0.002216781039422737	285.0,252.0,462.0,383.0	13.0,392.0,41.0,1162.848191005224
000013	399	128	TP	0.20528711145540815	682.0924019189923	178.03475103538807	0.1460333391539866	271.0,189.0,398.0,284.0	13.0,399.0,41.0,1081.0924019189924
000013	399	129	TP	0.9281019717187812	659.6242063514683	2.2275498037418293	0.003679558366352573	234.0,252.0,382.0,369.0	13.0,399.0,41.0,1058.6242063514683
000013	406	130	TP	0.13610847223421713	686.9156174310525	178.46695229249252	0.14246445753100223	319.0,189.0,470.0,291.0	13.0,406.0,41.0,1092.9156174310524
000013	406	131	TP	0.8914890835403321	683.1374319870458	1.5600169686992922	0.0012697031711130227	180.0,232.0,345.0,353.0	13.0,406.0,41.0,1089.1374319870458
000013	418	132	TP	0.3504963279799855	21.447956128734255	57.068008101263835	0.33273110978720466	390.0,213.0,530.0,320.0	13.0,418.0,41.0,439.44795612873423
000013	418	133	TP	0.42761962447001817	18.23122121578307	45.35370296289487	0.20679032445782347	207.0,204.0,341.0,301.0	13.0,418.0,41.0,436.2312212157831
000013	431	134	TP	0.9605069448889458	737.1257989104557	1.7106862858621865	0.001159051253280409	349.0,248.0,506.0,367.0	13.0,431.0,41.0,1168.1257989104556
000013	431	135	TP	0.07840928781840235	715.7428049996153	179.07725718928785	0.14417524211656357	301.0,188.0,445.0,290.0	13.0,431.0,41.0,1146.7428049996151
000013	441	136	TP	0.9753327060088721	701.3872774224817	0.8263201810863572	0.023495834634332993	233.0,241.0,413.0,345.0	13.0,441.0,41.0,1142.3872774224817
000013	441	137	TP	0.4426811237062592	653.694167152133	179.06696292108566	0.16142538728262507	373.0,222.0,513.0,309.0	13.0,441.0,41.0,1094.694167152133
000013	450	138	TP	0.8510361571143674	488.4905013156235	178.14200293832363	0.1406891077900922	188.0,235.0,333.0,323.0	13.0,450.0,41.0,938.4905013156235
000013	450	139	TP	0.9269971323228186	481.8954489910537	2.2731774096847244	0.011229968086355803	383.0,235.0,540.0,326.0	13.0,450.0,41.0,931.8954489910536
000013	462	140	TP	0.514752219994271	711.5134607243853	179.24978757365324	0.15289901504187758	204.0,218.0,354.0,302.0	13.0,462.0,41.0,1173.5134607243854
000013	462	141	TP	0.949790507589807	688.8926253977572	1.4594021050189507	0.012350677919125216	300.0,245.0,474.0,348.0	13.0,462.0,41.0,1150.8926253977572
000013	469	142	TP	0.4101136901942207	584.4575757424943	178.79063630475162	0.14497211910711683	263.0,215.0,386.0,292.0	13.0,469.0,41.0,1053.4575757424943
000013	469	143	TP	0.9714435616849049	564.7915940161441	1.583401817699171	0.00347212951607119	246.0,245.0,401.0,342.0	13.0,469.0,41.0,1033.7915940161442
000013	478	144	TP	0.030683403068340307	577.1915109260212	179.45448742678076	0.14244206593609254	323.0,215.0,473.0,297.0	13.0,478.0,41.0,1055.1915109260212
000013	478	145	TP	0.898534214323688	566.997210060368	1.012323026497274	0.0023908444794215125	177.0,232.0,343.0,329.0	13.0,478.0,41.0,1044.9972100603682
000013	486	*	FN	0.16557911908646003	*	*	*	381.0,225.0,518.0,306.0	*
000013	486	*	FN	0.40898628118957736	*	*	*	189.0,223.0,334.0,310.0	*
000013	486	*	FP	*	6.586416465425755	*	*	*	13.0,486.0,41.0,492.58641646542577
000013	500	146	TP	0.908732188527585	616.9750883665251	1.586166063960463	0.006617262024313264	360.0,241.0,529.0,338.0	13.0,500.0,41.0,1116.9750883665251
000013	500	147	TP	0.03963715243541708	602.4808852061477	178.71797078292204	0.14581453372313283	277.0,215.0,425.0,297.0	13.0,500.0,41.0,1102.4808852061478
000015	1	148	TP	0.9921719029105811	0.0	0.4073363943332892	0.0026333033616154993	247.0,363.0,396.0,508.0	15.0,1.0,43.0,1.0
000015	12	149	TP	0.9638109305760709	0.0	1.9665227467466282	0.0010411700803741879	115.0,242.0,275.0,420.0	15.0,12.0,43.0,12.0
000015	18	150	TP	0.9696640694852472	0.0	0.9758559229736653	0.007518728552648987	127.0,158.0,245.0,312.0	15.0,18.0,43.0,18.0
000015	28	151	TP	0.9854364982507526	0.0	1.55942184858397	0.011759281825164542	189.0,61.0,348.0,194.0	15.0,28.0,43.0,28.0
000015	40	152	TP	0.970946005075698	0.0	2.291150227968977	0.008048172612157303	364.0,62.0,507.0,178.0	15.0,40.0,43.0,40.0
000015	53	153	TP	0.9767261943137129	0.0	1.253714090032471	0.005404693800417181	468.0,187.0,602.0,340.0	15.0,53.0,43.0,53.0
000015	62	154	TP	0.97749248839115	0.0	1.7432062032775388	0.00404776541861091	397.0,299.0,567.0,483.0	15.0,62.0,43.0,62.0
000015	72	155	TP	0.9933231590995804	0.0	0.5375881245484939	0.0016768021962752112	251.0,348.0,405.0,499.0	15.0,72.0,43.0,72.0
000015	77	156	TP	0.9767799625018028	0.0	1.2999449172302844	0.0023254936303791214	167.0,304.0,337.0,488.0	15.0,77.0,43.0,77.0
000015	90	157	TP	0.9831976218172418	0.0	0.9559936984069674	0.005568332294341796	126.0,143.0,251.0,309.0	15.0,90.0,43.0,90.0
000015	103	158	TP	0.9446292520656723	0.0	11.837960038669786	0.01813709018474681	243.0,67.0,390.0,168.0	15.0,103.0,43.0,103.0
000015	112	159	TP	0.9590326855123675	0.0	4.628725853320766	0.011377225377334122	370.0,82.0,510.0,179.0	15.0,112.0,43.0,112.0
000015	126	160	TP	0.9702395653247715	0.0	2.1335027032809344	0.005312741371637893	472.0,194.0,598.0,362.0	15.0,126.0,43.0,126.0
000015	144	161	TP	0.9929116438665403	0.0	3.022770836138597	0.007794666441517955	249.0,320.0,405.0,480.0	15.0,144.0,43.0,144.0
000015	149	162	TP	0.9774203807187315	0.0	1.1569960494366394	0.006666682274388529	162.0,286.0,337.0,468.0	15.0,149.0,43.0,149.0
000015	156	163	TP	0.994297180272468	0.0	1.8293638962645518	0.0022113756181604454	111.0,207.0,271.0,389.0	15.0,156.0,43.0,156.0
000015	159	164	TP	0.9955066808560955	0.0	1.990728122294752	0.0011929053910851445	119.0,171.0,254.0,348.0	15.0,159.0,43.0,159.0
000015	164	165	TP	0.9827792752321054	0.0	1.1498290120987606	0.005246322416260587	129.0,120.0,270.0,286.0	15.0,164.0,43.0,164.0
000015	175	166	TP	0.9105841401066028	0.0	1.6986635663876282	0.000656389451570823	248.0,77.0,390.0,183.0	15.0,175.0,43.0,175.0
000015	183	167	TP	0.8877212389380531	0.0	2.1988841525268943	0.001090319820575149	360.0,90.0,490.0,185.0	15.0,183.0,43.0,183.0
000015	190	168	TP	0.9104011288046765	0.0	1.4593893098092914	0.0017222891205937096	424.0,114.0,580.0,253.0	15.0,190.0,43.0,190.0
000015	198	169	TP	0.9892063492063492	0.0	1.232282173518756	0.0013168077744744342	471.0,182.0,600.0,358.0	15.0,198.0,43.0,198.0
000015	210	170	TP	0.9787727434891188	0.0	2.387359050334018	0.005049840873676173	339.0,303.0,518.0,491.0	15.0,210.0,43.0,210.0
000015	217	171	TP	0.9907823741007195	0.0	1.8099727172079485	0.0025324859591981572	230.0,287.0,390.0,452.0	15.0,217.0,43.0,217.0
000015	231	172	TP	0.999813223757938	0.0	2.3212807164536673	0.004087258749594111	121.0,165.0,255.0,343.0	15.0,231.0,43.0,231.0
000015	239	173	TP	0.9633036696330367	0.0	2.1820377035567473	0.009820180834181003	151.0,109.0,301.0,261.0	15.0,239.0,43.0,239.0
000015	253	174	TP	0.7401848722790975	0.0	3.2958584329821012	0.004558752194518255	336.0,102.0,461.0,197.0	15.0,253.0,43.0,253.0
000015	267	175	TP	0.9262558772581044	0.0	0.345017517729341	0.005084291474167865	457.0,153.0,605.0,321.0	15.0,267.0,43.0,267.0
000015	273	176	TP	0.9992542450665443	0.0	1.2351417634948227	0.0019394605474581388	453.0,202.0,593.0,387.0	15.0,273.0,43.0,273.0
000015	293	177	TP	0.9773810594477921	0.0	0.9901451818366256	0.002431646616259994	163.0,238.0,342.0,409.0	15.0,293.0,43.0,293.0
000015	304	178	TP	0.9954853273137697	0.0	2.2562824775779573	0.0058394097453052084	126.0,159.0,255.0,331.0	15.0,304.0,43.0,304.0
000015	311	179	TP	0.8400077571996509	0.0	3.58961685392286	0.003225895108355113	149.0,125.0,297.0,274.0	15.0,311.0,43.0,311.0
000015	320	180	TP	0.6279769809650287	0.0	19.18507327496612	0.04901087193863178	259.0,114.0,393.0,226.0	15.0,320.0,43.0,320.0
000015	338	181	TP	0.8400963167751717	0.0	3.018431712051817	0.030812054109308398	447.0,148.0,599.0,305.0	15.0,338.0,43.0,338.0
000015	349	182	TP	0.9938521440647574	0.0	1.4854350704724302	0.003005239223390115	414.0,215.0,584.0,398.0	15.0,349.0,43.0,349.0
000015	362	183	TP	0.934151009046625	0.0	2.3543196601444873	0.006336152269776555	207.0,218.0,375.0,386.0	15.0,362.0,43.0,362.0
000015	379	184	TP	0.8827514330380406	0.0	2.2177850556210523	0.005455878908830919	131.0,151.0,268.0,302.0	15.0,379.0,43.0,379.0
000015	392	185	TP	0.3440265486725664	0.0	147.63029854158586	0.054122552088824084	269.0,138.0,398.0,249.0	15.0,392.0,43.0,392.0
000015	400	186	TP	0.504875406283857	0.0	77.65883036934447	0.7019513162583019	369.0,141.0,495.0,258.0	15.0,400.0,43.0,400.0
000015	414	187	TP	0.9134693144038099	0.0	2.220127735651879	0.008232009445044373	466.0,173.0,601.0,336.0	15.0,414.0,43.0,414.0
000015	420	188	TP	0.9922560660815695	0.0	1.3071121541146584	0.0015446180497939424	421.0,196.0,586.0,370.0	15.0,420.0,43.0,420.0
000015	427	189	TP	0.9641674194519723	0.0	0.5561119884653616	0.005797547667590315	327.0,219.0,508.0,390.0	15.0,427.0,43.0,427.0
000015	437	190	TP	0.9823646749478647	0.0	2.8861793955637927	0.008267730089314952	158.0,181.0,340.0,342.0	15.0,437.0,43.0,437.0
000015	445	191	TP	0.9924050632911392	0.0	2.381198426985071	0.004164599331918596	118.0,170.0,270.0,320.0	15.0,445.0,43.0,445.0
000015	455	*	FN	0.5879993022850166	*	*	*	157.0,163.0,304.0,290.0	*
000015	464	*	FN	0.10686004834541969	*	*	*	269.0,164.0,396.0,274.0	*
000015	471	*	FN	0.1897440159574468	*	*	*	359.0,164.0,477.0,279.0	*
000015	480	192	TP	0.379613083676482	0.0	42.90565639054935	0.13280991290209337	433.0,170.0,585.0,303.0	15.0,480.0,43.0,480.0
000015	491	193	TP	0.9754928806133626	0.0	1.2146533336258618	0.0021762818194078276	433.0,183.0,589.0,339.0	15.0,491.0,43.0,491.0
000015	500	194	TP	0.9521867891325808	0.0	1.1281609595833553	0.006507619872328858	316.0,191.0,491.0,351.0	15.0,500.0,43.0,500.0
