#  Index into NumPy file "pose_data_tless-14-epos.npz".
#  Created at  6:47PM EDT on Sep 11, 2023
#    DATASET:   tless
#    OBJECT:    14
#    ESTIMATOR: epos
#  The errors reported in this file have taken discrete and continuous object symmetries into account.
#  Bounding boxes are recorded in pixel coordinates as ((upper-left x, y), (lower-right x, y)) with the origin in the upper-left.
#
#  When a row is marked as a TP, it does not necessarily mean that the bounding boxes overlap.
#  For each ground-truth instance, the prediction best overlapping that instance belongs to that ground-truth.
#  All TPs are in the corresponding *.npz file.
#
#  When a row is marked as a FN, it means that there is a ground-truth but the predictor failed to make a prediction at all.
#  FNs are NOT recorded in the *.npz at all.
#
#  When a row is marked as a FP, it means the predictor hallucinated; there is no corresponding ground-truth instance.
#  FPs are NOT recorded in the *.npz at all.
#
#  Scene  <t>  Frame  <t>  Index  <t>  Error cat.  <t>  Visibility ratio  <t>  Score  <t>  R_err(degrees)  <t>  t_err(meters)  <t>  Gr.Tr.BBox  <t>  Pred.BBox
000007	3	0	TP	0.989479086476777	0.0	1.947273767509362	0.052175105028957565	224.0,120.0,286.0,200.0	7.0,3.0,21.0,3.0
000007	13	1	TP	0.9994830705608685	0.0	2.2048245986221864	0.03339870991255276	345.0,84.0,407.0,164.0	7.0,13.0,21.0,13.0
000007	21	2	TP	0.9354423868312757	0.0	2.408346118624882	0.04327827667054888	438.0,125.0,500.0,205.0	7.0,21.0,21.0,21.0
000007	30	3	TP	0.9087881117089418	0.0	0.029830036855718934	0.025207975768268526	481.0,228.0,547.0,304.0	7.0,30.0,21.0,30.0
000007	39	4	TP	0.9058792512523068	0.0	0.09619258944985938	0.006140296001782641	437.0,334.0,503.0,405.0	7.0,39.0,21.0,39.0
000007	54	5	TP	0.9067976633032395	0.0	0.040632946381775	0.022639781927291523	242.0,354.0,309.0,424.0	7.0,54.0,21.0,54.0
000007	62	6	TP	0.8847137014314929	0.0	0.07532130198554857	0.02416230773689235	178.0,272.0,245.0,346.0	7.0,62.0,21.0,62.0
000007	67	7	TP	0.9281543538969281	0.0	2.5433203946431338	0.07056839509023113	173.0,208.0,240.0,284.0	7.0,67.0,21.0,67.0
000007	71	8	TP	0.9526355996944232	0.0	2.431718869345651	0.08862246379074808	190.0,160.0,254.0,238.0	7.0,71.0,21.0,71.0
000007	81	9	TP	0.9793036279522767	0.0	0.052460226345944	0.015524393293278966	289.0,96.0,350.0,183.0	7.0,81.0,21.0,81.0
000007	87	10	TP	0.9507714915503307	0.0	0.035536070770500076	0.006488401879846971	365.0,95.0,425.0,182.0	7.0,87.0,21.0,87.0
000007	94	11	TP	0.9324743497971845	0.0	2.0515978753515314	0.0575031798473181	441.0,134.0,503.0,221.0	7.0,94.0,21.0,94.0
000007	102	12	TP	0.9027904849039341	0.0	2.151818558009336	0.03686375844040562	480.0,215.0,545.0,302.0	7.0,102.0,21.0,102.0
000007	112	13	TP	0.9306666666666666	0.0	1.3027289009954042	0.07133156502810042	433.0,322.0,500.0,407.0	7.0,112.0,21.0,112.0
000007	130	14	TP	0.9196663740122915	0.0	1.9572386670368378	0.03323191153200273	203.0,309.0,271.0,395.0	7.0,130.0,21.0,130.0
000007	155	15	TP	0.9889076440800578	0.0	1.5772256484602827	0.010559132233839278	323.0,105.0,381.0,195.0	7.0,155.0,21.0,155.0
000007	166	16	TP	0.9740468534680753	0.0	1.625111089186161	0.02303089133149874	444.0,145.0,504.0,236.0	7.0,166.0,21.0,166.0
000007	185	17	TP	0.9925028835063437	0.0	1.960325999793682	0.008900764826742113	416.0,315.0,485.0,412.0	7.0,185.0,21.0,185.0
000007	198	18	TP	0.9713581183611533	0.0	2.0560463425217557	0.033806070601788155	239.0,317.0,308.0,416.0	7.0,198.0,21.0,198.0
000007	207	19	TP	0.989279935275081	0.0	0.022760851090188713	0.010623711972036978	174.0,238.0,239.0,334.0	7.0,207.0,21.0,207.0
000007	219	20	TP	0.9924398625429554	0.0	0.6806587449059223	0.2821128776066042	229.0,147.0,288.0,240.0	7.0,219.0,21.0,219.0
000007	229	21	TP	0.9327016520894071	0.0	0.03077349498251138	0.011819543194672481	342.0,125.0,399.0,216.0	7.0,229.0,21.0,229.0
000007	239	22	TP	0.9874743794124345	0.0	0.03336500258057402	0.004653594755230938	446.0,159.0,505.0,252.0	7.0,239.0,21.0,239.0
000007	251	23	TP	0.962378871366141	0.0	0.02225409803555861	0.024622402945349016	471.0,250.0,537.0,351.0	7.0,251.0,21.0,251.0
000007	270	24	TP	0.9914236706689536	0.0	1.5985094026525797	0.023279670519878587	244.0,297.0,313.0,404.0	7.0,270.0,21.0,270.0
000007	277	25	TP	0.995202066801993	0.0	1.4868914497962507	0.021846731430388223	184.0,250.0,250.0,353.0	7.0,277.0,21.0,277.0
000007	285	26	TP	0.8711027411592384	0.0	0.05697573501699091	0.010793799564012139	184.0,185.0,246.0,282.0	7.0,285.0,21.0,285.0
000007	289	27	TP	0.9599817059227075	0.0	0.11574562241056775	0.054401613973368984	218.0,167.0,277.0,260.0	7.0,289.0,21.0,289.0
000007	295	28	TP	0.8343980343980344	0.0	0.9993241263958537	0.1125074219466294	279.0,150.0,335.0,240.0	7.0,295.0,21.0,295.0
000007	306	29	TP	0.9871984244214672	0.0	0.811049544243415	0.025127154631590886	403.0,157.0,459.0,246.0	7.0,306.0,21.0,306.0
000007	314	30	TP	0.9846356453028973	0.0	0.5132787681091323	0.15895784748537833	467.0,190.0,526.0,285.0	7.0,314.0,21.0,314.0
000007	328	31	TP	0.9899334584541887	0.0	0.6029781079505079	0.19541370597981275	429.0,268.0,497.0,376.0	7.0,328.0,21.0,328.0
000007	342	32	TP	0.9968620974401321	0.0	0.6088483082677815	0.22891867819901582	239.0,272.0,308.0,382.0	7.0,342.0,21.0,342.0
000007	348	33	TP	0.9994649545211343	0.0	0.5943973670972554	0.22212525527101326	187.0,241.0,254.0,346.0	7.0,348.0,21.0,348.0
000007	354	34	TP	0.7161458333333334	0.0	1.082868165023512	0.031449158153113534	178.0,204.0,241.0,303.0	7.0,354.0,21.0,354.0
000007	366	35	TP	0.7055811571940604	0.0	0.30772302701222787	0.47813232330846905	264.0,175.0,319.0,261.0	7.0,366.0,21.0,366.0
000007	378	36	TP	0.9532346063912704	0.0	0.3018035360308957	0.0546392455314845	398.0,177.0,452.0,263.0	7.0,378.0,21.0,378.0
000007	385	37	TP	0.6711393596986818	0.0	0.3044633544932481	0.33067758555769233	457.0,194.0,514.0,284.0	7.0,385.0,21.0,385.0
000007	393	38	TP	0.9950248756218906	0.0	0.09361543614805101	0.04246997281025377	476.0,223.0,538.0,321.0	7.0,393.0,21.0,393.0
000007	399	39	TP	0.993660855784469	0.0	0.3816113385174657	0.06673041481403699	443.0,244.0,510.0,349.0	7.0,399.0,21.0,399.0
000007	413	40	TP	0.9957502451781628	0.0	0.40326717214221325	0.09762894833868545	259.0,252.0,329.0,361.0	7.0,413.0,21.0,413.0
000007	428	41	TP	0.5274162577341583	0.0	0.3827945117448456	0.17022239181680554	186.0,200.0,247.0,295.0	7.0,428.0,21.0,428.0
000007	435	42	TP	0.8151858687055101	0.0	0.12762806771354276	0.1470803339096553	234.0,200.0,289.0,284.0	7.0,435.0,21.0,435.0
000007	447	*	FN	0.5455594002306805	*	*	*	360.0,200.0,413.0,280.0	*
000007	450	*	FN	0.7647392290249433	*	*	*	392.0,202.0,444.0,283.0	*
000007	458	*	FN	0.4576313804375157	*	*	*	458.0,211.0,514.0,297.0	*
000007	468	43	TP	0.9925237421701354	0.0	0.16850820933203436	0.007519760401938548	466.0,224.0,529.0,321.0	7.0,468.0,21.0,468.0
000007	478	44	TP	0.992894280762565	0.0	0.17785944463475037	0.044292572792590836	366.0,232.0,434.0,336.0	7.0,478.0,21.0,478.0
000007	486	45	TP	1.0	0.0	0.1614484280946823	0.03339466897920338	256.0,228.0,323.0,331.0	7.0,486.0,21.0,486.0
000007	493	46	TP	0.9728356458862615	0.0	0.16647551318084983	0.0016226985573126354	194.0,218.0,258.0,315.0	7.0,493.0,21.0,493.0
000016	8	47	TP	0.99157134256472	0.0	0.1554343988015779	0.005918896290958363	258.0,113.0,360.0,205.0	16.0,8.0,30.0,8.0
000016	14	48	TP	0.9870852374329426	0.0	0.2486764176840244	0.02066112792348157	321.0,98.0,409.0,200.0	16.0,14.0,30.0,14.0
000016	20	49	TP	0.9854816558760054	0.0	0.28740952052151736	0.023845971901157618	392.0,118.0,454.0,218.0	16.0,20.0,30.0,20.0
000016	31	50	TP	0.9971225781699598	0.0	0.15446670441014937	0.00895510195743393	422.0,206.0,527.0,300.0	16.0,31.0,30.0,31.0
000016	35	51	TP	0.9992304732589458	0.0	0.06606576417353642	0.006545911726632546	416.0,252.0,519.0,328.0	16.0,35.0,30.0,35.0
000016	48	52	TP	0.9539227895392279	0.0	0.22728152130416715	0.030672629536072082	323.0,317.0,424.0,424.0	16.0,48.0,30.0,48.0
000016	55	53	TP	0.9647390691114246	0.0	0.2870659839619998	0.02509515955509161	268.0,303.0,335.0,407.0	16.0,55.0,30.0,55.0
000016	61	54	TP	0.9451208431764492	0.0	0.25179839456323644	0.02459773701218388	209.0,262.0,303.0,368.0	16.0,61.0,30.0,61.0
000016	68	55	TP	0.9759036144578314	0.0	0.1271037359034211	0.006286667234808802	192.0,209.0,297.0,296.0	16.0,68.0,30.0,68.0
000016	73	56	TP	0.9975119220402239	0.0	0.016620632762006007	0.007105381342967024	220.0,163.0,315.0,225.0	16.0,73.0,30.0,73.0
000016	86	57	TP	0.9681153533712429	0.0	0.4200817621949011	0.06751572919510933	329.0,101.0,413.0,201.0	16.0,86.0,30.0,86.0
000016	96	58	TP	0.9544120524359225	0.0	0.47224770485138323	0.05492282211904861	413.0,144.0,497.0,245.0	16.0,96.0,30.0,96.0
000016	117	59	TP	0.953364309069007	0.0	0.3136106121270407	0.05115210663729869	344.0,302.0,452.0,402.0	16.0,117.0,30.0,117.0
000016	126	60	TP	0.9471640783254558	0.0	0.9311254605926697	0.031672587276169985	275.0,289.0,343.0,398.0	16.0,126.0,30.0,126.0
000016	140	61	TP	0.956152211705621	0.0	0.18905082474205817	0.009658506882313414	195.0,199.0,298.0,280.0	16.0,140.0,30.0,140.0
000016	153	62	TP	0.9734513274336283	0.0	0.3852933355110838	0.03205196588253025	272.0,117.0,369.0,205.0	16.0,153.0,30.0,153.0
000016	161	63	TP	0.8686053916365952	0.0	0.6729605343761099	0.13933465912210297	358.0,113.0,428.0,210.0	16.0,161.0,30.0,161.0
000016	174	64	TP	0.9443062200956938	0.0	0.40235950267468584	0.026800412445503647	422.0,185.0,524.0,277.0	16.0,174.0,30.0,174.0
000016	194	65	TP	0.9413718651386813	0.0	0.6454332695941347	0.19224146752647991	307.0,284.0,401.0,390.0	16.0,194.0,30.0,194.0
000016	200	66	TP	0.9573669849931787	0.0	0.7294976126497384	0.28764572396062255	253.0,266.0,322.0,374.0	16.0,200.0,30.0,200.0
000016	208	67	TP	0.9716184659601221	0.0	0.8777616869228153	0.004428951665197818	194.0,221.0,298.0,315.0	16.0,208.0,30.0,208.0
000016	219	68	TP	0.914179104477612	0.0	0.10475221552299523	0.013341711626548569	228.0,157.0,322.0,221.0	16.0,219.0,30.0,219.0
000016	231	69	TP	0.8242782450556945	0.0	0.7402853041891596	0.17658811987944986	331.0,122.0,411.0,212.0	16.0,231.0,30.0,231.0
000016	238	70	TP	0.6776018099547512	0.0	0.862570783287652	0.3203879301202284	401.0,138.0,464.0,231.0	16.0,238.0,30.0,238.0
000016	246	71	TP	0.7513310984026819	0.0	0.5161740679935567	0.11455491033733696	421.0,181.0,520.0,268.0	16.0,246.0,30.0,246.0
000016	255	72	TP	0.7270290964777948	0.0	0.05464470086347772	0.042682117194640795	401.0,248.0,499.0,313.0	16.0,255.0,30.0,255.0
000016	268	73	TP	0.9645021645021645	0.0	1.7034240773191844	0.03767969231540683	296.0,262.0,382.0,365.0	16.0,268.0,30.0,268.0
000016	275	74	TP	0.9558399423215573	0.0	1.6886465345265183	0.03438841420580317	227.0,239.0,312.0,338.0	16.0,275.0,30.0,275.0
000016	287	75	TP	0.9052544476623914	0.0	0.17260848433416143	0.005575018637749142	208.0,186.0,304.0,247.0	16.0,287.0,30.0,287.0
000016	298	76	TP	0.8398707891093677	0.0	0.6424025295721065	0.1323256622974105	286.0,142.0,377.0,219.0	16.0,298.0,30.0,298.0
000016	305	77	TP	0.6569305662311042	0.0	1.054677268632813	0.06264390782143552	359.0,140.0,426.0,224.0	16.0,305.0,30.0,305.0
000016	310	78	TP	0.5465057817998994	0.0	1.3566478308546992	0.07232194610374493	403.0,151.0,466.0,236.0	16.0,310.0,30.0,310.0
000016	322	79	TP	0.47715930902111325	0.0	1.1818734737305798	0.03025471645904616	418.0,206.0,521.0,279.0	16.0,322.0,30.0,322.0
000016	332	80	TP	0.8708263069139967	0.0	0.03702452347995228	0.012015577134268944	359.0,248.0,468.0,325.0	16.0,332.0,30.0,332.0
000016	339	81	TP	0.9579585092711584	0.0	0.019993842059886153	0.024378792329757575	300.0,245.0,390.0,337.0	16.0,339.0,30.0,339.0
000016	345	82	TP	0.9397494531716047	0.0	2.136738385649688	0.04712615639002559	243.0,232.0,318.0,323.0	16.0,345.0,30.0,345.0
000016	356	83	TP	0.9345073209339138	0.0	0.36376316086745664	0.0897505389256821	200.0,196.0,300.0,260.0	16.0,356.0,30.0,356.0
000016	373	84	TP	0.6419077404222049	0.0	2.4110885079859523	0.11403397393907884	317.0,157.0,399.0,230.0	16.0,373.0,30.0,373.0
000016	381	85	TP	0.31892212022505184	0.0	0.9973812478244493	0.05168226738377082	399.0,165.0,455.0,240.0	16.0,381.0,30.0,381.0
000016	395	86	TP	0.32754922986937024	0.0	1.3817179530655508	0.062053261938117193	416.0,204.0,516.0,271.0	16.0,395.0,30.0,395.0
000016	407	87	TP	0.9718211862932684	0.0	0.064495248121511	0.023757415692793906	332.0,232.0,437.0,306.0	16.0,407.0,30.0,407.0
000016	418	88	TP	0.9612352168199737	0.0	0.08094240787942099	0.033181699972814886	234.0,217.0,315.0,294.0	16.0,418.0,30.0,418.0
000016	425	89	TP	0.9629916682813409	0.0	0.08111036742054584	0.020900855395204337	198.0,204.0,300.0,268.0	16.0,425.0,30.0,425.0
000016	448	90	TP	0.3941513032422123	0.0	1.3778406066418554	0.07666385141797018	349.0,180.0,418.0,243.0	16.0,448.0,30.0,448.0
000016	455	91	TP	0.2400127836369447	0.0	0.8742203138063426	3.6712977181264503	405.0,184.0,471.0,249.0	16.0,455.0,30.0,455.0
000016	466	92	TP	0.3206598269965802	0.0	2.745766166134643	0.06658428876292151	418.0,197.0,518.0,261.0	16.0,466.0,30.0,466.0
000016	470	*	FN	0.4632711038961039	*	*	*	405.0,202.0,501.0,265.0	*
000016	480	93	TP	0.9772393538913363	0.0	0.08962707078425029	0.021196610072286112	326.0,208.0,428.0,277.0	16.0,480.0,30.0,480.0
000016	486	94	TP	0.9947145877378436	0.0	1.1522221215330515	0.6680918672265291	283.0,206.0,352.0,275.0	16.0,486.0,30.0,486.0
000016	495	95	TP	0.9691904953685059	0.0	0.05046193075761648	0.01091481563493875	204.0,195.0,303.0,260.0	16.0,495.0,30.0,495.0
000019	1	96	TP	0.8975505443234837	0.0	0.19712895183119125	0.007615836992285752	381.0,175.0,470.0,278.0	19.0,1.0,33.0,1.0
000019	6	97	TP	0.9259399924041017	0.0	0.21896357262775085	0.022907274552827615	402.0,208.0,465.0,309.0	19.0,6.0,33.0,6.0
000019	17	98	TP	0.954854552323385	0.0	0.11470392304308381	0.006530822471173321	352.0,267.0,457.0,366.0	19.0,17.0,33.0,17.0
000019	33	99	TP	0.9253288864183806	0.0	0.2834628467910853	0.03709148435108607	254.0,262.0,357.0,362.0	19.0,33.0,33.0,33.0
000019	42	100	TP	0.9454511136277841	0.0	0.39158053830603684	0.0758424558471114	251.0,207.0,316.0,308.0	19.0,42.0,33.0,42.0
000019	47	101	TP	0.9075388451947055	0.0	0.33870538949290363	0.07174597946043755	244.0,176.0,330.0,279.0	19.0,47.0,33.0,47.0
000019	55	102	TP	0.8704298915226999	0.0	0.206821908602028	0.03565606024438703	276.0,154.0,378.0,238.0	19.0,55.0,33.0,55.0
000019	74	103	TP	0.9112176414189836	0.0	0.376409883001848	0.06286528989839522	388.0,179.0,471.0,282.0	19.0,74.0,33.0,74.0
000019	80	104	TP	0.982544103992572	0.0	0.42481274466268887	0.05782832729795018	402.0,214.0,471.0,317.0	19.0,80.0,33.0,80.0
000019	88	105	TP	0.9341961356179366	0.0	0.24528953062023431	0.009697438354978475	355.0,255.0,460.0,354.0	19.0,88.0,33.0,88.0
000019	98	106	TP	0.803544776119403	0.0	0.14576968150941377	0.033455673569867284	289.0,287.0,391.0,356.0	19.0,98.0,33.0,98.0
000019	109	107	TP	0.9231619679380874	0.0	0.5369228829794374	0.18095444077841985	249.0,226.0,334.0,330.0	19.0,109.0,33.0,109.0
000019	115	108	TP	0.8932038834951457	0.0	0.6787651111389837	0.07232160472558097	247.0,192.0,314.0,294.0	19.0,115.0,33.0,115.0
000019	123	109	TP	0.781998021760633	0.0	0.39430199965408885	0.09007761822765566	258.0,159.0,357.0,251.0	19.0,123.0,33.0,123.0
000019	128	110	TP	0.7338410868670234	0.0	0.3112982663825956	0.022695563589239895	289.0,155.0,388.0,229.0	19.0,128.0,33.0,128.0
000019	140	111	TP	0.8263916700040048	0.0	0.21698211811093066	0.014703746972835172	359.0,154.0,460.0,249.0	19.0,140.0,33.0,140.0
000019	145	112	TP	0.8599052880820837	0.0	0.5296387609628812	0.06547880400874838	382.0,171.0,470.0,270.0	19.0,145.0,33.0,145.0
000019	150	113	TP	0.9383259911894273	0.0	0.6493145513579947	0.11848988856147705	402.0,193.0,463.0,296.0	19.0,150.0,33.0,150.0
000019	161	114	TP	0.9247795573150981	0.0	0.3501149292494235	0.022066852755313053	352.0,245.0,458.0,340.0	19.0,161.0,33.0,161.0
000019	180	115	TP	0.6966877558615556	0.0	0.6969315094542747	0.3097099932143223	250.0,227.0,342.0,325.0	19.0,180.0,33.0,180.0
000019	186	116	TP	0.7622059695592014	0.0	0.7809114413293042	0.426292828902007	252.0,196.0,316.0,296.0	19.0,186.0,33.0,186.0
000019	196	117	TP	0.67059780398536	0.0	2.935418967702754	0.2583509417732771	262.0,161.0,361.0,246.0	19.0,196.0,33.0,196.0
000019	219	118	TP	0.9209016393442623	0.0	2.3244452251594496	0.39035424722818174	392.0,181.0,468.0,278.0	19.0,219.0,33.0,219.0
000019	225	119	TP	0.983912105159898	0.0	0.8275758418112069	0.22421892355386236	398.0,204.0,472.0,304.0	19.0,225.0,33.0,225.0
000019	234	120	TP	0.8379106085083468	0.0	0.35264958047655803	0.02788344599152134	343.0,239.0,449.0,325.0	19.0,234.0,33.0,234.0
000019	255	121	TP	0.6325176275404396	0.0	0.9654072389248629	0.7693518471968763	255.0,205.0,326.0,299.0	19.0,255.0,33.0,255.0
000019	263	122	TP	0.534923339011925	0.0	2.2334836518396255	0.2274422531601063	249.0,177.0,335.0,264.0	19.0,263.0,33.0,263.0
000019	278	123	TP	0.5005683109797682	0.0	2.0737920336747284	0.048726199607114606	330.0,159.0,423.0,225.0	19.0,278.0,33.0,278.0
000019	287	124	TP	0.8238683127572016	0.0	2.475515415827705	0.2228903794293374	373.0,168.0,466.0,259.0	19.0,287.0,33.0,287.0
000019	291	125	TP	0.8772747447847314	0.0	2.186507331262131	0.3589860987044206	389.0,183.0,468.0,272.0	19.0,291.0,33.0,291.0
000019	296	126	TP	0.9597093791281374	0.0	1.038342192904807	0.41647781361413144	404.0,196.0,467.0,288.0	19.0,296.0,33.0,296.0
000019	307	127	TP	0.8065680259833995	0.0	0.40887465011936475	0.008890810747214026	340.0,228.0,446.0,307.0	19.0,307.0,33.0,307.0
000019	326	*	FN	0.3955486998677832	*	*	*	254.0,208.0,333.0,293.0	*
000019	333	128	TP	0.30813260195564035	0.0	1.3617352046013305	1.4541517541071753	249.0,188.0,323.0,270.0	19.0,333.0,33.0,333.0
000019	345	129	TP	0.2914970601537766	0.0	1.5598672781151854	0.15749002248917401	297.0,176.0,389.0,235.0	19.0,345.0,33.0,345.0
000019	356	130	TP	0.6620630125161847	0.0	2.532815151800394	0.12994127463705757	357.0,169.0,453.0,247.0	19.0,356.0,33.0,356.0
000019	364	131	TP	0.8268988140297754	0.0	1.1025234103179715	0.7129836115492958	395.0,190.0,465.0,270.0	19.0,364.0,33.0,364.0
000019	373	132	TP	0.939568345323741	0.0	1.8394812930086815	0.28674233405724	375.0,207.0,468.0,287.0	19.0,373.0,33.0,373.0
000019	387	133	TP	0.2731524789522919	0.0	1.6084607330884324	1.7459548580130109	286.0,226.0,387.0,290.0	19.0,387.0,33.0,387.0
000019	394	134	TP	0.3145974881614165	0.0	0.6196839182685256	0.5802307980886047	256.0,216.0,351.0,287.0	19.0,394.0,33.0,394.0
000019	401	135	TP	0.17585227272727272	0.0	1.7850591235496334	12.84704676942423	257.0,201.0,319.0,273.0	19.0,401.0,33.0,401.0
000019	411	136	TP	0.1925280770112308	0.0	1.4178908629223654	0.32306361424227303	265.0,190.0,357.0,251.0	19.0,411.0,33.0,411.0
000019	426	137	TP	0.5578614933453643	0.0	2.0965597883602105	0.2776758212236801	350.0,179.0,444.0,247.0	19.0,426.0,33.0,426.0
000019	435	*	FN	0.7703375760929718	*	*	*	391.0,196.0,466.0,263.0	*
000019	445	138	TP	0.8502183406113537	0.0	2.282132027976743	5.553800404953694	375.0,203.0,467.0,272.0	19.0,445.0,33.0,445.0
000019	458	*	FN	0.33209828393135726	*	*	*	293.0,209.0,391.0,273.0	*
000019	467	*	FN	0.27888714381871216	*	*	*	256.0,207.0,347.0,270.0	*
000019	481	139	TP	0.24375772558714462	0.0	1.1470690783008721	8.396555335410024	259.0,197.0,347.0,255.0	19.0,481.0,33.0,481.0
000019	488	140	TP	0.22624760076775433	0.0	2.074869074219701	0.23193950740292352	294.0,193.0,384.0,250.0	19.0,488.0,33.0,488.0
000019	494	141	TP	0.2573055968301139	0.0	1.9722117857001311	0.5194567895978971	332.0,191.0,420.0,250.0	19.0,494.0,33.0,494.0
