#  Index into NumPy file "pose_data_lmo-5-epos.npz".
#  Created at  6:34PM EDT on Sep 11, 2023
#    DATASET:   lmo
#    OBJECT:    5
#    ESTIMATOR: epos
#  The errors reported in this file have taken discrete and continuous object symmetries into account.
#  Bounding boxes are recorded in pixel coordinates as ((upper-left x, y), (lower-right x, y)) with the origin in the upper-left.
#
#  When a row is marked as a TP, it does not necessarily mean that the bounding boxes overlap.
#  For each ground-truth instance, the prediction best overlapping that instance belongs to that ground-truth.
#  All TPs are in the corresponding *.npz file.
#
#  When a row is marked as a FN, it means that there is a ground-truth but the predictor failed to make a prediction at all.
#  FNs are NOT recorded in the *.npz at all.
#
#  When a row is marked as a FP, it means the predictor hallucinated; there is no corresponding ground-truth instance.
#  FPs are NOT recorded in the *.npz at all.
#
#  Scene  <t>  Frame  <t>  Index  <t>  Error cat.  <t>  Visibility ratio  <t>  Score  <t>  R_err(degrees)  <t>  t_err(meters)  <t>  Gr.Tr.BBox  <t>  Pred.BBox
000002	3	0	TP	0.9618937644341802	0.0	4.424388422508387	0.03614588255840817	376.0,226.0,436.0,317.0	2.0,3.0,7.0,3.0
000002	8	1	TP	0.8959843837144451	0.0	11.65198689802538	0.16078709060606736	276.0,292.0,335.0,393.0	2.0,8.0,7.0,8.0
000002	17	2	TP	0.9831261101243339	0.0	4.2462102286056576	0.022003101488454017	329.0,216.0,396.0,331.0	2.0,17.0,7.0,17.0
000002	27	3	TP	0.9013511012400518	0.0	3.3815050755633296	0.03733078477512147	433.0,263.0,503.0,371.0	2.0,27.0,7.0,27.0
000002	36	4	TP	0.9141860465116279	0.0	4.8198112655502925	0.02050180576028043	377.0,279.0,447.0,381.0	2.0,36.0,7.0,36.0
000002	38	5	TP	0.9004010695187166	0.0	173.71686111511343	0.24985873771439035	407.0,274.0,485.0,379.0	2.0,38.0,7.0,38.0
000002	39	6	TP	0.9387673956262426	0.0	15.271224597030043	0.007563369474447932	431.0,291.0,513.0,398.0	2.0,39.0,7.0,39.0
000002	41	7	TP	0.9480397673982367	0.0	10.126164636232534	0.03335143746117884	458.0,248.0,538.0,341.0	2.0,41.0,7.0,41.0
000002	47	8	TP	0.9263317599460553	0.0	9.346145882630765	0.024947183843792384	449.0,184.0,531.0,288.0	2.0,47.0,7.0,47.0
000002	58	9	TP	0.8368794326241135	0.0	7.780998738567495	0.006347763815948538	412.0,180.0,480.0,292.0	2.0,58.0,7.0,58.0
000002	61	10	TP	0.8265924349107582	0.0	7.191513050884852	0.03970907830711299	486.0,122.0,564.0,241.0	2.0,61.0,7.0,61.0
000002	62	11	TP	0.8843198338525441	0.0	7.69944418648927	0.0406980779999539	353.0,121.0,424.0,226.0	2.0,62.0,7.0,62.0
000002	64	12	TP	0.8311356869417269	0.0	7.993459083221479	0.03142378023655444	359.0,147.0,430.0,253.0	2.0,64.0,7.0,64.0
000002	65	13	TP	0.7928256282370996	0.0	6.41039272767199	0.009909682605520343	467.0,163.0,548.0,270.0	2.0,65.0,7.0,65.0
000002	69	14	TP	0.6747500531801744	0.0	4.872938002681159	0.033040878681011195	415.0,245.0,474.0,355.0	2.0,69.0,7.0,69.0
000002	72	15	TP	0.7737789203084833	0.0	3.783484025659673	0.014686742863074668	352.0,186.0,439.0,297.0	2.0,72.0,7.0,72.0
000002	79	16	TP	0.9783983140147524	0.0	3.745102377752755	0.013050794585890048	431.0,228.0,502.0,337.0	2.0,79.0,7.0,79.0
000002	89	17	TP	0.9053129931614939	0.0	5.513198954511358	0.00913042336816624	319.0,150.0,423.0,262.0	2.0,89.0,7.0,89.0
000002	96	18	TP	0.6314722682881887	0.0	2.1315015394379153	0.05350387844879407	393.0,241.0,459.0,359.0	2.0,96.0,7.0,96.0
000002	97	19	TP	0.9429699842022117	0.0	4.446830950698821	0.04482259602458313	483.0,165.0,559.0,274.0	2.0,97.0,7.0,97.0
000002	102	20	TP	0.9650787965616046	0.0	5.414529467895732	0.03494688171154888	398.0,189.0,486.0,286.0	2.0,102.0,7.0,102.0
000002	107	21	TP	0.9202397418165053	0.0	3.05894868770296	0.02763090244087225	301.0,258.0,395.0,332.0	2.0,107.0,7.0,107.0
000002	110	22	TP	0.9679063620917501	0.0	3.4480752016962164	0.044136590806169856	390.0,220.0,450.0,324.0	2.0,110.0,7.0,110.0
000002	115	23	TP	0.9608938547486033	0.0	4.93535000610675	0.009976754895517317	359.0,153.0,426.0,273.0	2.0,115.0,7.0,115.0
000002	119	24	TP	0.9670235546038544	0.0	5.619727316669266	0.026271477023462247	482.0,177.0,555.0,287.0	2.0,119.0,7.0,119.0
000002	124	25	TP	0.9096648858669257	0.0	27.518657507366527	0.1332915968607915	379.0,242.0,444.0,356.0	2.0,124.0,7.0,124.0
000002	126	26	TP	0.9268437747819191	0.0	7.741084474874883	0.032627832092310016	426.0,202.0,502.0,308.0	2.0,126.0,7.0,126.0
000002	136	27	TP	0.9633377888103877	0.0	7.905226925713484	0.05369182449420608	276.0,260.0,366.0,350.0	2.0,136.0,7.0,136.0
000002	153	28	TP	0.9609407811843763	0.0	6.409800088738613	0.011675724776100087	503.0,135.0,574.0,263.0	2.0,153.0,7.0,153.0
000002	156	29	TP	0.9474120769741208	0.0	8.830975123718826	0.05137124900164086	323.0,216.0,390.0,334.0	2.0,156.0,7.0,156.0
000002	162	30	TP	0.47598522167487683	0.0	9.518712975277143	0.01878658906811826	398.0,165.0,492.0,258.0	2.0,162.0,7.0,162.0
000002	166	31	TP	0.49180633147113595	0.0	10.716976250025136	0.06353504429086708	339.0,127.0,442.0,234.0	2.0,166.0,7.0,166.0
000002	175	32	TP	0.8070858477710726	0.0	5.509097049400595	0.09935713118562682	376.0,179.0,484.0,262.0	2.0,175.0,7.0,175.0
000002	176	33	TP	0.7591852274890539	0.0	5.864347922565885	0.061140964062030276	356.0,125.0,459.0,218.0	2.0,176.0,7.0,176.0
000002	178	34	TP	0.7684550221863655	0.0	43.03545198432784	0.6363882633626581	457.0,336.0,547.0,428.0	2.0,178.0,7.0,178.0
000002	203	35	TP	0.9085356303837119	0.0	14.878764002813975	0.007333742101307373	488.0,194.0,578.0,313.0	2.0,203.0,7.0,203.0
000002	207	36	TP	0.9607865818392134	0.0	9.654603566908454	0.021960520359044444	454.0,142.0,553.0,269.0	2.0,207.0,7.0,207.0
000002	217	37	TP	0.9438616387865041	0.0	6.294888657646072	0.008723661775945399	384.0,207.0,460.0,343.0	2.0,217.0,7.0,217.0
000002	219	38	TP	0.9272683629380701	0.0	6.3077215794838954	0.006861951089877573	401.0,174.0,481.0,323.0	2.0,219.0,7.0,219.0
000002	221	39	TP	0.9222456837659918	0.0	7.069000035029127	0.010314657915145124	350.0,205.0,431.0,351.0	2.0,221.0,7.0,221.0
000002	224	40	TP	0.6965861588481189	0.0	6.891630134414594	0.05767865760856426	387.0,202.0,521.0,331.0	2.0,224.0,7.0,224.0
000002	243	41	TP	0.6602828520919269	0.0	6.960496063680576	0.03881298390407628	385.0,55.0,492.0,179.0	2.0,243.0,7.0,243.0
000002	248	42	TP	0.7043057996485061	0.0	8.464124752969092	0.03340806509556452	440.0,219.0,547.0,338.0	2.0,248.0,7.0,248.0
000002	249	43	TP	0.7655450457435261	0.0	7.059014360325263	0.006460442864656712	362.0,169.0,467.0,283.0	2.0,249.0,7.0,249.0
000002	254	44	TP	0.47863378771634246	0.0	8.696691179364688	0.03841786942260506	342.0,59.0,454.0,179.0	2.0,254.0,7.0,254.0
000002	258	45	TP	0.9745925215723873	0.0	4.239218297910302	0.00994887361484042	438.0,215.0,521.0,359.0	2.0,258.0,7.0,258.0
000002	263	46	TP	0.9818148420279207	0.0	6.0325722132901145	0.006161397655460911	86.0,164.0,177.0,271.0	2.0,263.0,7.0,263.0
000002	266	47	TP	0.9235308285163777	0.0	9.317015281213006	0.044942257437808684	452.0,149.0,551.0,267.0	2.0,266.0,7.0,266.0
000002	268	*	FN	0.9478134495970406	*	*	*	437.0,158.0,532.0,292.0	*
000002	277	48	TP	0.9783331834936618	0.0	3.8555605871880108	0.028195918590273726	413.0,207.0,510.0,363.0	2.0,277.0,7.0,277.0
000002	283	49	TP	0.8721788652183083	0.0	7.481378602763101	0.04012976813794386	365.0,110.0,494.0,253.0	2.0,283.0,7.0,283.0
000002	307	50	TP	0.8877310507381219	0.0	3.427965799707578	0.05939913927802222	290.0,83.0,419.0,201.0	2.0,307.0,7.0,307.0
000002	310	51	TP	0.7892556949689365	0.0	5.092451490369453	0.06340763256146738	332.0,43.0,457.0,171.0	2.0,310.0,7.0,310.0
000002	322	52	TP	0.8189531392768568	0.0	7.189741578186598	0.046640646666082294	362.0,141.0,471.0,273.0	2.0,322.0,7.0,322.0
000002	326	53	TP	0.7943096560459905	0.0	5.8862679785821514	0.03185831295016474	340.0,26.0,452.0,175.0	2.0,326.0,7.0,326.0
000002	338	54	TP	0.9473561611926392	0.0	2.216740129845562	0.020152951233363074	370.0,105.0,470.0,276.0	2.0,338.0,7.0,338.0
000002	342	55	TP	0.998970623168897	0.0	7.032955629711409	0.026878374640686424	325.0,173.0,430.0,325.0	2.0,342.0,7.0,342.0
000002	356	56	TP	0.9979923997992399	0.0	1.8027693369505	0.025243367820582133	348.0,130.0,443.0,325.0	2.0,356.0,7.0,356.0
000002	362	57	TP	0.9280181848796094	0.0	176.63915877794804	0.01956307724013231	370.0,134.0,461.0,315.0	2.0,362.0,7.0,362.0
000002	365	58	TP	0.807634805143028	0.0	4.909232820079465	0.01285568285275682	303.0,39.0,420.0,202.0	2.0,365.0,7.0,365.0
000002	368	59	TP	0.8192347859109466	0.0	3.5725861264865424	0.03499384376364396	341.0,13.0,481.0,163.0	2.0,368.0,7.0,368.0
000002	387	60	TP	0.992396204831438	0.0	2.807371068869596	0.01684214028457119	226.0,80.0,379.0,258.0	2.0,387.0,7.0,387.0
000002	402	61	TP	0.9491525423728814	0.0	7.565381445707644	0.05210645458424682	437.0,190.0,512.0,282.0	2.0,402.0,7.0,402.0
000002	415	62	TP	0.9179091387475882	0.0	3.113711474147238	0.01714434664377842	501.0,130.0,572.0,241.0	2.0,415.0,7.0,415.0
000002	417	63	TP	0.8874322670861737	0.0	5.111990248218078	0.05081417203833907	511.0,156.0,573.0,270.0	2.0,417.0,7.0,417.0
000002	425	64	TP	0.7299354243542435	0.0	3.764955980336204	0.030829665333012405	389.0,79.0,475.0,177.0	2.0,425.0,7.0,425.0
000002	428	65	TP	0.8838374798639699	0.0	3.212993630954573	0.007594902861592409	446.0,153.0,523.0,269.0	2.0,428.0,7.0,428.0
000002	434	66	TP	0.7920117798637953	0.0	3.5517904075917275	0.0048995333542706946	483.0,122.0,561.0,238.0	2.0,434.0,7.0,434.0
000002	435	67	TP	0.7628831256315257	0.0	3.79520049826324	0.015471815089591574	491.0,122.0,573.0,243.0	2.0,435.0,7.0,435.0
000002	438	68	TP	0.8163934426229508	0.0	7.398784500109916	0.0642240066987767	401.0,149.0,468.0,260.0	2.0,438.0,7.0,438.0
000002	442	69	TP	0.7600742804085423	0.0	5.139478368121204	0.039613727599536866	436.0,206.0,511.0,323.0	2.0,442.0,7.0,442.0
000002	446	70	TP	0.8115015974440895	0.0	10.050908873563358	0.0746263882121545	368.0,115.0,449.0,223.0	2.0,446.0,7.0,446.0
000002	453	71	TP	0.919047619047619	0.0	14.53185895890377	0.05158269047302568	322.0,182.0,394.0,264.0	2.0,453.0,7.0,453.0
000002	473	72	TP	0.8131469979296067	0.0	8.608205570731787	0.0644141032874399	287.0,130.0,356.0,227.0	2.0,473.0,7.0,473.0
000002	474	73	TP	0.8608126259234385	0.0	3.1729402636177806	0.02346622769419851	405.0,102.0,479.0,219.0	2.0,474.0,7.0,474.0
000002	476	74	TP	0.6430240320427236	0.0	81.31270243475285	1.9174144732280847	453.0,44.0,547.0,157.0	2.0,476.0,7.0,476.0
000002	477	75	TP	0.46700188560653677	0.0	36.56031812920847	0.0355054439027962	363.0,30.0,450.0,135.0	2.0,477.0,7.0,477.0
000002	480	76	TP	0.4872023147117739	0.0	141.78570581724276	0.8932667918933905	336.0,33.0,417.0,136.0	2.0,480.0,7.0,480.0
000002	491	77	TP	0.6726840855106888	0.0	170.44117206744022	0.7068134068154901	290.0,114.0,368.0,206.0	2.0,491.0,7.0,491.0
000002	494	78	TP	0.7122494432071269	0.0	10.185045629629027	0.0536442278661996	402.0,253.0,474.0,357.0	2.0,494.0,7.0,494.0
000002	499	79	TP	0.6882229232386962	0.0	58.833269994975346	0.04551760887967597	399.0,293.0,455.0,392.0	2.0,499.0,7.0,499.0
000002	501	80	TP	0.7074840764331211	0.0	2.2477630215523527	0.022042398177183856	449.0,101.0,533.0,224.0	2.0,501.0,7.0,501.0
000002	503	81	TP	0.5934788325006574	0.0	3.998065557050597	0.052525868655660016	373.0,190.0,444.0,283.0	2.0,503.0,7.0,503.0
000002	521	82	TP	0.776519052523172	0.0	6.62842911111782	0.007952227774397885	379.0,74.0,456.0,178.0	2.0,521.0,7.0,521.0
000002	527	83	TP	0.4217633042096902	0.0	74.60901096555507	0.8722534192433106	366.0,146.0,452.0,253.0	2.0,527.0,7.0,527.0
000002	529	84	TP	0.6107708553326293	0.0	8.026921269748284	0.20744232695687934	380.0,167.0,460.0,272.0	2.0,529.0,7.0,529.0
000002	532	85	TP	0.7650395324853901	0.0	4.10209989309294	0.061388276719060685	360.0,5.0,461.0,113.0	2.0,532.0,7.0,532.0
000002	535	86	TP	0.9302582211432355	0.0	5.032656123542624	0.06632943031573563	348.0,82.0,452.0,163.0	2.0,535.0,7.0,535.0
000002	540	87	TP	0.8719562696703661	0.0	5.0983669714818864	0.03315849871812015	392.0,132.0,478.0,241.0	2.0,540.0,7.0,540.0
000002	543	88	TP	0.5689265536723164	0.0	44.88538873656711	0.22981018356209065	392.0,165.0,479.0,272.0	2.0,543.0,7.0,543.0
000002	549	89	TP	0.9400984682713348	0.0	3.8569024678868353	0.043308920252441534	496.0,109.0,590.0,220.0	2.0,549.0,7.0,549.0
000002	560	90	TP	0.8016516737944256	0.0	1.9144263349620825	0.009541300672408578	482.0,169.0,556.0,298.0	2.0,560.0,7.0,560.0
000002	563	91	TP	0.7766255144032922	0.0	4.232428115096249	0.027942291398467333	356.0,102.0,429.0,228.0	2.0,563.0,7.0,563.0
000002	571	92	TP	0.7607575757575757	0.0	3.4940701677495185	0.02612957103600305	457.0,194.0,522.0,323.0	2.0,571.0,7.0,571.0
000002	575	93	TP	0.7659336563548267	0.0	3.7340812786672326	0.051964813366022454	359.0,185.0,431.0,305.0	2.0,575.0,7.0,575.0
000002	589	94	TP	0.9562276671771311	0.0	4.379931528322088	0.040958819335108136	409.0,108.0,495.0,223.0	2.0,589.0,7.0,589.0
000002	603	95	TP	0.8919690175295556	0.0	1.4389050123264056	0.037963737222688476	410.0,111.0,479.0,252.0	2.0,603.0,7.0,603.0
000002	607	96	TP	0.7150194336479734	0.0	6.066912932272587	0.010805758841576191	314.0,95.0,403.0,234.0	2.0,607.0,7.0,607.0
000002	611	97	TP	0.682258689753198	0.0	8.274663306813125	0.024353735506938312	314.0,71.0,407.0,217.0	2.0,611.0,7.0,611.0
000002	615	98	TP	0.6934497816593886	0.0	4.649530297913236	0.03796304406650906	312.0,35.0,414.0,163.0	2.0,615.0,7.0,615.0
000002	625	99	TP	0.29613601236476045	0.0	59.01530648418933	0.19948552609749154	246.0,93.0,348.0,215.0	2.0,625.0,7.0,625.0
000002	642	100	TP	0.6199119177899373	0.0	11.643147928894892	0.031136936942206657	347.0,31.0,454.0,156.0	2.0,642.0,7.0,642.0
000002	648	101	TP	0.35185714285714287	0.0	20.610322231776905	0.19945391612319202	343.0,65.0,451.0,192.0	2.0,648.0,7.0,648.0
000002	649	102	TP	0.4390133514369767	0.0	9.486572375079005	0.08356305188789258	360.0,34.0,478.0,177.0	2.0,649.0,7.0,649.0
000002	650	*	FN	0.2290275761973875	*	*	*	325.0,139.0,433.0,264.0	*
000002	652	103	TP	0.9460685483870968	0.0	3.3831388996306173	0.029753606699338683	419.0,66.0,516.0,203.0	2.0,652.0,7.0,652.0
000002	667	104	TP	0.7643672356327643	0.0	3.2993629910293074	0.030638419298609002	396.0,113.0,477.0,276.0	2.0,667.0,7.0,667.0
000002	669	105	TP	0.84759780689527	0.0	179.08126659149596	0.04779996931578298	391.0,72.0,481.0,237.0	2.0,669.0,7.0,669.0
000002	679	106	TP	0.5762081784386617	0.0	4.3033853273484635	0.03855795403367096	246.0,25.0,354.0,170.0	2.0,679.0,7.0,679.0
000002	691	107	TP	0.9448826291079813	0.0	4.690487841267754	0.04144022080007357	400.0,17.0,506.0,152.0	2.0,691.0,7.0,691.0
000002	695	108	TP	0.7237390097177233	0.0	11.129638055769561	0.1738982747416974	373.0,14.0,496.0,151.0	2.0,695.0,7.0,695.0
000002	703	109	TP	0.8007527640555163	0.0	104.77480621154447	0.45562375977646913	296.0,197.0,381.0,292.0	2.0,703.0,7.0,703.0
000002	708	110	TP	0.8896406906206253	0.0	4.44622774920654	0.034207624008595554	255.0,173.0,342.0,259.0	2.0,708.0,7.0,708.0
000002	711	111	TP	0.5534370296036126	0.0	161.36423097283924	1.0495299410353893	289.0,232.0,374.0,328.0	2.0,711.0,7.0,711.0
000002	727	112	TP	0.7111627906976744	0.0	55.81598338444154	0.5571672748244118	282.0,266.0,369.0,364.0	2.0,727.0,7.0,727.0
000002	736	*	FN	0.5	*	*	*	204.0,224.0,289.0,320.0	*
000002	737	*	FN	0.35910527595429126	*	*	*	233.0,234.0,316.0,330.0	*
000002	739	113	TP	0.42298791463101054	0.0	167.02288853849825	0.42319210352125447	203.0,170.0,288.0,265.0	2.0,739.0,7.0,739.0
000002	740	114	TP	0.5464396284829721	0.0	32.81603534171129	0.5644903588329898	236.0,252.0,320.0,347.0	2.0,740.0,7.0,740.0
000002	750	115	TP	0.7660485021398002	0.0	11.018957869588286	0.18797424704774068	241.0,123.0,330.0,233.0	2.0,750.0,7.0,750.0
000002	754	116	TP	0.864015518913676	0.0	5.132740661468587	0.12857045868322134	269.0,66.0,353.0,165.0	2.0,754.0,7.0,754.0
000002	756	117	TP	0.7313403286477925	0.0	9.594772944169934	0.09559367026576275	252.0,109.0,334.0,215.0	2.0,756.0,7.0,756.0
000002	757	118	TP	0.7310302282541641	0.0	7.328938705992696	0.05550888470303675	278.0,90.0,362.0,195.0	2.0,757.0,7.0,757.0
000002	758	119	TP	0.7498401875133177	0.0	9.336073518512938	0.08692326729742138	274.0,61.0,357.0,165.0	2.0,758.0,7.0,758.0
000002	761	120	TP	0.6808854046575974	0.0	8.268840080616595	0.06567632470444737	283.0,177.0,368.0,276.0	2.0,761.0,7.0,761.0
000002	762	*	FN	0.4717298003358836	*	*	*	155.0,135.0,248.0,244.0	*
000002	764	121	TP	0.9601769911504425	0.0	11.93817644365508	0.16350051734062965	231.0,197.0,305.0,296.0	2.0,764.0,7.0,764.0
000002	768	122	TP	0.9258306538049303	0.0	5.891464961888494	0.06481843128551451	216.0,126.0,287.0,218.0	2.0,768.0,7.0,768.0
000002	769	123	TP	0.8895437677363022	0.0	9.463362129678593	0.12357270623728958	223.0,108.0,301.0,199.0	2.0,769.0,7.0,769.0
000002	770	124	TP	0.9227704566349985	0.0	5.306452093271117	0.04104503342842134	169.0,143.0,247.0,254.0	2.0,770.0,7.0,770.0
000002	773	125	TP	0.8954879328436516	0.0	9.74380059679995	0.08413682764944504	224.0,116.0,325.0,206.0	2.0,773.0,7.0,773.0
000002	775	*	FN	0.7672413793103449	*	*	*	278.0,136.0,367.0,220.0	*
000002	785	126	TP	0.8986277113767154	0.0	2.7420249447813414	0.029589040647505394	320.0,177.0,382.0,282.0	2.0,785.0,7.0,785.0
000002	788	127	TP	0.8633276740237691	0.0	5.614000205584263	0.06667200421542895	225.0,161.0,318.0,276.0	2.0,788.0,7.0,788.0
000002	791	128	TP	0.8978045463376725	0.0	3.8929995598252574	0.038985986620897826	230.0,113.0,313.0,223.0	2.0,791.0,7.0,791.0
000002	794	129	TP	0.858978936094252	0.0	4.060941430314839	0.009737402748087058	168.0,131.0,255.0,243.0	2.0,794.0,7.0,794.0
000002	801	130	TP	0.7427230046948357	0.0	8.365629389059569	0.022463722999518838	230.0,192.0,306.0,291.0	2.0,801.0,7.0,801.0
000002	803	131	TP	0.7654491155524925	0.0	6.479879410098383	0.025139982896167173	250.0,229.0,332.0,328.0	2.0,803.0,7.0,803.0
000002	804	132	TP	0.7809247155652385	0.0	8.005597728456177	0.02141367637087464	306.0,198.0,388.0,294.0	2.0,804.0,7.0,804.0
000002	808	133	TP	0.805521966948811	0.0	3.363640201272114	0.00929571311646226	198.0,121.0,264.0,231.0	2.0,808.0,7.0,808.0
000002	809	134	TP	0.7284625903496776	0.0	8.135004803172796	0.05645944969338902	186.0,93.0,286.0,197.0	2.0,809.0,7.0,809.0
000002	819	135	TP	0.9531430775163903	0.0	6.436849731438654	0.049392833692021305	209.0,174.0,316.0,259.0	2.0,819.0,7.0,819.0
000002	821	136	TP	0.9600484261501211	0.0	6.659885620001847	0.15454874484811193	260.0,129.0,352.0,229.0	2.0,821.0,7.0,821.0
000002	828	137	TP	0.7313127175916445	0.0	13.134824831382586	0.13624997964011584	251.0,126.0,345.0,232.0	2.0,828.0,7.0,828.0
000002	837	138	TP	0.9851602023608769	0.0	4.355213626447951	0.04944555536094472	187.0,120.0,259.0,227.0	2.0,837.0,7.0,837.0
000002	840	139	TP	0.8834406471850751	0.0	4.525285948810086	0.05882944611578696	220.0,88.0,311.0,203.0	2.0,840.0,7.0,840.0
000002	844	140	TP	0.9372001128986734	0.0	4.614233048943414	0.023994586282056866	266.0,51.0,344.0,181.0	2.0,844.0,7.0,844.0
000002	850	141	TP	0.741279550338899	0.0	3.478728766608994	0.012353904697447508	179.0,78.0,272.0,197.0	2.0,850.0,7.0,850.0
000002	856	142	TP	0.6169720690268635	0.0	179.3454510903961	0.04922547158118638	273.0,89.0,375.0,202.0	2.0,856.0,7.0,856.0
000002	867	*	FN	0.7347252072459318	*	*	*	190.0,200.0,296.0,305.0	*
000002	871	143	TP	0.5767608334398568	0.0	89.50096805737937	0.8077130220027058	97.0,170.0,201.0,288.0	2.0,871.0,7.0,871.0
000002	877	144	TP	0.40242689476825144	0.0	158.92141421785064	0.3784437822921415	214.0,184.0,311.0,292.0	2.0,877.0,7.0,877.0
000002	883	*	FN	0.4759322033898305	*	*	*	193.0,205.0,293.0,319.0	*
000002	886	145	TP	0.3802870813397129	0.0	75.91438051885771	0.4818835548826339	186.0,165.0,283.0,275.0	2.0,886.0,7.0,886.0
000002	894	146	TP	0.9636208784523664	0.0	3.098487874228768	0.01005288950550947	191.0,113.0,277.0,240.0	2.0,894.0,7.0,894.0
000002	902	147	TP	0.8230631552032728	0.0	3.1895929047954037	0.02712162784780577	200.0,23.0,287.0,166.0	2.0,902.0,7.0,902.0
000002	903	148	TP	0.7598369372562921	0.0	4.187977297706292	0.04923283615316113	197.0,187.0,276.0,302.0	2.0,903.0,7.0,903.0
000002	904	149	TP	0.7655460721128723	0.0	2.8269252585138784	0.019475214075010468	272.0,150.0,348.0,268.0	2.0,904.0,7.0,904.0
000002	907	150	TP	0.8202333632516989	0.0	175.1041121113405	0.10654199555870368	275.0,89.0,399.0,219.0	2.0,907.0,7.0,907.0
000002	909	151	TP	0.566008872571516	0.0	168.6737030762244	0.6505985311430788	292.0,96.0,401.0,220.0	2.0,909.0,7.0,909.0
000002	918	152	TP	0.8816168189212864	0.0	3.4250945911662245	0.08356665548474469	181.0,84.0,297.0,209.0	2.0,918.0,7.0,918.0
000002	925	153	TP	0.7949989449250897	0.0	3.4005102593713965	0.02612097397488886	154.0,69.0,277.0,217.0	2.0,925.0,7.0,925.0
000002	934	154	TP	0.8582146352071328	0.0	3.772671227899573	0.008784384202773506	155.0,43.0,279.0,188.0	2.0,934.0,7.0,934.0
000002	942	155	TP	0.9124606387764282	0.0	5.794834297168182	0.036784933992688555	122.0,19.0,250.0,178.0	2.0,942.0,7.0,942.0
000002	952	156	TP	0.6388850558851938	0.0	5.436961181020774	0.20711643833757312	204.0,55.0,315.0,183.0	2.0,952.0,7.0,952.0
000002	956	157	TP	0.4490625	0.0	49.01139119795827	1.5688710661619816	213.0,105.0,324.0,230.0	2.0,956.0,7.0,956.0
000002	961	158	TP	0.8573773657782928	0.0	2.223624854710077	0.09530635398729166	99.0,140.0,215.0,284.0	2.0,961.0,7.0,961.0
000002	968	159	TP	0.9744042365401588	0.0	7.422036059106389	0.029206336653326295	87.0,151.0,217.0,291.0	2.0,968.0,7.0,968.0
000002	969	160	TP	0.9792703150912107	0.0	5.4622625430580936	0.04448340817442158	152.0,201.0,267.0,325.0	2.0,969.0,7.0,969.0
000002	972	161	TP	0.7402815013404825	0.0	11.230686031079584	0.10524122591623787	245.0,70.0,374.0,213.0	2.0,972.0,7.0,972.0
000002	982	162	TP	0.7771551321565331	0.0	5.710078446768149	0.05074985813138417	128.0,12.0,270.0,152.0	2.0,982.0,7.0,982.0
000002	984	163	TP	0.8744288064339243	0.0	1.9089796151476721	0.012864354510722218	119.0,33.0,269.0,161.0	2.0,984.0,7.0,984.0
000002	991	164	TP	0.6461743664362799	0.0	4.534635317596625	0.09380444311615725	178.0,89.0,298.0,227.0	2.0,991.0,7.0,991.0
000002	1001	165	TP	0.9519498607242339	0.0	2.3276062866290403	0.003887827008216519	130.0,20.0,226.0,192.0	2.0,1001.0,7.0,1001.0
000002	1012	166	TP	0.8350602664411081	0.0	2.1037021197219423	0.041451546007364774	192.0,160.0,265.0,261.0	2.0,1012.0,7.0,1012.0
000002	1038	167	TP	0.8426183844011143	0.0	4.162998558810978	0.007937544488452625	207.0,54.0,290.0,178.0	2.0,1038.0,7.0,1038.0
000002	1050	168	TP	0.9158060170633139	0.0	2.7672737414926827	0.023698357492691665	335.0,133.0,417.0,237.0	2.0,1050.0,7.0,1050.0
000002	1057	169	TP	0.8033084526931612	0.0	1.89730633818962	0.02166267351542622	210.0,169.0,275.0,282.0	2.0,1057.0,7.0,1057.0
000002	1061	170	TP	0.7119021134593994	0.0	6.112517085948974	0.018810149211526184	142.0,200.0,228.0,323.0	2.0,1061.0,7.0,1061.0
000002	1069	171	TP	0.7323241317898486	0.0	9.116640632878543	0.021461525478949688	100.0,171.0,189.0,281.0	2.0,1069.0,7.0,1069.0
000002	1071	172	TP	0.379740980573543	0.0	9.911025484846265	0.11252137941952828	278.0,165.0,355.0,264.0	2.0,1071.0,7.0,1071.0
000002	1087	*	FN	0.3125130561938584	*	*	*	113.0,173.0,204.0,274.0	*
000002	1098	173	TP	0.5908353609083536	0.0	10.250963298038394	0.14958316290967805	236.0,92.0,320.0,198.0	2.0,1098.0,7.0,1098.0
000002	1099	174	TP	0.9656529516994633	0.0	3.4389298475931844	0.04624156431068481	160.0,70.0,227.0,173.0	2.0,1099.0,7.0,1099.0
000002	1103	175	TP	0.9030168740412476	0.0	1.3998185374439194	0.002893929630467432	198.0,146.0,284.0,239.0	2.0,1103.0,7.0,1103.0
000002	1107	176	TP	0.9539495247459849	0.0	1.7943731088951296	0.02738012676496174	267.0,113.0,340.0,230.0	2.0,1107.0,7.0,1107.0
000002	1117	177	TP	0.6915670650730412	0.0	1.9971688543556052	0.042664723414818286	313.0,230.0,403.0,348.0	2.0,1117.0,7.0,1117.0
000002	1123	178	TP	0.40918765519687833	0.0	21.08063320852482	0.20890158204694637	190.0,178.0,286.0,291.0	2.0,1123.0,7.0,1123.0
000002	1131	179	TP	0.7847666614640237	0.0	5.790158021129948	0.02549329352619171	284.0,59.0,367.0,189.0	2.0,1131.0,7.0,1131.0
000002	1144	180	TP	0.894406392694064	0.0	2.8979739808801153	0.03587993101369665	210.0,155.0,332.0,262.0	2.0,1144.0,7.0,1144.0
000002	1148	181	TP	0.9554464973056197	0.0	4.758623291248774	0.022741293293327053	132.0,86.0,235.0,223.0	2.0,1148.0,7.0,1148.0
000002	1151	182	TP	0.8163187372708758	0.0	2.5276930345382134	0.01331364165183849	197.0,127.0,292.0,262.0	2.0,1151.0,7.0,1151.0
000002	1157	183	TP	0.599973586899102	0.0	4.210350237123865	0.055550900433336034	181.0,90.0,284.0,216.0	2.0,1157.0,7.0,1157.0
000002	1168	184	TP	0.8309184830540507	0.0	1.0270483387569793	0.028875775830776163	218.0,71.0,297.0,214.0	2.0,1168.0,7.0,1168.0
000002	1169	185	TP	0.8469864418366184	0.0	4.325712720414932	0.014770794549444174	194.0,47.0,283.0,195.0	2.0,1169.0,7.0,1169.0
000002	1176	186	TP	0.9513575846524793	0.0	3.106673462641143	0.016798090912648632	212.0,34.0,308.0,198.0	2.0,1176.0,7.0,1176.0
000002	1180	187	TP	0.8085395439107229	0.0	2.3448167474073713	0.015753162168936727	166.0,30.0,281.0,181.0	2.0,1180.0,7.0,1180.0
000002	1199	188	TP	0.8299298994209082	0.0	4.5498907750978335	0.01814235211907738	194.0,14.0,288.0,175.0	2.0,1199.0,7.0,1199.0
000002	1212	189	TP	0.730419731717871	0.0	1.7056837425362832	0.01275881970861658	191.0,97.0,289.0,248.0	2.0,1212.0,7.0,1212.0
