#  Index into NumPy file "pose_data_lmo-1-epos.npz".
#  Created at  6:34PM EDT on Sep 11, 2023
#    DATASET:   lmo
#    OBJECT:    1
#    ESTIMATOR: epos
#  The errors reported in this file have taken discrete and continuous object symmetries into account.
#  Bounding boxes are recorded in pixel coordinates as ((upper-left x, y), (lower-right x, y)) with the origin in the upper-left.
#
#  When a row is marked as a TP, it does not necessarily mean that the bounding boxes overlap.
#  For each ground-truth instance, the prediction best overlapping that instance belongs to that ground-truth.
#  All TPs are in the corresponding *.npz file.
#
#  When a row is marked as a FN, it means that there is a ground-truth but the predictor failed to make a prediction at all.
#  FNs are NOT recorded in the *.npz at all.
#
#  When a row is marked as a FP, it means the predictor hallucinated; there is no corresponding ground-truth instance.
#  FPs are NOT recorded in the *.npz at all.
#
#  Scene  <t>  Frame  <t>  Index  <t>  Error cat.  <t>  Visibility ratio  <t>  Score  <t>  R_err(degrees)  <t>  t_err(meters)  <t>  Gr.Tr.BBox  <t>  Pred.BBox
000002	3	0	TP	0.19964507542147295	0.0	65.14128813342634	1.2873222521069267	388.0,164.0,422.0,209.0	2.0,3.0,3.0,3.0
000002	8	1	TP	0.6825095057034221	0.0	107.6136534552142	0.3123113181108248	292.0,218.0,325.0,257.0	2.0,8.0,3.0,8.0
000002	17	2	TP	0.3261617900172117	0.0	94.45482329754935	0.5117090521126487	366.0,214.0,398.0,262.0	2.0,17.0,3.0,17.0
000002	27	3	TP	0.39339875111507583	0.0	40.93077796956239	0.8623811224329572	436.0,255.0,468.0,303.0	2.0,27.0,3.0,27.0
000002	36	4	TP	0.05824372759856631	0.0	124.6137473108096	0.22861035126040644	386.0,220.0,419.0,265.0	2.0,36.0,3.0,36.0
000002	38	5	TP	0.06063348416289593	0.0	24.695887959139295	0.3030894430322321	388.0,210.0,423.0,250.0	2.0,38.0,3.0,38.0
000002	41	6	TP	0.1966490299823633	0.0	111.30802978182308	1.7186526961862694	422.0,203.0,458.0,247.0	2.0,41.0,3.0,41.0
000002	47	7	TP	0.12026359143327842	0.0	171.74591415123427	0.39519634382089075	406.0,167.0,442.0,213.0	2.0,47.0,3.0,47.0
000002	58	8	TP	0.6113615870153292	0.0	56.83829812543119	0.2685446480058335	376.0,205.0,414.0,249.0	2.0,58.0,3.0,58.0
000002	61	9	TP	0.1868312757201646	0.0	91.4644942189828	0.5580655279748197	430.0,161.0,470.0,207.0	2.0,61.0,3.0,61.0
000002	62	10	TP	0.0838095238095238	0.0	56.10383832564973	0.2090053360635843	299.0,147.0,335.0,191.0	2.0,62.0,3.0,62.0
000002	65	11	TP	0.10119595216191353	0.0	17.575577696343842	0.5657662864088765	429.0,231.0,472.0,273.0	2.0,65.0,3.0,65.0
000002	69	12	TP	0.40471512770137524	0.0	10.13042246860225	0.24772063833477592	383.0,288.0,419.0,331.0	2.0,69.0,3.0,69.0
000002	72	13	TP	0.17117988394584138	0.0	115.78394257328762	0.6014327479906383	361.0,227.0,400.0,270.0	2.0,72.0,3.0,72.0
000002	79	14	TP	0.998176291793313	0.0	3.6280419599471188	0.0457384790452214	319.0,299.0,362.0,356.0	2.0,79.0,3.0,79.0
000002	89	15	TP	0.9965669445806769	0.0	45.10794061127242	0.11078738812597792	264.0,296.0,314.0,353.0	2.0,89.0,3.0,89.0
000002	96	16	TP	0.9981785063752276	0.0	26.077822589029324	0.027610669569856958	401.0,309.0,451.0,374.0	2.0,96.0,3.0,96.0
000002	97	17	TP	0.961465271170314	0.0	5.403021092437518	0.017154727874707103	484.0,262.0,539.0,317.0	2.0,97.0,3.0,97.0
000002	102	18	TP	0.952722920406942	0.0	8.94809762719264	0.008792509213711238	396.0,279.0,443.0,323.0	2.0,102.0,3.0,102.0
000002	107	19	TP	0.9183818310858765	0.0	17.0294018403257	0.15454372426252308	296.0,330.0,340.0,370.0	2.0,107.0,3.0,107.0
000002	110	20	TP	0.9982466393921683	0.0	13.501425650986588	0.012749591168212981	357.0,298.0,402.0,351.0	2.0,110.0,3.0,110.0
000002	115	21	TP	0.9988577955454027	0.0	14.73665969665792	0.023918378624713695	223.0,240.0,268.0,299.0	2.0,115.0,3.0,115.0
000002	119	22	TP	0.9926470588235294	0.0	2.5998384752071235	0.019607611695184643	456.0,281.0,505.0,344.0	2.0,119.0,3.0,119.0
000002	124	23	TP	0.9452662721893491	0.0	33.0509472911248	0.1655362561230039	348.0,328.0,390.0,372.0	2.0,124.0,3.0,124.0
000002	126	24	TP	0.9551020408163265	0.0	7.822608606041	0.012983457378085058	411.0,300.0,453.0,346.0	2.0,126.0,3.0,126.0
000002	136	25	TP	0.9910263600673023	0.0	7.981333692027215	0.02752003495333505	234.0,319.0,282.0,371.0	2.0,136.0,3.0,136.0
000002	153	26	TP	0.9951482479784367	0.0	24.14923531717182	0.11009835420474397	363.0,214.0,409.0,274.0	2.0,153.0,3.0,153.0
000002	156	27	TP	0.9963138493944181	0.0	1.315897008693581	0.0033137083012177875	184.0,265.0,232.0,325.0	2.0,156.0,3.0,156.0
000002	162	28	TP	0.961484593837535	0.0	18.600925093674128	0.09068351793116448	398.0,321.0,437.0,367.0	2.0,162.0,3.0,162.0
000002	166	29	TP	0.8794408852649971	0.0	11.458172262708281	0.10192589478742867	398.0,283.0,444.0,334.0	2.0,166.0,3.0,166.0
000002	175	30	TP	0.9811320754716981	0.0	105.78038916848136	0.21938287716787083	397.0,347.0,438.0,396.0	2.0,175.0,3.0,175.0
000002	176	31	TP	0.9493150684931507	0.0	14.04211111685463	0.0735734359295606	372.0,294.0,413.0,343.0	2.0,176.0,3.0,176.0
000002	178	32	TP	0.9547291835084882	0.0	10.775578727997509	0.05143169039478435	357.0,312.0,398.0,349.0	2.0,178.0,3.0,178.0
000002	203	33	TP	0.9513221153846154	0.0	28.371638217278804	0.056923200608421334	379.0,324.0,424.0,373.0	2.0,203.0,3.0,203.0
000002	207	34	TP	0.9930200093066542	0.0	5.27151619206903	0.03822757257456256	339.0,270.0,388.0,331.0	2.0,207.0,3.0,207.0
000002	217	35	TP	0.9975652173913043	0.0	5.702278710112609	0.019429593377729586	263.0,336.0,317.0,413.0	2.0,217.0,3.0,217.0
000002	219	36	TP	0.9970023980815348	0.0	6.187579605543701	0.003496161345189287	249.0,289.0,310.0,371.0	2.0,219.0,3.0,219.0
000002	221	37	TP	0.9979953224189776	0.0	3.8527733152790176	0.025721244286659922	199.0,318.0,257.0,397.0	2.0,221.0,3.0,221.0
000002	224	38	TP	1.0	0.0	6.133130264035266	0.03496533869792609	367.0,270.0,435.0,335.0	2.0,224.0,3.0,224.0
000002	243	39	TP	0.9959141981613892	0.0	6.98989719810488	0.04358140630032632	450.0,143.0,490.0,207.0	2.0,243.0,3.0,243.0
000002	248	40	TP	1.0	0.0	7.666478278174024	0.02393148898776521	479.0,302.0,529.0,371.0	2.0,248.0,3.0,248.0
000002	249	41	TP	0.9662560257096947	0.0	3.6112443062921633	0.008052963572657968	418.0,267.0,461.0,327.0	2.0,249.0,3.0,249.0
000002	254	42	TP	0.951332560834299	0.0	8.449289882020528	0.042321757838876525	417.0,151.0,459.0,208.0	2.0,254.0,3.0,254.0
000002	263	43	TP	0.9983825313384553	0.0	2.06350432789859	0.011354530471009195	388.0,255.0,441.0,321.0	2.0,263.0,3.0,263.0
000002	266	44	TP	0.9398129320862139	0.0	6.166846166260834	0.013725962191796559	447.0,282.0,500.0,347.0	2.0,266.0,3.0,266.0
000002	268	45	TP	0.9437418229393807	0.0	6.872871117718175	0.020495634942796853	408.0,295.0,461.0,354.0	2.0,268.0,3.0,268.0
000002	277	46	TP	0.993443482821925	0.0	9.464095971305392	0.02714408661588886	339.0,330.0,407.0,414.0	2.0,277.0,3.0,277.0
000002	283	47	TP	0.9997260273972602	0.0	9.469191895647853	0.012958391551994807	416.0,222.0,480.0,300.0	2.0,283.0,3.0,283.0
000002	307	48	TP	0.9489611562782294	0.0	3.2844964387413307	0.010443368124717519	361.0,264.0,416.0,323.0	2.0,307.0,3.0,307.0
000002	310	49	TP	0.9890526315789474	0.0	1.7925597564504987	0.0038295232823058714	407.0,216.0,461.0,281.0	2.0,310.0,3.0,310.0
000002	322	50	TP	0.9971822166562304	0.0	7.322815448889081	0.011724587995490898	404.0,270.0,465.0,350.0	2.0,322.0,3.0,322.0
000002	326	51	TP	0.999350789872322	0.0	3.251792649425695	0.0156797347973261	415.0,138.0,486.0,233.0	2.0,326.0,3.0,326.0
000002	338	52	TP	0.8936977980258163	0.0	7.108518329887172	0.03960362127664991	167.0,231.0,236.0,309.0	2.0,338.0,3.0,338.0
000002	342	53	TP	0.8678660049627791	0.0	2.7183158992510865	0.09973568857076846	128.0,205.0,190.0,274.0	2.0,342.0,3.0,342.0
000002	356	54	TP	1.0	0.0	7.248272855295816	0.025013154398800235	319.0,266.0,401.0,371.0	2.0,356.0,3.0,356.0
000002	362	55	TP	1.0	0.0	8.381626187807521	0.01713020576932235	387.0,254.0,469.0,356.0	2.0,362.0,3.0,362.0
000002	365	56	TP	0.9498741130693522	0.0	8.151617130910061	0.01270957206200571	397.0,122.0,466.0,214.0	2.0,365.0,3.0,365.0
000002	368	57	TP	0.9677897075157349	0.0	7.322067105459701	0.00460758697139726	463.0,101.0,516.0,173.0	2.0,368.0,3.0,368.0
000002	387	58	TP	0.9858646616541353	0.0	10.701544658591091	0.021667022078163165	82.0,270.0,153.0,340.0	2.0,387.0,3.0,387.0
000002	389	59	TP	0.22071602363573167	0.0	37.810328035356044	0.2725677925246565	199.0,242.0,256.0,313.0	2.0,389.0,3.0,389.0
000002	402	60	TP	0.8637083993660856	0.0	23.807178576930543	0.060668046906378115	461.0,272.0,506.0,313.0	2.0,402.0,3.0,402.0
000002	415	61	TP	0.9955022488755623	0.0	19.76802600581967	0.003395263536037043	527.0,220.0,577.0,280.0	2.0,415.0,3.0,415.0
000002	417	62	TP	0.9481517042726836	0.0	19.34894100104443	0.04254348376640441	520.0,247.0,573.0,307.0	2.0,417.0,3.0,417.0
000002	425	63	TP	0.6881851400730816	0.0	75.21678347189592	0.15134552690844075	448.0,132.0,490.0,185.0	2.0,425.0,3.0,425.0
000002	428	64	TP	1.0	0.0	21.92205947408424	0.05320387349332234	448.0,240.0,496.0,300.0	2.0,428.0,3.0,428.0
000002	434	65	TP	0.5362462760675273	0.0	66.49015581823889	0.6914278225871406	495.0,204.0,544.0,265.0	2.0,434.0,3.0,434.0
000002	435	66	TP	0.5175517551755175	0.0	73.15716428019579	0.6601618422280398	505.0,207.0,556.0,272.0	2.0,435.0,3.0,435.0
000002	438	67	TP	0.5725149375339489	0.0	41.86857588481344	0.23720429434565504	420.0,229.0,466.0,288.0	2.0,438.0,3.0,438.0
000002	442	68	TP	0.9990407673860912	0.0	5.715545297505187	0.009997043878526358	443.0,286.0,492.0,349.0	2.0,442.0,3.0,442.0
000002	446	69	TP	0.9236111111111112	0.0	8.003873221683518	0.010051576705709208	409.0,201.0,449.0,258.0	2.0,446.0,3.0,446.0
000002	453	70	TP	0.8094804010938924	0.0	20.745407213621508	0.07160989953722863	342.0,264.0,380.0,304.0	2.0,453.0,3.0,453.0
000002	473	71	TP	0.945273631840796	0.0	7.237161987187688	0.08140642261150641	326.0,197.0,365.0,249.0	2.0,473.0,3.0,473.0
000002	474	72	TP	0.6340632603406327	0.0	17.31572368492958	0.01877156719449882	438.0,196.0,486.0,260.0	2.0,474.0,3.0,474.0
000002	476	73	TP	0.7520372526193247	0.0	5.852403230420998	0.04171798566731156	505.0,131.0,547.0,190.0	2.0,476.0,3.0,476.0
000002	477	74	TP	0.5635400907715582	0.0	12.529146493467989	0.2362127731492697	425.0,99.0,459.0,151.0	2.0,477.0,3.0,477.0
000002	480	75	TP	0.7057010785824345	0.0	115.70041746914042	0.19163115587416282	395.0,94.0,429.0,146.0	2.0,480.0,3.0,480.0
000002	491	76	TP	0.5367132867132867	0.0	14.354633056905701	0.08463367633973452	332.0,189.0,365.0,238.0	2.0,491.0,3.0,491.0
000002	494	77	TP	0.5091799265605875	0.0	77.95510203114313	0.592816703092354	429.0,321.0,471.0,376.0	2.0,494.0,3.0,494.0
000002	499	78	TP	0.3519140362659503	0.0	50.00882902962154	0.5462934224585859	416.0,354.0,456.0,407.0	2.0,499.0,3.0,499.0
000002	501	79	TP	0.6289222373806276	0.0	20.44942375194974	0.2614741644592634	488.0,181.0,536.0,246.0	2.0,501.0,3.0,501.0
000002	503	80	TP	0.3908713692946058	0.0	109.88717198112661	0.5356785597849351	405.0,254.0,441.0,302.0	2.0,503.0,3.0,503.0
000002	521	81	TP	0.6879947229551451	0.0	44.2634351249768	0.41738647031589204	399.0,156.0,441.0,209.0	2.0,521.0,3.0,521.0
000002	527	82	TP	0.7965116279069767	0.0	116.67242808930565	0.2903002185857856	419.0,215.0,457.0,272.0	2.0,527.0,3.0,527.0
000002	529	83	TP	0.668856767411301	0.0	83.2535004159902	0.643585565895583	428.0,233.0,466.0,288.0	2.0,529.0,3.0,529.0
000002	532	84	TP	0.6450742240215924	0.0	24.557428729581943	0.16112440432385822	423.0,90.0,461.0,145.0	2.0,532.0,3.0,532.0
000002	535	85	TP	0.8825847123719465	0.0	92.4918737700607	0.34470284421885694	422.0,145.0,459.0,187.0	2.0,535.0,3.0,535.0
000002	540	86	TP	0.7507903055848262	0.0	9.296258539595572	0.020549464011018825	405.0,226.0,453.0,281.0	2.0,540.0,3.0,540.0
000002	543	87	TP	0.4801488833746898	0.0	60.94610714760714	0.19274513726702883	432.0,246.0,472.0,303.0	2.0,543.0,3.0,543.0
000002	549	88	TP	0.8155	0.0	9.99967517936362	0.014520809412281968	514.0,218.0,570.0,270.0	2.0,549.0,3.0,549.0
000002	560	89	TP	0.8350836250486192	0.0	12.07889568437507	0.06083649514876045	479.0,266.0,536.0,331.0	2.0,560.0,3.0,560.0
000002	563	90	TP	0.6178897090751194	0.0	179.8175660575998	0.17133406907651041	390.0,187.0,440.0,255.0	2.0,563.0,3.0,563.0
000002	571	91	TP	0.999603017070266	0.0	6.122489496334701	0.0046399256241034465	444.0,288.0,499.0,354.0	2.0,571.0,3.0,571.0
000002	575	92	TP	0.9831854273703877	0.0	4.707068149517858	0.007298030452707489	352.0,263.0,401.0,328.0	2.0,575.0,3.0,575.0
000002	589	93	TP	0.8103827540695117	0.0	1.4841545002049832	0.006133648478799817	418.0,223.0,476.0,280.0	2.0,589.0,3.0,589.0
000002	603	94	TP	0.949517446176689	0.0	6.202450979543116	0.024617590725960488	371.0,202.0,424.0,270.0	2.0,603.0,3.0,603.0
000002	607	95	TP	0.5909717436250862	0.0	93.09575061862395	0.28790270228435194	353.0,181.0,411.0,257.0	2.0,607.0,3.0,607.0
000002	611	96	TP	0.46955978769903217	0.0	59.99567021329427	0.7331183632232219	347.0,162.0,408.0,242.0	2.0,611.0,3.0,611.0
000002	615	97	TP	0.8701787394167451	0.0	23.086814100330617	0.05860188934966396	358.0,145.0,405.0,210.0	2.0,615.0,3.0,615.0
000002	625	98	TP	0.6750823271130626	0.0	13.954135001815725	0.09436574835921985	315.0,171.0,355.0,233.0	2.0,625.0,3.0,625.0
000002	642	99	TP	0.6697626418988648	0.0	33.49376451879647	0.09743347341956554	404.0,132.0,448.0,196.0	2.0,642.0,3.0,642.0
000002	648	100	TP	0.7052313883299799	0.0	71.87191970727024	0.15955223014457398	412.0,149.0,454.0,214.0	2.0,648.0,3.0,648.0
000002	649	*	FN	0.6519114688128773	*	*	*	430.0,137.0,478.0,210.0	*
000002	650	101	TP	0.45676599902296044	0.0	104.84588127737808	0.563901371353214	399.0,215.0,442.0,279.0	2.0,650.0,3.0,650.0
000002	652	102	TP	0.8836251287332647	0.0	17.010709422760865	0.02693473465892033	432.0,196.0,495.0,264.0	2.0,652.0,3.0,652.0
000002	667	103	TP	0.8729701414353065	0.0	18.48814003013124	0.06260512436680664	365.0,226.0,432.0,307.0	2.0,667.0,3.0,667.0
000002	669	104	TP	0.9966759002770084	0.0	14.55485915587719	0.016104072232262335	355.0,200.0,420.0,274.0	2.0,669.0,3.0,669.0
000002	679	105	TP	0.7391132224861441	0.0	14.660320846361934	0.05542114679466398	315.0,123.0,363.0,197.0	2.0,679.0,3.0,679.0
000002	691	106	TP	0.9728654124457308	0.0	11.446080904919233	0.01735443019287506	425.0,152.0,489.0,215.0	2.0,691.0,3.0,691.0
000002	695	107	TP	0.8039071138960561	0.0	27.90424415668045	0.05979754406732238	412.0,144.0,472.0,212.0	2.0,695.0,3.0,695.0
000002	703	108	TP	0.995920745920746	0.0	5.472604887987621	0.0071672398984920374	455.0,317.0,496.0,377.0	2.0,703.0,3.0,703.0
000002	708	109	TP	0.91005291005291	0.0	21.62677681325314	0.05047392777276871	433.0,303.0,471.0,351.0	2.0,708.0,3.0,708.0
000002	711	110	TP	0.9959555106167847	0.0	7.064464851089741	0.010909364939608604	363.0,379.0,411.0,441.0	2.0,711.0,3.0,711.0
000002	727	111	TP	0.9881773399014778	0.0	4.099995321308724	0.015342802297793775	431.0,350.0,474.0,415.0	2.0,727.0,3.0,727.0
000002	736	112	TP	0.9944612286002014	0.0	12.364681347720476	0.05557274769424094	271.0,355.0,318.0,418.0	2.0,736.0,3.0,736.0
000002	737	113	TP	0.9939280709948622	0.0	9.95034844413704	0.056842313609149514	301.0,338.0,350.0,404.0	2.0,737.0,3.0,737.0
000002	739	114	TP	0.9951897381079636	0.0	11.204874287326128	0.056589729173371	295.0,264.0,340.0,326.0	2.0,739.0,3.0,739.0
000002	740	115	TP	1.0	0.0	11.632631256957502	0.01762898123596557	343.0,334.0,385.0,398.0	2.0,740.0,3.0,740.0
000002	750	116	TP	0.9758022093634929	0.0	2.0145411451264246	0.005368918901209644	440.0,240.0,480.0,303.0	2.0,750.0,3.0,750.0
000002	754	117	TP	0.9901574803149606	0.0	12.657757873684083	0.05403069321258796	462.0,187.0,502.0,239.0	2.0,754.0,3.0,754.0
000002	756	118	TP	0.9668760708166761	0.0	2.5635575076184685	0.04872293632124064	443.0,204.0,481.0,264.0	2.0,756.0,3.0,756.0
000002	757	119	TP	0.9642657733109995	0.0	7.040207829620861	0.03630077552145761	457.0,193.0,497.0,254.0	2.0,757.0,3.0,757.0
000002	758	120	TP	0.9735182849936949	0.0	9.29743032957318	0.01612971047925879	441.0,180.0,479.0,238.0	2.0,758.0,3.0,758.0
000002	761	121	TP	0.9873765093304061	0.0	41.57503060827565	0.5054870452963686	432.0,285.0,472.0,348.0	2.0,761.0,3.0,761.0
000002	762	122	TP	0.9994946942900454	0.0	16.7884908458475	0.01946637265091672	156.0,152.0,205.0,213.0	2.0,762.0,3.0,762.0
000002	764	123	TP	0.995697896749522	0.0	5.025183668210806	0.04281370420354778	181.0,399.0,225.0,460.0	2.0,764.0,3.0,764.0
000002	768	124	TP	0.9548825710754018	0.0	3.57920891052495	0.04303671254689752	188.0,340.0,228.0,387.0	2.0,768.0,3.0,768.0
000002	769	125	TP	0.984778292521509	0.0	7.8411973178849115	0.08450257414160317	176.0,313.0,216.0,359.0	2.0,769.0,3.0,769.0
000002	770	126	TP	0.9628081905557877	0.0	16.26858520532547	0.15156979961368663	160.0,415.0,211.0,476.0	2.0,770.0,3.0,770.0
000002	773	127	TP	0.976004799040192	0.0	19.35556718057147	0.008291639429007005	96.0,287.0,142.0,336.0	2.0,773.0,3.0,773.0
000002	775	128	TP	0.8895966029723992	0.0	62.069083543038055	0.01746564543775171	214.0,351.0,254.0,395.0	2.0,775.0,3.0,775.0
000002	785	129	TP	0.9694323144104804	0.0	3.8435180070904216	0.003825945049378789	299.0,353.0,344.0,422.0	2.0,785.0,3.0,785.0
000002	788	130	TP	0.09125355225765709	0.0	107.78266544933399	0.1354881109174038	105.0,306.0,161.0,386.0	2.0,788.0,3.0,788.0
000002	791	131	TP	0.9800613496932515	0.0	2.898501076802527	0.01630388047401145	141.0,250.0,192.0,323.0	2.0,791.0,3.0,791.0
000002	794	132	TP	0.7019230769230769	0.0	133.06891958982504	0.8721188822014853	184.0,216.0,232.0,273.0	2.0,794.0,3.0,794.0
000002	801	133	TP	0.41023890784982936	0.0	107.26761715481553	0.4466443408487201	246.0,256.0,288.0,307.0	2.0,801.0,3.0,801.0
000002	803	134	TP	0.2878479293957909	0.0	82.74326372472576	0.368730664390476	256.0,292.0,298.0,343.0	2.0,803.0,3.0,803.0
000002	804	135	TP	0.2531458179126573	0.0	67.19615265405436	0.3012933583409061	309.0,259.0,349.0,306.0	2.0,804.0,3.0,804.0
000002	808	136	TP	0.9994206257242179	0.0	3.6101791308422118	0.003995124017592686	237.0,187.0,280.0,246.0	2.0,808.0,3.0,808.0
000002	809	137	TP	0.9936775553213909	0.0	6.775195975525814	0.0107689448778305	7.0,241.0,58.0,294.0	2.0,809.0,3.0,809.0
000002	819	138	TP	0.9046070460704607	0.0	13.794853294972073	0.012592200935695233	86.0,399.0,138.0,450.0	2.0,819.0,3.0,819.0
000002	821	139	TP	0.979676915059927	0.0	8.348374567018597	0.031839939738433194	134.0,326.0,184.0,383.0	2.0,821.0,3.0,821.0
000002	828	140	TP	0.9989512323020451	0.0	6.707538004636651	0.013391208148901717	84.0,267.0,132.0,327.0	2.0,828.0,3.0,828.0
000002	837	141	TP	0.9483568075117371	0.0	13.991170863376379	0.07612872055029914	167.0,384.0,219.0,448.0	2.0,837.0,3.0,837.0
000002	840	142	TP	0.9926519706078825	0.0	8.076470018274476	0.03501320475572934	108.0,296.0,167.0,371.0	2.0,840.0,3.0,840.0
000002	844	143	TP	0.9860990443092963	0.0	7.214332982264782	0.010751380445863596	319.0,145.0,369.0,214.0	2.0,844.0,3.0,844.0
000002	850	144	TP	0.9975235264982665	0.0	18.82337407901506	0.013895578103517721	213.0,151.0,262.0,213.0	2.0,850.0,3.0,850.0
000002	856	145	TP	0.9975210708973723	0.0	11.502794939134247	0.004085496850297927	267.0,143.0,316.0,205.0	2.0,856.0,3.0,856.0
000002	867	146	TP	0.9987157534246576	0.0	2.8311854673284524	0.03339256054678026	248.0,261.0,304.0,315.0	2.0,867.0,3.0,867.0
000002	871	147	TP	0.999656002751978	0.0	12.328698322419811	0.012410898668083786	123.0,218.0,182.0,286.0	2.0,871.0,3.0,871.0
000002	877	148	TP	0.9946524064171123	0.0	2.7211094130521483	0.019966117962357095	191.0,212.0,239.0,269.0	2.0,877.0,3.0,877.0
000002	883	149	TP	0.9976808905380334	0.0	9.46770767996648	0.011576624340493395	197.0,236.0,247.0,300.0	2.0,883.0,3.0,883.0
000002	886	150	TP	0.9959390862944163	0.0	16.58058434498366	0.007186327331459968	176.0,199.0,224.0,261.0	2.0,886.0,3.0,886.0
000002	902	151	TP	1.0	0.0	9.57217246140845	0.017567357013423653	239.0,114.0,295.0,185.0	2.0,902.0,3.0,902.0
000002	903	152	TP	1.0	0.0	3.9557875200440225	0.04687462149906172	232.0,252.0,279.0,314.0	2.0,903.0,3.0,903.0
000002	904	153	TP	0.9985067197610752	0.0	7.630474507259292	0.009776490745991566	309.0,218.0,357.0,280.0	2.0,904.0,3.0,904.0
000002	907	154	TP	0.9551307062036676	0.0	5.950487577782199	0.010604972996692226	37.0,247.0,93.0,309.0	2.0,907.0,3.0,907.0
000002	909	155	TP	0.9581256231306082	0.0	13.200979878478774	0.053544231680608796	69.0,198.0,117.0,256.0	2.0,909.0,3.0,909.0
000002	918	156	TP	0.9285256410256411	0.0	13.96428015309229	0.032770295132712755	15.0,372.0,83.0,430.0	2.0,918.0,3.0,918.0
000002	956	157	TP	0.16327827191867852	0.0	56.23482476918706	0.4699499646850921	-51.0,181.0,13.0,252.0	2.0,956.0,3.0,956.0
000002	968	158	TP	0.05628887877408587	0.0	56.65194223039892	0.39117632356958737	279.0,470.0,362.0,575.0	2.0,968.0,3.0,968.0
000002	972	159	TP	0.9270565552699229	0.0	5.620243101900929	0.012497422661470718	15.0,290.0,80.0,358.0	2.0,972.0,3.0,972.0
000002	1001	160	TP	0.9869250741839762	0.0	6.5651338932936945	0.021576221397790158	77.0,341.0,192.0,487.0	2.0,1001.0,3.0,1001.0
000002	1012	161	TP	0.8308457711442786	0.0	8.173119458228928	0.035470012701845105	188.0,248.0,232.0,303.0	2.0,1012.0,3.0,1012.0
000002	1038	162	TP	1.0	0.0	2.2947879501362403	0.010449101188953553	203.0,169.0,256.0,237.0	2.0,1038.0,3.0,1038.0
000002	1050	163	TP	0.9693593314763231	0.0	5.745472307974427	0.018632455649783077	344.0,226.0,390.0,283.0	2.0,1050.0,3.0,1050.0
000002	1057	164	TP	0.9995427526291724	0.0	7.1650820647511075	0.007065846871700054	214.0,255.0,264.0,320.0	2.0,1057.0,3.0,1057.0
000002	1061	165	TP	0.9982174688057041	0.0	4.952752525193246	0.006826144514502905	153.0,293.0,209.0,368.0	2.0,1061.0,3.0,1061.0
000002	1069	166	TP	0.9995511669658886	0.0	8.555137832394733	0.004327085507562389	106.0,262.0,157.0,328.0	2.0,1069.0,3.0,1069.0
000002	1071	167	TP	0.9994720168954594	0.0	14.337156396078756	0.014564832788464693	414.0,237.0,461.0,298.0	2.0,1071.0,3.0,1071.0
000002	1087	168	TP	0.9959390862944163	0.0	14.63463664888603	0.027530025915942224	218.0,262.0,266.0,324.0	2.0,1087.0,3.0,1087.0
000002	1098	169	TP	0.9963735267452403	0.0	8.334713071781048	0.02489158740047135	383.0,127.0,432.0,194.0	2.0,1098.0,3.0,1098.0
000002	1099	170	TP	0.949449125081011	0.0	8.700491997802121	0.03867067070026267	348.0,159.0,389.0,214.0	2.0,1099.0,3.0,1099.0
000002	1103	171	TP	0.9275274056029232	0.0	23.290176758513148	0.13931467606165734	502.0,183.0,546.0,237.0	2.0,1103.0,3.0,1103.0
000002	1107	172	TP	0.9406834300451322	0.0	8.103585483879316	0.025467490439787674	530.0,171.0,574.0,226.0	2.0,1107.0,3.0,1107.0
000002	1117	173	TP	1.0	0.0	10.195881227480367	0.031172229166712546	492.0,327.0,552.0,400.0	2.0,1117.0,3.0,1117.0
000002	1123	174	TP	0.9861550632911392	0.0	3.576390677465334	0.007075278402188878	333.0,249.0,386.0,318.0	2.0,1123.0,3.0,1123.0
000002	1131	175	TP	0.9801477377654663	0.0	1.4360805637222895	0.013361644867360023	468.0,197.0,519.0,257.0	2.0,1131.0,3.0,1131.0
000002	1144	176	TP	0.9460869565217391	0.0	9.658977626857922	0.03539363323768886	369.0,371.0,425.0,423.0	2.0,1144.0,3.0,1144.0
000002	1148	177	TP	0.8775143678160919	0.0	5.38467816979219	0.007458606389277468	391.0,207.0,453.0,274.0	2.0,1148.0,3.0,1148.0
000002	1151	178	TP	0.990165086055497	0.0	1.3459238753328986	0.01525685558721197	403.0,271.0,463.0,340.0	2.0,1151.0,3.0,1151.0
000002	1157	179	TP	0.984967543559959	0.0	4.265764805917766	0.017879822292474562	378.0,194.0,436.0,267.0	2.0,1157.0,3.0,1157.0
000002	1168	180	TP	0.9373209169054442	0.0	12.642807293220242	0.05119152640907438	435.0,166.0,492.0,239.0	2.0,1168.0,3.0,1168.0
000002	1169	181	TP	0.9622455679579777	0.0	7.346334025804106	0.039387451680348566	417.0,163.0,478.0,237.0	2.0,1169.0,3.0,1169.0
000002	1176	182	TP	0.15225898256848097	0.0	47.41083549344462	0.19174121879007922	441.0,163.0,497.0,235.0	2.0,1176.0,3.0,1176.0
000002	1180	183	TP	0.9724832214765101	0.0	8.450543862980826	0.04018403483689146	396.0,173.0,455.0,238.0	2.0,1180.0,3.0,1180.0
000002	1199	184	TP	0.8604497354497355	0.0	21.099453072658708	0.1066612924752024	420.0,132.0,479.0,201.0	2.0,1199.0,3.0,1199.0
000002	1212	185	TP	0.9324921135646688	0.0	36.7658994043996	0.06914542726360674	425.0,180.0,485.0,253.0	2.0,1212.0,3.0,1212.0
