#  Index into NumPy file "pose_data_ycbv-16-epos.npz".
#  Created at  6:51PM EDT on Sep 11, 2023
#    DATASET:   ycbv
#    OBJECT:    16
#    ESTIMATOR: epos
#  The errors reported in this file have taken discrete and continuous object symmetries into account.
#  Bounding boxes are recorded in pixel coordinates as ((upper-left x, y), (lower-right x, y)) with the origin in the upper-left.
#
#  When a row is marked as a TP, it does not necessarily mean that the bounding boxes overlap.
#  For each ground-truth instance, the prediction best overlapping that instance belongs to that ground-truth.
#  All TPs are in the corresponding *.npz file.
#
#  When a row is marked as a FN, it means that there is a ground-truth but the predictor failed to make a prediction at all.
#  FNs are NOT recorded in the *.npz at all.
#
#  When a row is marked as a FP, it means the predictor hallucinated; there is no corresponding ground-truth instance.
#  FPs are NOT recorded in the *.npz at all.
#
#  Scene  <t>  Frame  <t>  Index  <t>  Error cat.  <t>  Visibility ratio  <t>  Score  <t>  R_err(degrees)  <t>  t_err(meters)  <t>  Gr.Tr.BBox  <t>  Pred.BBox
000055	22	0	TP	0.7411496313195095	0.0	6.2359277131637105	0.026297444290056603	249.0,190.0,464.0,370.0	55.0,22.0,71.0,22.0
000055	42	1	TP	0.743773965691221	0.0	8.014600896174244	0.022320686337805953	274.0,200.0,491.0,378.0	55.0,42.0,71.0,42.0
000055	49	2	TP	0.7578381002467738	0.0	8.030436267087117	0.009303909124834028	280.0,191.0,497.0,370.0	55.0,49.0,71.0,49.0
000055	62	3	TP	0.7289035475826563	0.0	8.7725923913032	0.007818169336631221	273.0,169.0,492.0,350.0	55.0,62.0,71.0,62.0
000055	89	4	TP	0.7339178856382979	0.0	8.644900855543321	0.028566358887622028	240.0,185.0,455.0,360.0	55.0,89.0,71.0,89.0
000055	100	5	TP	0.7395737950553567	0.0	9.320756457685368	0.028744464341574218	230.0,191.0,447.0,365.0	55.0,100.0,71.0,100.0
000055	128	6	TP	0.745531880086704	0.0	8.53001749182402	0.046892346184377806	154.0,182.0,373.0,347.0	55.0,128.0,71.0,128.0
000055	205	7	TP	0.7340269874817102	0.0	5.645846957356841	0.044169148663870714	185.0,184.0,405.0,352.0	55.0,205.0,71.0,205.0
000055	360	8	TP	0.7192464820699047	0.0	9.696085810140643	0.005953416932620118	242.0,193.0,452.0,347.0	55.0,360.0,71.0,360.0
000055	454	9	TP	0.755829383886256	0.0	13.064357408677235	0.13220513719032975	270.0,227.0,478.0,372.0	55.0,454.0,71.0,454.0
000055	512	10	TP	0.7464871481028151	0.0	9.80320558598253	0.12129277499979801	247.0,217.0,452.0,355.0	55.0,512.0,71.0,512.0
000055	513	11	TP	0.7501959631589261	0.0	17.096333189543426	0.18528577240113803	248.0,217.0,453.0,355.0	55.0,513.0,71.0,513.0
000055	526	12	TP	0.7421882652561466	0.0	17.42448925874858	0.21022016616631262	248.0,214.0,453.0,352.0	55.0,526.0,71.0,526.0
000055	530	13	TP	0.7400019603999216	0.0	9.218555606867913	0.12983810451201466	242.0,211.0,448.0,350.0	55.0,530.0,71.0,530.0
000055	546	14	TP	0.7411967495690717	0.0	12.18108778257402	0.11306239293085774	220.0,205.0,424.0,342.0	55.0,546.0,71.0,546.0
000055	562	15	TP	0.7290519276160503	0.0	18.73980922426516	0.2183005456515824	228.0,211.0,433.0,348.0	55.0,562.0,71.0,562.0
000055	563	16	TP	0.737080198652702	0.0	13.753328175523526	0.1437071541411375	231.0,210.0,436.0,347.0	55.0,563.0,71.0,563.0
000055	588	17	TP	0.7528468165164868	0.0	9.505507132689138	0.154566535313381	204.0,220.0,409.0,358.0	55.0,588.0,71.0,588.0
000055	598	18	TP	0.7516805258178559	0.0	19.352418726755825	0.2147653702779374	211.0,216.0,416.0,352.0	55.0,598.0,71.0,598.0
000055	603	19	TP	0.7392800159553251	0.0	47.798240203480916	0.2369649948040994	211.0,216.0,416.0,352.0	55.0,603.0,71.0,603.0
000055	610	20	TP	0.7396782708302206	0.0	13.75697242053701	0.15667374791343835	215.0,215.0,420.0,352.0	55.0,610.0,71.0,610.0
000055	612	21	TP	0.7568213503286197	0.0	43.50130776034885	0.2606048901111438	217.0,215.0,421.0,352.0	55.0,612.0,71.0,612.0
000055	618	22	TP	0.75303241201034	0.0	46.51056642610594	0.25568332009160305	217.0,222.0,422.0,359.0	55.0,618.0,71.0,618.0
000055	621	23	TP	0.7581094527363184	0.0	18.06736575601619	0.22732562636968803	212.0,229.0,416.0,365.0	55.0,621.0,71.0,621.0
000055	622	24	TP	0.7416981507257904	0.0	45.86482940417985	0.2217771246316603	212.0,230.0,416.0,365.0	55.0,622.0,71.0,622.0
000055	638	25	TP	0.7645652823423962	0.0	23.0789134934511	0.2514454328525343	196.0,230.0,401.0,366.0	55.0,638.0,71.0,638.0
000055	641	26	TP	0.746622126938226	0.0	17.70412078030211	0.207434666992086	194.0,230.0,398.0,366.0	55.0,641.0,71.0,641.0
000055	649	27	TP	0.7616215135459362	0.0	17.277427603808675	0.1895107590584876	194.0,232.0,399.0,368.0	55.0,649.0,71.0,649.0
000055	654	28	TP	0.7544475068905037	0.0	20.45604699514385	0.2490643286990076	196.0,236.0,400.0,372.0	55.0,654.0,71.0,654.0
000055	663	29	TP	0.7502628022225559	0.0	17.627006650193106	0.21308803471237814	205.0,233.0,411.0,370.0	55.0,663.0,71.0,663.0
000055	793	30	TP	0.7748397037626125	0.0	11.631775711671525	0.1582907316675485	274.0,236.0,481.0,374.0	55.0,793.0,71.0,793.0
000055	920	31	TP	0.801456209694196	0.0	13.403220515889297	0.14278067536450542	262.0,216.0,489.0,372.0	55.0,920.0,71.0,920.0
000055	1025	32	TP	0.7793838966991318	0.0	3.9109210362791886	0.03953824437027183	220.0,210.0,440.0,352.0	55.0,1025.0,71.0,1025.0
000055	1038	33	TP	0.7790445888019798	0.0	4.0538515426814	0.04302561839127249	230.0,206.0,449.0,348.0	55.0,1038.0,71.0,1038.0
000055	1040	34	TP	0.7818688118811881	0.0	4.993703053369838	0.039629549565778154	234.0,206.0,453.0,348.0	55.0,1040.0,71.0,1040.0
000055	1041	35	TP	0.7693599717114569	0.0	4.451201556045856	0.044085588993338566	235.0,207.0,454.0,348.0	55.0,1041.0,71.0,1041.0
000055	1042	36	TP	0.7796984835757549	0.0	3.759997432373533	0.023469686041819097	235.0,207.0,454.0,348.0	55.0,1042.0,71.0,1042.0
000055	1044	37	TP	0.7775518323681535	0.0	4.7603953493974736	0.052396236709858206	236.0,208.0,455.0,349.0	55.0,1044.0,71.0,1044.0
000055	1046	38	TP	0.7804188389149068	0.0	4.306568389898616	0.059180136897338406	236.0,210.0,456.0,351.0	55.0,1046.0,71.0,1046.0
000055	1048	39	TP	0.7771305000220663	0.0	3.977454389966244	0.03178096344001021	237.0,211.0,456.0,352.0	55.0,1048.0,71.0,1048.0
000055	1049	40	TP	0.7732463295269169	0.0	4.186066354044315	0.0479918932953513	237.0,211.0,456.0,352.0	55.0,1049.0,71.0,1049.0
000055	1053	41	TP	0.7754886423666139	0.0	4.132355256547166	0.03740273571025886	236.0,212.0,456.0,353.0	55.0,1053.0,71.0,1053.0
000055	1055	42	TP	0.7773330987773771	0.0	4.10618513724618	0.038383624676357975	237.0,211.0,456.0,352.0	55.0,1055.0,71.0,1055.0
000055	1064	43	TP	0.7779387235536828	0.0	4.02041954616178	0.044583606670614735	240.0,207.0,460.0,348.0	55.0,1064.0,71.0,1064.0
000055	1068	44	TP	0.7784215608813976	0.0	4.0375050458535275	0.04260553631094797	240.0,206.0,460.0,347.0	55.0,1068.0,71.0,1068.0
000055	1088	45	TP	0.7751487111698612	0.0	3.2216484978356994	0.034358288765930785	238.0,205.0,457.0,344.0	55.0,1088.0,71.0,1088.0
000055	1100	46	TP	0.7637715145347551	0.0	2.675581225221499	0.03005581876565377	234.0,201.0,451.0,339.0	55.0,1100.0,71.0,1100.0
000055	1103	47	TP	0.7624424371236274	0.0	3.70665175569564	0.033428869206429644	234.0,200.0,451.0,338.0	55.0,1103.0,71.0,1103.0
000055	1115	48	TP	0.7578080007088114	0.0	3.8748895860896626	0.026490332637164656	232.0,195.0,449.0,332.0	55.0,1115.0,71.0,1115.0
000055	1120	49	TP	0.7575838093972809	0.0	4.959733077000346	0.0250358359926116	231.0,195.0,448.0,332.0	55.0,1120.0,71.0,1120.0
000055	1132	50	TP	0.7533147088820895	0.0	3.346566666054663	0.023970003352503502	227.0,198.0,444.0,332.0	55.0,1132.0,71.0,1132.0
000055	1136	51	TP	0.7538850901340911	0.0	2.8493908724585584	0.009005642290725594	228.0,196.0,444.0,330.0	55.0,1136.0,71.0,1136.0
000055	1147	52	TP	0.7406013372891113	0.0	3.604453034282201	0.023879094703208738	222.0,191.0,438.0,325.0	55.0,1147.0,71.0,1147.0
000055	1151	53	TP	0.7351200989049805	0.0	3.9984270069139374	0.01228969377885068	221.0,190.0,437.0,324.0	55.0,1151.0,71.0,1151.0
000055	1161	54	TP	0.7531184118060436	0.0	5.122959947215202	0.019190545058808746	215.0,192.0,432.0,325.0	55.0,1161.0,71.0,1161.0
000055	1164	55	TP	0.7390578309017402	0.0	3.6527991489896006	0.01851524067421464	216.0,194.0,432.0,327.0	55.0,1164.0,71.0,1164.0
000055	1176	56	TP	0.7351993289479494	0.0	11.345659479408903	0.005780015914729436	214.0,193.0,429.0,324.0	55.0,1176.0,71.0,1176.0
000055	1177	57	TP	0.7346289752650177	0.0	4.190072687747722	0.005489987207669512	215.0,193.0,429.0,325.0	55.0,1177.0,71.0,1177.0
000055	1189	58	TP	0.7194808646350106	0.0	6.073925145118193	0.01993812987754495	210.0,193.0,423.0,322.0	55.0,1189.0,71.0,1189.0
000055	1347	59	TP	0.6971974522292994	0.0	9.089273223614624	0.010864783384767738	202.0,193.0,422.0,324.0	55.0,1347.0,71.0,1347.0
000055	1520	60	TP	0.6732741236538379	0.0	24.79425707635386	0.11953225614601819	219.0,196.0,435.0,307.0	55.0,1520.0,71.0,1520.0
000055	1543	61	TP	0.6887595918711528	0.0	12.024945339486274	0.12459016228729888	190.0,211.0,407.0,328.0	55.0,1543.0,71.0,1543.0
000055	1563	62	TP	0.6770165372932838	0.0	48.577267124656174	0.12870214001897945	192.0,208.0,410.0,324.0	55.0,1563.0,71.0,1563.0
000055	1567	63	TP	0.6750147318797879	0.0	18.825155621268728	0.02602446503893361	191.0,209.0,409.0,326.0	55.0,1567.0,71.0,1567.0
000055	1585	64	TP	0.6790729149044155	0.0	40.15330457653666	0.22730555589794224	199.0,206.0,417.0,320.0	55.0,1585.0,71.0,1585.0
000055	1592	65	TP	0.6557657003799684	0.0	34.401557583296444	0.025712418421851835	207.0,203.0,425.0,313.0	55.0,1592.0,71.0,1592.0
000055	1603	66	TP	0.6471801925722146	0.0	27.253492512518413	0.11985873725569307	221.0,198.0,439.0,308.0	55.0,1603.0,71.0,1603.0
000055	1604	67	TP	0.6660341555977229	0.0	37.882404855689465	0.11142426958924728	223.0,197.0,441.0,307.0	55.0,1604.0,71.0,1604.0
000055	1609	68	TP	0.6673176235733195	0.0	44.722025351282845	0.3404312660151256	233.0,194.0,452.0,307.0	55.0,1609.0,71.0,1609.0
000055	1612	69	TP	0.6664349035285938	0.0	38.55777151901213	0.11078155531090976	236.0,197.0,455.0,309.0	55.0,1612.0,71.0,1612.0
000055	1625	70	TP	0.6618998539895216	0.0	29.39385547794711	2.323333373834265	224.0,204.0,445.0,317.0	55.0,1625.0,71.0,1625.0
000055	1632	71	TP	0.6663373142022511	0.0	35.57538085677918	0.3914726903763356	228.0,206.0,448.0,317.0	55.0,1632.0,71.0,1632.0
000055	1643	72	TP	0.6539386650631389	0.0	51.03206120138798	0.23440787244172245	226.0,208.0,447.0,322.0	55.0,1643.0,71.0,1643.0
000055	1666	*	FN	0.6482729028105557	*	*	*	233.0,219.0,455.0,335.0	*
000055	1717	73	TP	0.6380063876281729	0.0	65.32921388999392	0.8361762156335382	228.0,227.0,454.0,345.0	55.0,1717.0,71.0,1717.0
