#  Index into NumPy file "pose_data_ycbv-3-epos.npz".
#  Created at  6:50PM EDT on Sep 11, 2023
#    DATASET:   ycbv
#    OBJECT:    3
#    ESTIMATOR: epos
#  The errors reported in this file have taken discrete and continuous object symmetries into account.
#  Bounding boxes are recorded in pixel coordinates as ((upper-left x, y), (lower-right x, y)) with the origin in the upper-left.
#
#  When a row is marked as a TP, it does not necessarily mean that the bounding boxes overlap.
#  For each ground-truth instance, the prediction best overlapping that instance belongs to that ground-truth.
#  All TPs are in the corresponding *.npz file.
#
#  When a row is marked as a FN, it means that there is a ground-truth but the predictor failed to make a prediction at all.
#  FNs are NOT recorded in the *.npz at all.
#
#  When a row is marked as a FP, it means the predictor hallucinated; there is no corresponding ground-truth instance.
#  FPs are NOT recorded in the *.npz at all.
#
#  Scene  <t>  Frame  <t>  Index  <t>  Error cat.  <t>  Visibility ratio  <t>  Score  <t>  R_err(degrees)  <t>  t_err(meters)  <t>  Gr.Tr.BBox  <t>  Pred.BBox
000049	1	0	TP	0.9989705882352942	0.0	1.732680882133077	0.01661226594692736	232.0,131.0,429.0,339.0	49.0,1.0,52.0,1.0
000049	36	1	TP	0.9986489529385274	0.0	1.2237399920275345	0.0145659958860029	232.0,140.0,425.0,345.0	49.0,36.0,52.0,36.0
000049	47	2	TP	0.9993865971476767	0.0	1.6603406094824888	0.01526322270048494	230.0,144.0,420.0,346.0	49.0,47.0,52.0,47.0
000049	58	3	TP	0.9992531446540881	0.0	2.0830488159077176	0.01678963624563903	222.0,156.0,408.0,354.0	49.0,58.0,52.0,58.0
000049	65	4	TP	0.9991945876288659	0.0	2.279016041109456	0.017894086807683788	232.0,165.0,415.0,361.0	49.0,65.0,52.0,65.0
000049	73	5	TP	0.9950752950752951	0.0	2.3768324953775024	0.015062847085213021	222.0,174.0,404.0,368.0	49.0,73.0,52.0,73.0
000049	91	6	TP	0.9995472133036963	0.0	2.838934701749459	0.016565557630156946	217.0,172.0,398.0,364.0	49.0,91.0,52.0,91.0
000049	109	7	TP	0.9995853375352463	0.0	2.690757677962833	0.01811678066574886	215.0,187.0,395.0,378.0	49.0,109.0,52.0,109.0
000049	125	8	TP	0.999050489204475	0.0	2.691251747168376	0.017693373919970962	189.0,198.0,373.0,389.0	49.0,125.0,52.0,125.0
000049	148	9	TP	0.9995915366391634	0.0	2.557436806791481	0.020295921607640956	190.0,178.0,379.0,370.0	49.0,148.0,52.0,148.0
000049	231	10	TP	1.0	0.0	1.8771235955812846	0.00933447848149706	173.0,184.0,385.0,379.0	49.0,231.0,52.0,231.0
000049	357	11	TP	1.0	0.0	1.5090289269138546	0.012700899519928964	136.0,189.0,382.0,371.0	49.0,357.0,52.0,357.0
000049	521	12	TP	1.0	0.0	1.6740737546786828	0.009969207376562438	182.0,174.0,434.0,338.0	49.0,521.0,52.0,521.0
000049	526	13	TP	1.0	0.0	1.918549030148688	0.010312457614679301	176.0,179.0,428.0,343.0	49.0,526.0,52.0,526.0
000049	537	14	TP	0.9997182645093777	0.0	1.8477193749996326	0.011369968033532067	174.0,184.0,427.0,347.0	49.0,537.0,52.0,537.0
000049	542	15	TP	1.0	0.0	1.791384307584912	0.012391209316413448	174.0,185.0,427.0,347.0	49.0,542.0,52.0,542.0
000049	552	16	TP	1.0	0.0	1.8689512223473719	0.00946423718613262	179.0,184.0,433.0,344.0	49.0,552.0,52.0,552.0
000049	558	17	TP	1.0	0.0	1.7193186896313106	0.008888353679263774	178.0,189.0,432.0,349.0	49.0,558.0,52.0,558.0
000049	564	18	TP	1.0	0.0	1.4982772446772874	0.0089049052442282	176.0,189.0,430.0,348.0	49.0,564.0,52.0,564.0
000049	570	19	TP	1.0	0.0	1.6311962441895478	0.010467577195538074	173.0,186.0,428.0,344.0	49.0,570.0,52.0,570.0
000049	576	20	TP	1.0	0.0	1.5006680712701477	0.01062240373100976	176.0,186.0,431.0,344.0	49.0,576.0,52.0,576.0
000049	591	21	TP	0.9999186264138661	0.0	1.8724771116953023	0.006146071281042767	173.0,192.0,429.0,348.0	49.0,591.0,52.0,591.0
000049	594	22	TP	1.0	0.0	1.9252798245555591	0.00774103862869463	179.0,194.0,435.0,349.0	49.0,594.0,52.0,594.0
000049	617	23	TP	0.9998370937525454	0.0	1.4771062876287417	0.010025655420842343	171.0,197.0,429.0,350.0	49.0,617.0,52.0,617.0
000049	629	24	TP	0.9974894719792678	0.0	1.8629964190510315	0.007455362511112422	160.0,191.0,420.0,344.0	49.0,629.0,52.0,629.0
000049	631	25	TP	1.0	0.0	1.6662869323272682	0.008283738833314281	157.0,192.0,417.0,344.0	49.0,631.0,52.0,631.0
000049	651	26	TP	1.0	0.0	1.3287690621616304	0.006957221905934667	156.0,200.0,418.0,350.0	49.0,651.0,52.0,651.0
000049	669	27	TP	1.0	0.0	1.4994769093544997	0.008433170630371922	153.0,191.0,417.0,341.0	49.0,669.0,52.0,669.0
000049	762	28	TP	0.9999603583604217	0.0	1.8584797612135586	0.001326088220424174	147.0,205.0,417.0,350.0	49.0,762.0,52.0,762.0
000049	1024	29	TP	0.9994403134244823	0.0	1.75577731525628	0.005307494595725649	138.0,194.0,416.0,329.0	49.0,1024.0,52.0,1024.0
000049	1036	30	TP	0.9997188867916951	0.0	1.5070974438324591	0.005523618601827994	128.0,200.0,407.0,336.0	49.0,1036.0,52.0,1036.0
000049	1052	31	TP	1.0	0.0	1.4379595456419634	0.005821324612858988	122.0,199.0,401.0,336.0	49.0,1052.0,52.0,1052.0
000049	1067	32	TP	0.9997610989448537	0.0	1.8422536936812706	0.0036373985330742857	110.0,202.0,390.0,340.0	49.0,1067.0,52.0,1067.0
000049	1095	33	TP	0.9992429675671368	0.0	1.3925413892666934	0.002982071924342765	95.0,200.0,375.0,336.0	49.0,1095.0,52.0,1095.0
000049	1102	34	TP	0.9998800863378368	0.0	1.4581167271886133	0.0030688232798922587	92.0,201.0,372.0,337.0	49.0,1102.0,52.0,1102.0
000049	1130	35	TP	1.0	0.0	1.6207814109251424	0.0026726002669864913	93.0,202.0,374.0,340.0	49.0,1130.0,52.0,1130.0
000049	1144	36	TP	0.9998834544112505	0.0	1.6082012139184372	0.001989885501332519	96.0,206.0,379.0,345.0	49.0,1144.0,52.0,1144.0
000049	1150	37	TP	0.9991484420359977	0.0	1.3726790715283341	0.003071270788214711	94.0,208.0,378.0,348.0	49.0,1150.0,52.0,1150.0
000049	1157	38	TP	0.9994226772380879	0.0	2.0164080464179404	0.0021824242798762915	89.0,210.0,374.0,350.0	49.0,1157.0,52.0,1157.0
000049	1168	39	TP	0.9982353843793156	0.0	1.8742402928749178	0.0034462917396726966	82.0,220.0,368.0,360.0	49.0,1168.0,52.0,1168.0
000049	1172	40	TP	0.9992732836106331	0.0	1.7032410095525603	0.0014994403725659001	78.0,219.0,364.0,360.0	49.0,1172.0,52.0,1172.0
000049	1179	41	TP	0.9990846681922196	0.0	1.955607131673238	0.002134854662658829	78.0,220.0,365.0,362.0	49.0,1179.0,52.0,1179.0
000049	1269	42	TP	0.9993242281974676	0.0	1.5882114125777063	0.002585752254319124	73.0,204.0,367.0,350.0	49.0,1269.0,52.0,1269.0
000049	1491	43	TP	0.9974547941042394	0.0	1.0518309504009993	0.0024331355393054374	85.0,215.0,365.0,348.0	49.0,1491.0,52.0,1491.0
000049	1554	44	TP	0.9945918993556305	0.0	1.1426029139145746	0.004851174818857387	86.0,197.0,364.0,326.0	49.0,1554.0,52.0,1554.0
000049	1557	45	TP	0.9957132468327784	0.0	0.8662518439234997	0.004468179577547077	79.0,191.0,357.0,321.0	49.0,1557.0,52.0,1557.0
000049	1565	46	TP	0.997036067593056	0.0	1.522081781171009	0.004054119841934414	69.0,183.0,346.0,312.0	49.0,1565.0,52.0,1565.0
000049	1568	47	TP	0.9967622571692877	0.0	1.0999871266847099	0.00624173630066416	63.0,181.0,339.0,310.0	49.0,1568.0,52.0,1568.0
000049	1575	48	TP	0.9947049047269354	0.0	0.48399497326747176	0.004810888430293803	55.0,183.0,331.0,312.0	49.0,1575.0,52.0,1575.0
000049	1582	49	TP	0.9969360843934223	0.0	0.4207219070991382	0.003242672754872713	58.0,189.0,332.0,317.0	49.0,1582.0,52.0,1582.0
000049	1587	50	TP	0.9960295834955235	0.0	0.7109996312589781	0.004021956109420952	60.0,191.0,334.0,321.0	49.0,1587.0,52.0,1587.0
000049	1592	51	TP	0.996720927509076	0.0	0.8809516990686518	0.0038397671266705955	60.0,191.0,334.0,320.0	49.0,1592.0,52.0,1592.0
000049	1595	52	TP	0.9967435655994978	0.0	0.3674306675458561	0.002706782333988428	59.0,190.0,332.0,319.0	49.0,1595.0,52.0,1595.0
000049	1614	53	TP	0.9987039000824791	0.0	0.7459790859662766	0.004022972130809671	81.0,177.0,353.0,305.0	49.0,1614.0,52.0,1614.0
000049	1615	54	TP	0.998310744450992	0.0	0.602941524050948	0.005037966822176624	82.0,176.0,354.0,305.0	49.0,1615.0,52.0,1615.0
000049	1618	55	TP	0.9981538944970344	0.0	0.7632356948771941	0.004353597553417849	82.0,177.0,354.0,305.0	49.0,1618.0,52.0,1618.0
000049	1631	56	TP	0.9966161715522329	0.0	0.797172563709757	0.004080867210343347	82.0,184.0,352.0,311.0	49.0,1631.0,52.0,1631.0
000049	1641	57	TP	0.9974056038955855	0.0	0.6161892393200894	0.0048966163246584515	87.0,194.0,356.0,320.0	49.0,1641.0,52.0,1641.0
000049	1644	58	TP	0.9981906638253387	0.0	0.8306830695778139	0.005710907347191615	89.0,197.0,357.0,323.0	49.0,1644.0,52.0,1644.0
000049	1655	59	TP	0.9973676750496092	0.0	0.5045658940493071	0.006222294415704287	83.0,185.0,348.0,308.0	49.0,1655.0,52.0,1655.0
000049	1671	60	TP	0.9986252072297925	0.0	0.46461096197985247	0.006514429733283761	89.0,192.0,352.0,314.0	49.0,1671.0,52.0,1671.0
000049	1677	61	TP	0.999057878998894	0.0	0.9658269429867217	0.00799147792680501	80.0,190.0,343.0,313.0	49.0,1677.0,52.0,1677.0
000049	1682	62	TP	0.999214843588578	0.0	0.47981530327028926	0.004810772541230381	68.0,189.0,330.0,310.0	49.0,1682.0,52.0,1682.0
000049	1688	63	TP	0.9992541642496063	0.0	0.2869804944249292	0.0037384313891780808	63.0,188.0,323.0,309.0	49.0,1688.0,52.0,1688.0
000049	1881	64	TP	1.0	0.0	2.1463684194752584	0.004068009786593459	59.0,191.0,330.0,323.0	49.0,1881.0,52.0,1881.0
000049	2061	65	TP	0.999816554153214	0.0	1.4533065646112961	0.0028988076291376367	28.0,170.0,309.0,300.0	49.0,2061.0,52.0,2061.0
000049	2064	66	TP	1.0	0.0	1.9480200192436057	0.009769306098104552	27.0,169.0,309.0,299.0	49.0,2064.0,52.0,2064.0
000049	2089	67	TP	1.0	0.0	1.1809805360993768	0.008788376283674008	26.0,173.0,305.0,297.0	49.0,2089.0,52.0,2089.0
000049	2097	68	TP	1.0	0.0	0.634425145167685	0.0031599428162514924	31.0,180.0,309.0,302.0	49.0,2097.0,52.0,2097.0
000049	2119	69	TP	1.0	0.0	0.7704274742378966	0.010593074183268478	44.0,174.0,322.0,295.0	49.0,2119.0,52.0,2119.0
000049	2123	70	TP	0.9999247412982126	0.0	0.7721882675821542	0.011128249158163631	43.0,175.0,321.0,295.0	49.0,2123.0,52.0,2123.0
000049	2146	71	TP	1.0	0.0	1.0307121884556347	0.010414218217082742	41.0,177.0,316.0,296.0	49.0,2146.0,52.0,2146.0
000049	2151	72	TP	0.9998466963053809	0.0	0.8542693854954766	0.00801287989355287	33.0,173.0,308.0,292.0	49.0,2151.0,52.0,2151.0
000049	2173	73	TP	0.9953837276399308	0.0	0.7828261079661741	0.008768051525052771	35.0,164.0,309.0,283.0	49.0,2173.0,52.0,2173.0
000049	2196	74	TP	0.9999621154720412	0.0	0.8869357213020462	0.014343667445869072	38.0,152.0,316.0,269.0	49.0,2196.0,52.0,2196.0
000051	1	75	TP	0.9984050159498405	0.0	1.6421617516677858	0.01596831353177977	195.0,286.0,330.0,453.0	51.0,1.0,54.0,1.0
000051	35	76	TP	1.0	0.0	1.8795077729892962	0.008671574916584445	204.0,304.0,338.0,471.0	51.0,35.0,54.0,35.0
000051	56	77	TP	0.9991068438093111	0.0	1.7754792253587257	0.016882138774572272	193.0,307.0,327.0,474.0	51.0,56.0,54.0,56.0
000051	83	78	TP	1.0	0.0	1.9751119661271068	0.013825883394094782	184.0,293.0,317.0,461.0	51.0,83.0,54.0,83.0
000051	100	79	TP	1.0	0.0	1.9870016747361932	0.01770287421952654	187.0,283.0,318.0,451.0	51.0,100.0,54.0,100.0
000051	116	80	TP	0.9994824314221634	0.0	2.537334936623299	0.02379040731799447	197.0,272.0,324.0,438.0	51.0,116.0,54.0,116.0
000051	138	81	TP	0.9999419684308264	0.0	2.850815002133618	0.03278796347617442	210.0,248.0,335.0,413.0	51.0,138.0,54.0,138.0
000051	169	82	TP	1.0	0.0	2.1172195042560515	0.017970550305032165	212.0,253.0,334.0,419.0	51.0,169.0,54.0,169.0
000051	240	83	TP	1.0	0.0	1.3674178214018808	0.020911817440040927	230.0,280.0,342.0,438.0	51.0,240.0,54.0,240.0
000051	407	84	TP	0.9931459473055398	0.0	3.1935472157270586	0.035839100284878016	191.0,262.0,317.0,420.0	51.0,407.0,54.0,407.0
000051	515	85	TP	0.9905348748570703	0.0	3.085699677059146	0.0474444689787493	189.0,275.0,324.0,430.0	51.0,515.0,54.0,515.0
000051	520	86	TP	0.988136023347291	0.0	3.5243240450005175	0.038712618574004314	193.0,273.0,329.0,428.0	51.0,520.0,54.0,520.0
000051	532	87	TP	0.9908332279681376	0.0	3.1667256302739863	0.041188145874070006	193.0,275.0,331.0,431.0	51.0,532.0,54.0,532.0
000051	546	88	TP	0.9928143712574851	0.0	3.365330223034198	0.0558166328610183	200.0,273.0,340.0,429.0	51.0,546.0,54.0,546.0
000051	553	89	TP	0.9902175957860413	0.0	3.0757330535439715	0.04688192405379391	194.0,275.0,335.0,431.0	51.0,553.0,54.0,553.0
000051	571	90	TP	0.9927468848800446	0.0	2.9153078518947826	0.05242909365289008	195.0,280.0,338.0,437.0	51.0,571.0,54.0,571.0
000051	582	91	TP	0.9906754186859702	0.0	3.0469848025588084	0.01869682129879808	193.0,299.0,339.0,457.0	51.0,582.0,54.0,582.0
000051	601	92	TP	0.9915280063387578	0.0	3.1900855835912556	0.12137892825965368	193.0,290.0,342.0,449.0	51.0,601.0,54.0,601.0
000051	611	93	TP	0.9911665053242982	0.0	6.251981707011562	0.12150945906763438	190.0,286.0,341.0,446.0	51.0,611.0,54.0,611.0
000051	618	94	TP	0.9917062323456939	0.0	5.061805687938281	0.10063237056116793	185.0,279.0,338.0,439.0	51.0,618.0,54.0,618.0
000051	636	95	TP	0.9896689363700399	0.0	3.9242282771537775	0.10928089202618767	185.0,289.0,342.0,452.0	51.0,636.0,54.0,636.0
000051	637	96	TP	0.9900316641257183	0.0	3.7330142649525286	0.1004089302998071	186.0,290.0,343.0,452.0	51.0,637.0,54.0,637.0
000051	649	97	TP	0.9958081043316255	0.0	3.38778766654292	0.08642709626563985	168.0,282.0,328.0,445.0	51.0,649.0,54.0,649.0
000051	654	98	TP	0.9943689771275979	0.0	5.561441346029612	0.06921616022040451	170.0,282.0,330.0,445.0	51.0,654.0,54.0,654.0
000051	669	99	TP	0.9934812442817932	0.0	4.635425142853293	0.09175479622178027	170.0,293.0,333.0,457.0	51.0,669.0,54.0,669.0
000051	672	100	TP	0.9973210214318285	0.0	4.109530110573911	0.07196510384267045	174.0,294.0,337.0,458.0	51.0,672.0,54.0,672.0
000051	675	101	TP	0.9975523679417122	0.0	8.895475549323935	0.061939662340482475	176.0,290.0,340.0,454.0	51.0,675.0,54.0,675.0
000051	681	102	TP	0.998303455296047	0.0	4.8048875993249975	0.06601579990913252	176.0,290.0,341.0,454.0	51.0,681.0,54.0,681.0
000051	685	103	TP	0.9979199460310322	0.0	5.357183983281406	0.07247142089732748	173.0,290.0,339.0,454.0	51.0,685.0,54.0,685.0
000051	694	104	TP	0.9946577629382304	0.0	5.152648451889164	0.0629625254003541	168.0,291.0,335.0,456.0	51.0,694.0,54.0,694.0
000051	698	105	TP	0.9952185032803291	0.0	5.292842159610712	0.0601357550034537	166.0,286.0,334.0,450.0	51.0,698.0,54.0,698.0
000051	780	106	TP	0.9975330673944993	0.0	2.120568541936085	0.06504997438879799	147.0,285.0,326.0,452.0	51.0,780.0,54.0,780.0
000051	946	107	TP	0.9994831555701734	0.0	1.9371412763795217	0.03541915758804872	135.0,269.0,339.0,436.0	51.0,946.0,54.0,946.0
000051	1038	108	TP	1.0	0.0	1.33767747229969	0.0264699432534803	138.0,270.0,353.0,436.0	51.0,1038.0,54.0,1038.0
000051	1045	109	TP	1.0	0.0	1.7947455868509252	0.01881392285672849	136.0,270.0,352.0,436.0	51.0,1045.0,54.0,1045.0
000051	1057	110	TP	1.0	0.0	1.6053932234062018	0.023580367106706003	135.0,262.0,352.0,427.0	51.0,1057.0,54.0,1057.0
000051	1063	111	TP	1.0	0.0	1.0070876940986315	0.018635811476612283	135.0,263.0,352.0,428.0	51.0,1063.0,54.0,1063.0
000051	1076	112	TP	1.0	0.0	1.3327417641571628	0.01578812597988812	136.0,276.0,355.0,442.0	51.0,1076.0,54.0,1076.0
000051	1080	113	TP	1.0	0.0	1.2038985692045685	0.018803633388214537	135.0,272.0,354.0,438.0	51.0,1080.0,54.0,1080.0
000051	1091	114	TP	1.0	0.0	0.7007345739794069	0.01777401005800092	120.0,266.0,339.0,431.0	51.0,1091.0,54.0,1091.0
000051	1092	115	TP	0.9999558401413116	0.0	0.6551971577248824	0.01737702516955273	119.0,265.0,339.0,429.0	51.0,1092.0,54.0,1092.0
000051	1110	116	TP	1.0	0.0	1.2521303615619983	0.015738952072328116	106.0,261.0,328.0,425.0	51.0,1110.0,54.0,1110.0
000051	1111	117	TP	0.9999122268059335	0.0	1.7448376274432102	0.021725485530738355	106.0,260.0,329.0,423.0	51.0,1111.0,54.0,1111.0
000051	1149	118	TP	1.0	0.0	0.7781630348552148	0.013895383336737828	95.0,251.0,320.0,412.0	51.0,1149.0,54.0,1149.0
000051	1150	119	TP	1.0	0.0	0.8935385382592602	0.013355403528627307	94.0,251.0,320.0,412.0	51.0,1150.0,54.0,1150.0
000051	1160	120	TP	1.0	0.0	1.435762370944247	0.016602671944589965	91.0,250.0,318.0,411.0	51.0,1160.0,54.0,1160.0
000051	1182	121	TP	1.0	0.0	1.3266013166416506	0.013030023719651949	116.0,256.0,343.0,417.0	51.0,1182.0,54.0,1182.0
000051	1220	122	TP	1.0	0.0	2.105357963731618	0.011818050321904867	112.0,272.0,341.0,431.0	51.0,1220.0,54.0,1220.0
000051	1528	123	TP	1.0	0.0	1.4303990054177558	0.00446488713690314	83.0,255.0,323.0,417.0	51.0,1528.0,54.0,1528.0
000051	1536	124	TP	1.0	0.0	1.764488007151702	0.002376224089225898	82.0,256.0,323.0,419.0	51.0,1536.0,54.0,1536.0
000051	1545	125	TP	1.0	0.0	1.8494118116370974	0.005205659197778916	84.0,270.0,326.0,436.0	51.0,1545.0,54.0,1545.0
000051	1566	126	TP	1.0	0.0	2.1945854472568063	0.007870592586736641	89.0,265.0,333.0,434.0	51.0,1566.0,54.0,1566.0
000051	1571	127	TP	1.0	0.0	2.1713456214471165	0.004995004157273075	90.0,267.0,335.0,437.0	51.0,1571.0,54.0,1571.0
000051	1584	128	TP	1.0	0.0	2.3263808772092975	0.005323250304518711	92.0,259.0,338.0,430.0	51.0,1584.0,54.0,1584.0
000051	1588	129	TP	1.0	0.0	1.7005611996574335	0.010228265626715282	90.0,251.0,337.0,422.0	51.0,1588.0,54.0,1588.0
000051	1603	130	TP	1.0	0.0	0.998286360084481	0.007991712815022861	100.0,234.0,350.0,406.0	51.0,1603.0,54.0,1603.0
000051	1611	131	TP	1.0	0.0	0.9471364152708369	0.007493803842467557	91.0,227.0,343.0,402.0	51.0,1611.0,54.0,1611.0
000051	1617	132	TP	0.9999622741162711	0.0	1.0924144407713765	0.008990013529483852	88.0,224.0,341.0,400.0	51.0,1617.0,54.0,1617.0
000051	1628	133	TP	1.0	0.0	1.1186502346144136	0.008335743197119947	103.0,237.0,355.0,415.0	51.0,1628.0,54.0,1628.0
000051	1629	134	TP	1.0	0.0	1.027114212538378	0.008659242906956273	103.0,239.0,356.0,417.0	51.0,1629.0,54.0,1629.0
000051	1645	135	TP	0.999154877824729	0.0	0.938485349080362	0.008687443970074439	115.0,239.0,368.0,420.0	51.0,1645.0,54.0,1645.0
000051	1650	136	TP	1.0	0.0	0.8892046985025843	0.009057285646270816	117.0,237.0,370.0,419.0	51.0,1650.0,54.0,1650.0
000051	1673	137	TP	1.0	0.0	0.9120914855369198	0.007471617292161944	150.0,238.0,405.0,424.0	51.0,1673.0,54.0,1673.0
000051	1674	138	TP	1.0	0.0	1.102880295292745	0.006697638313160462	153.0,240.0,408.0,426.0	51.0,1674.0,54.0,1674.0
000051	1687	139	TP	1.0	0.0	0.8374860406594695	0.010092657235389726	151.0,235.0,409.0,423.0	51.0,1687.0,54.0,1687.0
000051	1693	140	TP	1.0	0.0	0.9489497069971702	0.008695733945591632	152.0,238.0,411.0,428.0	51.0,1693.0,54.0,1693.0
000051	1698	141	TP	1.0	0.0	0.9276739700143164	0.008658582342359371	153.0,241.0,411.0,431.0	51.0,1698.0,54.0,1698.0
000051	1699	142	TP	1.0	0.0	1.1942296228668112	0.009755919896756803	153.0,242.0,412.0,433.0	51.0,1699.0,54.0,1699.0
000051	1700	143	TP	1.0	0.0	1.100398817449198	0.011522211294324302	152.0,243.0,411.0,434.0	51.0,1700.0,54.0,1700.0
000051	1708	144	TP	1.0	0.0	0.8905251579419274	0.010044025146207109	156.0,238.0,416.0,431.0	51.0,1708.0,54.0,1708.0
000051	1709	145	TP	1.0	0.0	0.9084761707800827	0.008210410864194453	155.0,238.0,417.0,431.0	51.0,1709.0,54.0,1709.0
000051	1715	146	TP	1.0	0.0	1.0706676634875965	0.009210872708583579	153.0,240.0,415.0,435.0	51.0,1715.0,54.0,1715.0
000051	1717	147	TP	1.0	0.0	1.1536432371723455	0.010970623669348086	151.0,242.0,413.0,436.0	51.0,1717.0,54.0,1717.0
000051	1729	148	TP	1.0	0.0	0.9846421603209593	0.009623404997364894	151.0,255.0,413.0,452.0	51.0,1729.0,54.0,1729.0
000051	1927	149	TP	1.0	0.0	1.115600146493189	0.0042178962544165794	37.0,245.0,324.0,475.0	51.0,1927.0,54.0,1927.0
000054	1	150	TP	1.0	0.0	2.0726367529414276	0.001554179741898651	162.0,310.0,387.0,440.0	54.0,1.0,57.0,1.0
000054	22	151	TP	0.9998638220608261	0.0	3.446636881813737	0.006498858702532281	181.0,304.0,408.0,438.0	54.0,22.0,57.0,22.0
000054	32	152	TP	1.0	0.0	4.12501955345886	0.013830399543384438	181.0,321.0,407.0,462.0	54.0,32.0,57.0,32.0
000054	38	153	TP	1.0	0.0	4.069780885139751	0.0056190012352228275	173.0,300.0,397.0,437.0	54.0,38.0,57.0,38.0
000054	43	154	TP	1.0	0.0	4.889384654653456	0.007814934428246495	168.0,271.0,393.0,406.0	54.0,43.0,57.0,43.0
000054	50	155	TP	1.0	0.0	3.9238033835171193	0.0019409824049285457	160.0,270.0,385.0,405.0	54.0,50.0,57.0,50.0
000054	56	156	TP	1.0	0.0	4.441227862572292	0.006718203053993277	149.0,280.0,375.0,415.0	54.0,56.0,57.0,56.0
000054	63	157	TP	0.9999060812397277	0.0	5.27674183096841	0.004984011340798239	158.0,270.0,386.0,406.0	54.0,63.0,57.0,63.0
000054	69	158	TP	1.0	0.0	5.456329178332424	0.008712375389941645	162.0,263.0,391.0,405.0	54.0,69.0,57.0,69.0
000054	81	159	TP	1.0	0.0	4.627219822556862	0.023517981498158338	198.0,286.0,428.0,437.0	54.0,81.0,57.0,81.0
000054	86	160	TP	1.0	0.0	4.228460917021465	0.020482842557525	189.0,296.0,421.0,449.0	54.0,86.0,57.0,86.0
000054	90	161	TP	1.0	0.0	3.6951350622929726	0.0243202470041988	184.0,287.0,416.0,440.0	54.0,90.0,57.0,90.0
000054	135	162	TP	1.0	0.0	3.7288591302533898	0.021451252096621607	199.0,277.0,408.0,411.0	54.0,135.0,57.0,135.0
000054	202	163	TP	1.0	0.0	1.877557515865208	0.017777219840202408	206.0,288.0,404.0,407.0	54.0,202.0,57.0,202.0
000054	390	164	TP	0.99981765134938	0.0	1.8254459703369064	0.01652360502911223	188.0,291.0,399.0,415.0	54.0,390.0,57.0,390.0
000054	479	165	TP	0.9999490809104333	0.0	2.296062114810091	0.01689430370607389	194.0,258.0,421.0,404.0	54.0,479.0,57.0,479.0
000054	514	166	TP	0.9999528502051016	0.0	1.7643355343837719	0.016722488114531996	205.0,249.0,439.0,405.0	54.0,514.0,57.0,514.0
000054	520	167	TP	0.9999536350148368	0.0	1.9595741907137916	0.014320329088998628	207.0,252.0,443.0,410.0	54.0,520.0,57.0,520.0
000054	524	168	TP	1.0	0.0	1.584591110853619	0.016567225048674583	202.0,252.0,439.0,411.0	54.0,524.0,57.0,524.0
000054	530	169	TP	1.0	0.0	1.8906012884148973	0.019347635621026843	195.0,257.0,434.0,418.0	54.0,530.0,57.0,530.0
000054	537	170	TP	1.0	0.0	1.9118126134704203	0.014282853171729852	195.0,274.0,436.0,436.0	54.0,537.0,57.0,537.0
000054	543	171	TP	1.0	0.0	1.9069757169092334	0.014638081899880263	198.0,282.0,440.0,445.0	54.0,543.0,57.0,543.0
000054	560	172	TP	1.0	0.0	1.9990446790720608	0.014680152035487342	202.0,288.0,446.0,455.0	54.0,560.0,57.0,560.0
000054	561	173	TP	1.0	0.0	1.6651083128383948	0.015220703612064613	202.0,288.0,446.0,456.0	54.0,561.0,57.0,561.0
000054	568	174	TP	1.0	0.0	2.3973060468997516	0.017594076518836575	191.0,289.0,437.0,456.0	54.0,568.0,57.0,568.0
000054	577	175	TP	1.0	0.0	2.2213587311059215	0.01866807278427838	184.0,292.0,432.0,459.0	54.0,577.0,57.0,577.0
000054	583	176	TP	1.0	0.0	1.6276720736411197	0.014623259464079726	184.0,292.0,433.0,459.0	54.0,583.0,57.0,583.0
000054	588	177	TP	1.0	0.0	1.9708632679362905	0.01752061850409902	187.0,296.0,436.0,463.0	54.0,588.0,57.0,588.0
000054	589	178	TP	1.0	0.0	2.2656796612767724	0.01720225459158765	187.0,298.0,436.0,464.0	54.0,589.0,57.0,589.0
000054	595	179	TP	1.0	0.0	2.160870823005268	0.01679977503534578	189.0,303.0,440.0,469.0	54.0,595.0,57.0,595.0
000054	598	180	TP	0.9999590868177727	0.0	1.9843371476779734	0.019590293804917395	189.0,305.0,440.0,471.0	54.0,598.0,57.0,598.0
000054	604	181	TP	1.0	0.0	2.5167862363975955	0.02070567615698948	187.0,311.0,438.0,477.0	54.0,604.0,57.0,604.0
000054	681	182	TP	0.9997496348842061	0.0	2.8311205014763767	0.01574811582056363	156.0,318.0,403.0,467.0	54.0,681.0,57.0,681.0
000054	741	183	TP	1.0	0.0	3.199515570449405	0.012157742380828392	185.0,331.0,422.0,470.0	54.0,741.0,57.0,741.0
000054	866	184	TP	1.0	0.0	1.966769908361781	0.0040138787601177875	237.0,340.0,465.0,461.0	54.0,866.0,57.0,866.0
000054	1012	185	TP	1.0	0.0	3.5058480621360326	0.007902416476777542	280.0,344.0,511.0,462.0	54.0,1012.0,57.0,1012.0
000054	1024	186	TP	0.9998267498267498	0.0	3.130333776646325	0.0059223900057897155	320.0,341.0,553.0,462.0	54.0,1024.0,57.0,1024.0
000054	1025	187	TP	0.999913781954563	0.0	3.4760901904029344	0.007109190040797593	323.0,343.0,557.0,463.0	54.0,1025.0,57.0,1025.0
000054	1028	188	TP	0.9994443494614464	0.0	2.9647833468315277	0.005484290977759971	330.0,349.0,565.0,469.0	54.0,1028.0,57.0,1028.0
000054	1029	189	TP	0.9997439836149513	0.0	3.021561729314802	0.0021712300097823417	330.0,351.0,566.0,470.0	54.0,1029.0,57.0,1029.0
000054	1032	190	TP	1.0	0.0	3.558608889742599	0.003640211588500536	332.0,353.0,569.0,472.0	54.0,1032.0,57.0,1032.0
000054	1033	191	TP	1.0	0.0	3.5343590131571494	0.0029101445138575827	332.0,353.0,570.0,472.0	54.0,1033.0,57.0,1033.0
000054	1039	192	TP	0.998435716399611	0.0	3.4366587691571633	0.006093011547927344	323.0,343.0,561.0,461.0	54.0,1039.0,57.0,1039.0
000054	1042	193	TP	0.9998727465535525	0.0	3.0820180430488167	0.006092140679882873	316.0,340.0,554.0,456.0	54.0,1042.0,57.0,1042.0
000054	1063	194	TP	0.9995698924731182	0.0	1.8469783428589488	0.0038366640989211053	286.0,326.0,524.0,432.0	54.0,1063.0,57.0,1063.0
000054	1068	195	TP	0.9985371310558472	0.0	2.2835745354532437	0.0074905094746427385	283.0,320.0,521.0,424.0	54.0,1068.0,57.0,1068.0
000054	1080	196	TP	0.9998703095279267	0.0	2.9243274498611926	0.005735844148748061	276.0,313.0,515.0,416.0	54.0,1080.0,57.0,1080.0
000054	1083	197	TP	0.99939501318007	0.0	1.6563883890787074	0.0056037335332395225	276.0,312.0,515.0,415.0	54.0,1083.0,57.0,1083.0
000054	1089	198	TP	0.9986145986665512	0.0	2.394089942661653	0.0030052616713729156	283.0,311.0,522.0,414.0	54.0,1089.0,57.0,1089.0
000054	1096	199	TP	1.0	0.0	2.8612984890427744	0.002694161527769854	292.0,316.0,531.0,419.0	54.0,1096.0,57.0,1096.0
000054	1106	200	TP	0.9999141851883635	0.0	2.1160493635054194	0.00980720737949889	296.0,334.0,535.0,438.0	54.0,1106.0,57.0,1106.0
000054	1110	201	TP	1.0	0.0	2.408935219649837	0.008622723513204074	307.0,351.0,548.0,456.0	54.0,1110.0,57.0,1110.0
000054	1111	202	TP	1.0	0.0	3.1137708257219185	0.006058694987289037	310.0,354.0,551.0,459.0	54.0,1111.0,57.0,1111.0
000054	1134	203	TP	0.9989991898203308	0.0	2.565100694330716	0.004241858917693508	228.0,312.0,458.0,419.0	54.0,1134.0,57.0,1134.0
000054	1178	204	TP	1.0	0.0	1.2884523175329181	0.0036294374454515174	224.0,316.0,441.0,419.0	54.0,1178.0,57.0,1178.0
000054	1355	205	TP	0.9999491327127524	0.0	1.933882569986563	0.0025219820528866064	263.0,332.0,494.0,443.0	54.0,1355.0,57.0,1355.0
000054	1531	206	TP	1.0	0.0	2.353776085928027	0.013450864608684651	286.0,329.0,524.0,452.0	54.0,1531.0,57.0,1531.0
000054	1539	207	TP	1.0	0.0	2.163518353431145	0.01651370193952337	287.0,331.0,526.0,455.0	54.0,1539.0,57.0,1539.0
000054	1543	208	TP	1.0	0.0	0.6200586351957247	0.009048875255212653	296.0,332.0,535.0,456.0	54.0,1543.0,57.0,1543.0
000054	1547	209	TP	1.0	0.0	0.6152298439067923	0.013359161920917859	302.0,340.0,542.0,464.0	54.0,1547.0,57.0,1547.0
000054	1550	210	TP	1.0	0.0	1.6086127084990374	0.015095123994273511	306.0,342.0,545.0,467.0	54.0,1550.0,57.0,1550.0
000054	1557	211	TP	1.0	0.0	1.9181928269754607	0.017244592158255353	306.0,338.0,546.0,463.0	54.0,1557.0,57.0,1557.0
000054	1559	212	TP	1.0	0.0	2.085596688007168	0.014751782159726338	306.0,336.0,546.0,460.0	54.0,1559.0,57.0,1559.0
000054	1568	213	TP	0.9999035493827161	0.0	1.376477986532208	0.013896370702568692	297.0,337.0,537.0,460.0	54.0,1568.0,57.0,1568.0
000054	1573	214	TP	1.0	0.0	2.395448620757956	0.01798813460493786	285.0,336.0,526.0,460.0	54.0,1573.0,57.0,1573.0
000054	1580	215	TP	1.0	0.0	2.777184952354689	0.014560565729144874	275.0,336.0,517.0,460.0	54.0,1580.0,57.0,1580.0
000054	1585	216	TP	0.9999054328809873	0.0	1.4605074563758813	0.014005455368263402	271.0,339.0,514.0,463.0	54.0,1585.0,57.0,1585.0
000054	1595	217	TP	1.0	0.0	1.0151929815425211	0.010370348604950907	283.0,331.0,527.0,453.0	54.0,1595.0,57.0,1595.0
000054	1597	218	TP	1.0	0.0	1.125128717327352	0.015076205968915492	286.0,329.0,530.0,451.0	54.0,1597.0,57.0,1597.0
000054	1605	219	TP	0.9998100574576191	0.0	1.4434252963464855	0.016330107365643838	301.0,325.0,545.0,447.0	54.0,1605.0,57.0,1605.0
000054	1613	220	TP	0.9988100904331271	0.0	1.4295728816371223	0.009708614479279181	307.0,329.0,551.0,451.0	54.0,1613.0,57.0,1613.0
000054	1619	221	TP	1.0	0.0	1.0713830888426195	0.015076191135710565	312.0,333.0,555.0,457.0	54.0,1619.0,57.0,1619.0
000054	1625	222	TP	0.9994784752512801	0.0	1.3896354702201632	0.018853709503810268	320.0,334.0,563.0,458.0	54.0,1625.0,57.0,1625.0
000054	1663	223	TP	1.0	0.0	0.49932864949829164	0.013426562292414158	318.0,320.0,562.0,442.0	54.0,1663.0,57.0,1663.0
000054	1844	224	TP	1.0	0.0	0.8387464758714652	0.01536636144911162	331.0,301.0,576.0,433.0	54.0,1844.0,57.0,1844.0
000055	22	225	TP	0.7827098621800609	0.0	7.2091553578932945	0.00946353236559837	110.0,293.0,307.0,409.0	55.0,22.0,58.0,22.0
000055	42	226	TP	0.7894265767647234	0.0	5.202449850568312	0.0039101321309303536	136.0,302.0,334.0,417.0	55.0,42.0,58.0,42.0
000055	49	227	TP	0.7871432862721538	0.0	5.694210064230573	0.0062991895759182326	142.0,292.0,339.0,405.0	55.0,49.0,58.0,49.0
000055	62	228	TP	0.7907477138246369	0.0	5.123954139553025	0.0049166943243599565	135.0,270.0,332.0,380.0	55.0,62.0,58.0,62.0
000055	89	229	TP	0.7872185027388923	0.0	6.396000289180522	0.005542286679736433	104.0,285.0,302.0,397.0	55.0,89.0,58.0,89.0
000055	100	230	TP	0.7867980414676903	0.0	4.91479050065337	0.0048810440053897374	95.0,290.0,295.0,403.0	55.0,100.0,58.0,100.0
000055	128	231	TP	0.786363899669814	0.0	8.389872259202274	0.02352278833407673	20.0,282.0,228.0,409.0	55.0,128.0,58.0,128.0
000055	205	232	TP	0.7937376324060063	0.0	3.923020386461035	0.005846759812754885	49.0,283.0,257.0,405.0	55.0,205.0,58.0,205.0
000055	360	233	TP	0.8012155645108013	0.0	3.942829625683621	0.007413690619752851	119.0,284.0,316.0,397.0	55.0,360.0,58.0,360.0
000055	454	234	TP	0.7910721565430086	0.0	2.8243302498989973	0.009421684338318016	160.0,315.0,356.0,430.0	55.0,454.0,58.0,454.0
000055	512	235	TP	0.7866852561868247	0.0	2.3204463746599946	0.014247627424662622	142.0,303.0,337.0,419.0	55.0,512.0,58.0,512.0
000055	513	236	TP	0.7873126524921575	0.0	2.9373835014643856	0.011475100861134437	143.0,303.0,338.0,418.0	55.0,513.0,58.0,513.0
000055	526	237	TP	0.7803367659337601	0.0	2.9331863595251733	0.014931516227116578	144.0,300.0,339.0,415.0	55.0,526.0,58.0,526.0
000055	530	238	TP	0.7775615181426386	0.0	2.113817942591434	0.014694989381288812	137.0,297.0,333.0,412.0	55.0,530.0,58.0,530.0
000055	546	239	TP	0.7765728189085853	0.0	2.7162786843965367	0.010259205755885584	115.0,290.0,311.0,406.0	55.0,546.0,58.0,546.0
000055	562	240	TP	0.7723960863229478	0.0	2.349650887418944	0.012077205107637767	124.0,296.0,320.0,411.0	55.0,562.0,58.0,562.0
000055	563	241	TP	0.7795751180227715	0.0	3.0938078975299277	0.005407582678139982	127.0,295.0,323.0,410.0	55.0,563.0,58.0,563.0
000055	588	242	TP	0.7834117321527393	0.0	1.9925142015917474	0.014796106042185172	101.0,305.0,297.0,420.0	55.0,588.0,58.0,588.0
000055	598	243	TP	0.7718368769606134	0.0	0.7746007759639046	0.02083162898413098	109.0,300.0,305.0,415.0	55.0,598.0,58.0,598.0
000055	603	244	TP	0.7677099343300265	0.0	2.6627986490576174	0.012968231736744539	109.0,300.0,305.0,414.0	55.0,603.0,58.0,603.0
000055	610	245	TP	0.7615395342351137	0.0	2.640692462100185	0.008836767546595422	114.0,300.0,309.0,414.0	55.0,610.0,58.0,610.0
000055	612	246	TP	0.7619545517914401	0.0	3.410619902165242	0.014871739120710293	116.0,300.0,311.0,414.0	55.0,612.0,58.0,612.0
000055	618	247	TP	0.7738045738045738	0.0	3.573087025486934	0.012580584029133196	116.0,307.0,312.0,423.0	55.0,618.0,58.0,618.0
000055	621	248	TP	0.7672712169458674	0.0	3.6436870274676294	0.011599533820379695	111.0,314.0,308.0,429.0	55.0,621.0,58.0,621.0
000055	622	249	TP	0.7679077156869517	0.0	1.9616285608385682	0.01084346504048064	111.0,314.0,308.0,430.0	55.0,622.0,58.0,622.0
000055	638	250	TP	0.7671468946026057	0.0	2.9639533419433906	0.014805153905518233	96.0,315.0,293.0,431.0	55.0,638.0,58.0,638.0
000055	641	251	TP	0.7753428433602095	0.0	2.3230410889203843	0.013467536599776795	94.0,314.0,291.0,430.0	55.0,641.0,58.0,641.0
000055	649	252	TP	0.7692095270969969	0.0	1.5474696501194332	0.018207798334226546	95.0,317.0,292.0,432.0	55.0,649.0,58.0,649.0
000055	654	253	TP	0.7645674740484429	0.0	2.7598646352507656	0.013369423112672082	97.0,320.0,293.0,435.0	55.0,654.0,58.0,654.0
000055	663	254	TP	0.7693585219015985	0.0	2.2405101923747703	0.013965804425414965	107.0,318.0,303.0,431.0	55.0,663.0,58.0,663.0
000055	793	255	TP	0.7461691747406033	0.0	3.211328120743174	0.018527296408361253	183.0,321.0,380.0,437.0	55.0,793.0,58.0,793.0
000055	920	256	TP	0.7614591505099182	0.0	2.4718792087826795	0.025490513765308722	158.0,311.0,375.0,438.0	55.0,920.0,58.0,920.0
000055	1025	257	TP	0.7387031113695842	0.0	2.191143737280305	0.015614380342330942	130.0,300.0,343.0,430.0	55.0,1025.0,58.0,1025.0
000055	1038	258	TP	0.7328623146093659	0.0	2.1416809129400303	0.011593351876241942	143.0,296.0,355.0,427.0	55.0,1038.0,58.0,1038.0
000055	1040	259	TP	0.7327021972884525	0.0	2.4514295799620727	0.01691294494452743	146.0,297.0,358.0,427.0	55.0,1040.0,58.0,1040.0
000055	1041	260	TP	0.7285155108956008	0.0	1.9465873307687034	0.014803909074207894	148.0,297.0,360.0,428.0	55.0,1041.0,58.0,1041.0
000055	1042	261	TP	0.7278199883109293	0.0	2.3065039796241202	0.015372854404598513	148.0,297.0,360.0,428.0	55.0,1042.0,58.0,1042.0
000055	1044	262	TP	0.7290669158005372	0.0	2.3797846699516008	0.015647823890129014	149.0,298.0,361.0,429.0	55.0,1044.0,58.0,1044.0
000055	1046	263	TP	0.739267198695171	0.0	1.6355797335132467	0.020302827258919513	150.0,300.0,362.0,431.0	55.0,1046.0,58.0,1046.0
000055	1048	264	TP	0.7368635437881874	0.0	1.9291381624237773	0.014248480127191446	150.0,301.0,362.0,433.0	55.0,1048.0,58.0,1048.0
000055	1049	265	TP	0.734092625951537	0.0	2.0334523588396025	0.013705784155956371	151.0,302.0,363.0,433.0	55.0,1049.0,58.0,1049.0
000055	1053	266	TP	0.7377049180327869	0.0	1.914944272293522	0.01398067741376848	150.0,302.0,363.0,434.0	55.0,1053.0,58.0,1053.0
000055	1055	267	TP	0.7328354752807688	0.0	2.028275049026112	0.012099167803459031	151.0,302.0,364.0,433.0	55.0,1055.0,58.0,1055.0
000055	1064	268	TP	0.7345301316093281	0.0	2.018913281090083	0.014337994271228664	155.0,297.0,368.0,430.0	55.0,1064.0,58.0,1064.0
000055	1068	269	TP	0.7304122225425195	0.0	2.0513873462221577	0.01199820576276911	155.0,297.0,368.0,429.0	55.0,1068.0,58.0,1068.0
000055	1088	270	TP	0.7297641073080481	0.0	1.8490679750126184	0.01724895429230072	155.0,295.0,367.0,429.0	55.0,1088.0,58.0,1088.0
000055	1100	271	TP	0.732222673709874	0.0	1.7375919426544808	0.01747297228450411	152.0,291.0,363.0,424.0	55.0,1100.0,58.0,1100.0
000055	1103	272	TP	0.7395996518711924	0.0	1.9155378982031641	0.013340447387731538	152.0,290.0,364.0,424.0	55.0,1103.0,58.0,1103.0
000055	1115	273	TP	0.7254072227696945	0.0	3.309487695094681	0.005621823758829937	152.0,285.0,363.0,419.0	55.0,1115.0,58.0,1115.0
000055	1120	274	TP	0.7304040754891745	0.0	1.7984946227374614	0.0118317748485879	151.0,285.0,362.0,420.0	55.0,1120.0,58.0,1120.0
000055	1132	275	TP	0.7368969107948629	0.0	1.4834837142453838	0.01679276203104009	149.0,287.0,360.0,423.0	55.0,1132.0,58.0,1132.0
000055	1136	276	TP	0.7324098759707894	0.0	1.4256025423412673	0.01015708546563231	150.0,285.0,360.0,420.0	55.0,1136.0,58.0,1136.0
000055	1147	277	TP	0.7288742563391671	0.0	1.7903975319627352	0.01256066207759475	145.0,281.0,356.0,416.0	55.0,1147.0,58.0,1147.0
000055	1151	278	TP	0.7259800817454378	0.0	1.6776208843780098	0.015867957248749374	144.0,280.0,355.0,416.0	55.0,1151.0,58.0,1151.0
000055	1161	279	TP	0.7590092666742936	0.0	1.9632104120563105	0.010879958450239008	140.0,281.0,351.0,418.0	55.0,1161.0,58.0,1161.0
000055	1164	280	TP	0.7290141811527905	0.0	2.0514713691117383	0.012944302813977524	141.0,283.0,352.0,420.0	55.0,1164.0,58.0,1164.0
000055	1176	281	TP	0.7268752876208008	0.0	1.6746128525978785	0.012388912413711909	142.0,282.0,351.0,420.0	55.0,1176.0,58.0,1176.0
000055	1177	282	TP	0.7284916844104276	0.0	1.405358062166145	0.015543912309163136	142.0,282.0,351.0,420.0	55.0,1177.0,58.0,1177.0
000055	1189	283	TP	0.7232555452865065	0.0	3.4016994242092644	0.0024998663779233505	139.0,282.0,347.0,420.0	55.0,1189.0,58.0,1189.0
000055	1347	284	TP	0.7313939259094449	0.0	2.6866236531122336	0.009570970319042665	143.0,283.0,352.0,426.0	55.0,1347.0,58.0,1347.0
000055	1520	285	TP	0.7114941203596956	0.0	2.6682254928538365	0.007195131668805762	188.0,278.0,380.0,423.0	55.0,1520.0,58.0,1520.0
000055	1543	286	TP	0.7062594904673528	0.0	2.656917416442528	0.007737790087794677	163.0,297.0,355.0,445.0	55.0,1543.0,58.0,1543.0
000055	1563	287	TP	0.7116432137993645	0.0	3.48695072197351	0.009734134213533568	166.0,293.0,358.0,440.0	55.0,1563.0,58.0,1563.0
000055	1567	288	TP	0.7159913988229968	0.0	2.3164760139229457	0.005433322096439947	167.0,295.0,358.0,442.0	55.0,1567.0,58.0,1567.0
000055	1585	289	TP	0.7172457214813119	0.0	2.4071044497842253	0.0070381339265162875	175.0,290.0,366.0,436.0	55.0,1585.0,58.0,1585.0
000055	1592	290	TP	0.733488237002614	0.0	3.5994060798359966	0.006480460484787648	181.0,284.0,372.0,428.0	55.0,1592.0,58.0,1592.0
000055	1603	291	TP	0.7184282163569653	0.0	3.801550167304411	0.009544521086417323	195.0,279.0,386.0,420.0	55.0,1603.0,58.0,1603.0
000055	1604	292	TP	0.7143958716412598	0.0	5.78123059027736	0.010223020625775585	197.0,278.0,388.0,419.0	55.0,1604.0,58.0,1604.0
000055	1609	293	TP	0.7158236603115414	0.0	4.238003091294021	0.007892990343452396	208.0,276.0,398.0,415.0	55.0,1609.0,58.0,1609.0
000055	1612	294	TP	0.7174804098854731	0.0	2.690820240334111	0.0037424900398866745	211.0,279.0,401.0,418.0	55.0,1612.0,58.0,1612.0
000055	1625	295	TP	0.7155378010970666	0.0	4.157474727861646	0.00755965864453611	201.0,286.0,391.0,426.0	55.0,1625.0,58.0,1625.0
000055	1632	296	TP	0.7146098274523852	0.0	3.2113876094333733	0.0045549168870194275	207.0,287.0,396.0,427.0	55.0,1632.0,58.0,1632.0
000055	1643	297	TP	0.7376735280038296	0.0	4.424992104894472	0.00829395787897068	204.0,290.0,394.0,429.0	55.0,1643.0,58.0,1643.0
000055	1666	298	TP	0.7255102040816327	0.0	4.083431384678833	0.006126515947862153	211.0,301.0,402.0,439.0	55.0,1666.0,58.0,1666.0
000055	1717	299	TP	0.7408681214421252	0.0	5.219577347149716	0.008951102256775794	211.0,310.0,402.0,449.0	55.0,1717.0,58.0,1717.0
000058	30	300	TP	0.6202465705851711	0.0	3.6904360641291922	0.007670476990166122	420.0,163.0,548.0,381.0	58.0,30.0,61.0,30.0
000058	77	301	TP	0.6183431952662722	0.0	2.946910677992476	0.005745747615600412	408.0,159.0,536.0,378.0	58.0,77.0,61.0,77.0
000058	86	302	TP	0.6157100963552576	0.0	3.688585976015876	0.010828131365490448	405.0,161.0,535.0,380.0	58.0,86.0,61.0,86.0
000058	94	303	TP	0.6145424153781863	0.0	3.4852443238910813	0.008746125845974192	386.0,163.0,518.0,381.0	58.0,94.0,61.0,94.0
000058	102	304	TP	0.6203506129450651	0.0	3.8764704693867653	0.007265064027291797	382.0,164.0,514.0,381.0	58.0,102.0,61.0,102.0
000058	103	305	TP	0.6158263129217486	0.0	4.610940561377632	0.010817402817357899	380.0,166.0,512.0,382.0	58.0,103.0,61.0,103.0
000058	107	306	TP	0.6187678361591405	0.0	3.476429953129218	0.0076586288543386526	381.0,170.0,512.0,386.0	58.0,107.0,61.0,107.0
000058	114	307	TP	0.6186099219340216	0.0	3.146651899755213	0.0030689541116684536	383.0,164.0,514.0,380.0	58.0,114.0,61.0,114.0
000058	116	308	TP	0.6174275958011888	0.0	3.5741776028566465	0.009788369593141166	378.0,169.0,509.0,385.0	58.0,116.0,61.0,116.0
000058	121	309	TP	0.6204012671594509	0.0	3.5222892034090867	0.009116445559663998	386.0,162.0,515.0,378.0	58.0,121.0,61.0,121.0
000058	124	310	TP	0.6228904961299327	0.0	3.379459284742344	0.007561731565724134	393.0,165.0,522.0,380.0	58.0,124.0,61.0,124.0
000058	135	311	TP	0.6245059288537549	0.0	3.56590544755815	0.004983006092587514	406.0,157.0,536.0,371.0	58.0,135.0,61.0,135.0
000058	137	312	TP	0.6226993865030674	0.0	3.6806443561892213	0.0035890173795805388	409.0,157.0,540.0,371.0	58.0,137.0,61.0,137.0
000058	154	313	TP	0.6278616456536165	0.0	3.6034060273633983	0.005067586082386449	410.0,150.0,544.0,363.0	58.0,154.0,61.0,154.0
000058	163	314	TP	0.6319970057390002	0.0	3.8264816772266323	0.004839213434244396	415.0,159.0,547.0,372.0	58.0,163.0,61.0,163.0
000058	215	315	TP	0.6328807960359344	0.0	2.4423680902551426	0.003402320094690731	425.0,139.0,553.0,357.0	58.0,215.0,61.0,215.0
000058	319	316	TP	0.6508606421714664	0.0	3.537194295526146	0.0012083678027176496	372.0,195.0,502.0,403.0	58.0,319.0,61.0,319.0
000058	444	317	TP	0.6554096838194943	0.0	3.1788119983726686	0.002823549464561322	449.0,213.0,572.0,424.0	58.0,444.0,61.0,444.0
000058	516	318	TP	0.6593790808374405	0.0	2.430751311014787	0.005723306336082177	421.0,213.0,545.0,430.0	58.0,516.0,61.0,516.0
000058	519	319	TP	0.6610646611486912	0.0	2.0804330024164956	0.004505076106801608	422.0,209.0,547.0,427.0	58.0,519.0,61.0,519.0
000058	529	320	TP	0.6576633165829145	0.0	3.998042347719339	0.006488446346992677	416.0,215.0,541.0,433.0	58.0,529.0,61.0,529.0
000058	531	321	TP	0.6605147520401757	0.0	3.5954362740124006	0.005951487278089662	419.0,218.0,543.0,436.0	58.0,531.0,61.0,531.0
000058	541	322	TP	0.6652044951330576	0.0	5.1780567363272585	0.006818095201183693	423.0,217.0,546.0,435.0	58.0,541.0,61.0,541.0
000058	553	323	TP	0.6701981230448384	0.0	3.2081581239268595	0.0056609728672845265	429.0,207.0,551.0,425.0	58.0,553.0,61.0,553.0
000058	561	324	TP	0.6626672819566221	0.0	2.6304351596522335	0.0027961213565452316	439.0,186.0,563.0,404.0	58.0,561.0,61.0,561.0
000058	562	325	TP	0.668234108657318	0.0	3.3340765270060433	0.004328141804602628	441.0,184.0,564.0,402.0	58.0,562.0,61.0,562.0
000058	574	326	TP	0.6687693154396511	0.0	3.2075353271102776	0.0022515075511172	450.0,175.0,574.0,393.0	58.0,574.0,61.0,574.0
000058	576	327	TP	0.6678388340465196	0.0	3.005980048540447	0.004446465591297361	450.0,176.0,574.0,394.0	58.0,576.0,61.0,576.0
000058	583	328	TP	0.678082191780822	0.0	4.102790900406225	0.0006886418546104719	448.0,168.0,574.0,387.0	58.0,583.0,61.0,583.0
000058	588	329	TP	0.6741768499660556	0.0	2.779942054078022	0.0018658202994864615	451.0,171.0,577.0,390.0	58.0,588.0,61.0,588.0
000058	596	330	TP	0.6763350386875819	0.0	2.8120443670090607	0.0020520410430055957	454.0,171.0,584.0,392.0	58.0,596.0,61.0,596.0
000058	603	331	TP	0.6794974493022471	0.0	4.124737828602557	0.0018728403867876997	457.0,167.0,590.0,389.0	58.0,603.0,61.0,603.0
000058	610	332	TP	0.6861959957850369	0.0	4.058253743781472	0.002207759335607256	458.0,165.0,592.0,388.0	58.0,610.0,61.0,610.0
000058	617	333	TP	0.6823965618943288	0.0	2.7116370955321876	0.003054500377966654	460.0,163.0,595.0,387.0	58.0,617.0,61.0,617.0
000058	631	334	TP	0.6811229834485648	0.0	3.256827403484407	0.0025615815815791215	456.0,149.0,594.0,374.0	58.0,631.0,61.0,631.0
000058	635	335	TP	0.681136344590631	0.0	2.7014645866513716	0.0036007632535316816	456.0,153.0,594.0,378.0	58.0,635.0,61.0,635.0
000058	642	336	TP	0.6769282248619709	0.0	3.7528142165203247	0.004960550598839215	454.0,153.0,593.0,378.0	58.0,642.0,61.0,642.0
000058	646	337	TP	0.6770798529903107	0.0	4.009927462481916	0.003165567811604795	453.0,154.0,592.0,380.0	58.0,646.0,61.0,646.0
000058	653	338	TP	0.682996273499979	0.0	4.865843321190151	0.004016583891030018	440.0,159.0,577.0,384.0	58.0,653.0,61.0,653.0
000058	655	339	TP	0.6833305397251089	0.0	5.429396038659515	0.006907394638401352	435.0,160.0,573.0,384.0	58.0,655.0,61.0,655.0
000058	660	340	TP	0.6831761994552692	0.0	6.015696284291688	0.009092929468327895	428.0,166.0,564.0,390.0	58.0,660.0,61.0,660.0
000058	662	341	TP	0.6848677869505092	0.0	4.697256883229413	0.004922554309437317	425.0,165.0,561.0,389.0	58.0,662.0,61.0,662.0
000058	670	342	TP	0.6831303187051561	0.0	4.287094644706984	0.0031053089691378214	425.0,170.0,561.0,395.0	58.0,670.0,61.0,670.0
000058	677	343	TP	0.6865473823724321	0.0	1.9914511982099226	0.006280151624827645	435.0,179.0,570.0,405.0	58.0,677.0,61.0,677.0
000058	691	344	TP	0.6913438231789985	0.0	3.678218432778832	0.003101975109513245	433.0,182.0,569.0,409.0	58.0,691.0,61.0,691.0
000058	826	345	TP	0.7077300150829563	0.0	1.0138178267702331	0.0026511240479684707	425.0,177.0,561.0,412.0	58.0,826.0,61.0,826.0
000058	940	346	TP	0.7405125332586473	0.0	1.4067252211227483	0.005553620545769279	451.0,161.0,588.0,406.0	58.0,940.0,61.0,940.0
000058	1035	347	TP	0.7276580826109128	0.0	2.6016903122969723	0.010265812132383938	448.0,237.0,592.0,499.0	58.0,1035.0,61.0,1035.0
000058	1036	348	TP	0.7305427343625657	0.0	2.8114011992263443	0.01169237859094191	448.0,238.0,592.0,500.0	58.0,1036.0,61.0,1036.0
000058	1051	349	TP	0.7375074687883266	0.0	3.0286436902774843	0.01561335261859774	449.0,230.0,594.0,494.0	58.0,1051.0,61.0,1051.0
000058	1068	350	TP	0.7283194057567317	0.0	3.4378028359714494	0.016810480294238494	441.0,232.0,589.0,498.0	58.0,1068.0,61.0,1068.0
000058	1072	351	TP	0.7302645796671915	0.0	2.269434345055426	0.012580956383288308	437.0,230.0,584.0,497.0	58.0,1072.0,61.0,1072.0
000058	1082	352	TP	0.7251766001039723	0.0	2.667197880059439	0.017583193487849452	430.0,233.0,578.0,501.0	58.0,1082.0,61.0,1082.0
000058	1084	353	TP	0.7357153763933425	0.0	3.4576211098216665	0.01665282875638362	431.0,231.0,578.0,499.0	58.0,1084.0,61.0,1084.0
000058	1094	354	TP	0.7493810760219793	0.0	2.0473079227839435	0.0140138836264376	433.0,220.0,579.0,489.0	58.0,1094.0,61.0,1094.0
000058	1097	355	TP	0.7488481344294877	0.0	2.13175815774589	0.013936061265727143	434.0,218.0,579.0,488.0	58.0,1097.0,61.0,1097.0
000058	1113	356	TP	0.7595496095405291	0.0	1.9074482427341468	0.012610521971673729	418.0,191.0,560.0,459.0	58.0,1113.0,61.0,1113.0
000058	1129	357	TP	0.7584993080209399	0.0	2.694798113051319	0.015328428326227937	418.0,179.0,557.0,447.0	58.0,1129.0,61.0,1129.0
000058	1144	358	TP	0.7637018149092545	0.0	1.5432246789847972	0.014163655998527768	413.0,175.0,553.0,443.0	58.0,1144.0,61.0,1144.0
000058	1146	359	TP	0.7655321447866018	0.0	2.0768075189407518	0.012375490353825184	412.0,176.0,551.0,443.0	58.0,1146.0,61.0,1146.0
000058	1164	360	TP	0.7682506682506682	0.0	1.7803848841905425	0.01192487283386237	413.0,177.0,553.0,445.0	58.0,1164.0,61.0,1164.0
000058	1167	361	TP	0.7700951759717733	0.0	1.514752158198559	0.013217576538570364	412.0,177.0,553.0,446.0	58.0,1167.0,61.0,1167.0
000058	1177	362	TP	0.7697559817134715	0.0	2.8936394866393287	0.012131213017756447	400.0,171.0,544.0,438.0	58.0,1177.0,61.0,1177.0
000058	1180	363	TP	0.767711859374072	0.0	1.9235539191297555	0.009538000731403016	398.0,171.0,541.0,438.0	58.0,1180.0,61.0,1180.0
000058	1278	364	TP	0.7764142977765269	0.0	2.341710904573605	0.010522427042055398	375.0,160.0,520.0,437.0	58.0,1278.0,61.0,1278.0
000058	1511	365	TP	0.8051773729626078	0.0	2.603268829360968	0.011979270874726531	358.0,150.0,500.0,438.0	58.0,1511.0,61.0,1511.0
000058	1529	366	TP	0.8029673424993725	0.0	3.8084958131396207	0.015265221437066791	341.0,161.0,481.0,448.0	58.0,1529.0,61.0,1529.0
000058	1549	367	TP	0.806997297905877	0.0	3.3110875278112126	0.015019876227661306	333.0,165.0,473.0,451.0	58.0,1549.0,61.0,1549.0
000058	1584	368	TP	0.8101617430051213	0.0	2.4367927214028007	0.009309984664696335	331.0,202.0,472.0,486.0	58.0,1584.0,61.0,1584.0
000058	1599	369	TP	0.8166802136553646	0.0	2.6645065182152208	0.008361344705325463	341.0,196.0,487.0,479.0	58.0,1599.0,61.0,1599.0
000058	1614	370	TP	0.8170860152135752	0.0	2.2217443052176264	0.008772780962573338	353.0,191.0,498.0,473.0	58.0,1614.0,61.0,1614.0
000058	1639	371	TP	0.8138267441510343	0.0	2.367583277705358	0.01443002116166583	360.0,193.0,500.0,472.0	58.0,1639.0,61.0,1639.0
000058	1669	372	TP	0.8165035655851572	0.0	2.6901071460833346	0.012878121054268013	361.0,188.0,498.0,464.0	58.0,1669.0,61.0,1669.0
000058	1672	373	TP	0.8130308102411505	0.0	2.8897017118606834	0.013614500903929955	363.0,189.0,500.0,465.0	58.0,1672.0,61.0,1672.0
000058	1684	374	TP	0.8071198019491711	0.0	2.3706374344405026	0.01451814054083204	361.0,179.0,498.0,453.0	58.0,1684.0,61.0,1684.0
