#  Index into NumPy file "pose_data_ycbv-1-epos.npz".
#  Created at  6:50PM EDT on Sep 11, 2023
#    DATASET:   ycbv
#    OBJECT:    1
#    ESTIMATOR: epos
#  The errors reported in this file have taken discrete and continuous object symmetries into account.
#  Bounding boxes are recorded in pixel coordinates as ((upper-left x, y), (lower-right x, y)) with the origin in the upper-left.
#
#  When a row is marked as a TP, it does not necessarily mean that the bounding boxes overlap.
#  For each ground-truth instance, the prediction best overlapping that instance belongs to that ground-truth.
#  All TPs are in the corresponding *.npz file.
#
#  When a row is marked as a FN, it means that there is a ground-truth but the predictor failed to make a prediction at all.
#  FNs are NOT recorded in the *.npz at all.
#
#  When a row is marked as a FP, it means the predictor hallucinated; there is no corresponding ground-truth instance.
#  FPs are NOT recorded in the *.npz at all.
#
#  Scene  <t>  Frame  <t>  Index  <t>  Error cat.  <t>  Visibility ratio  <t>  Score  <t>  R_err(degrees)  <t>  t_err(meters)  <t>  Gr.Tr.BBox  <t>  Pred.BBox
000048	1	0	TP	0.9351437424685832	0.0	7.51283282655523	0.011872271395047299	206.0,126.0,338.0,320.0	48.0,1.0,49.0,1.0
000048	36	1	TP	0.9419062539695982	0.0	8.561916151975337	0.010342429216199388	186.0,122.0,318.0,316.0	48.0,36.0,49.0,36.0
000048	47	2	TP	0.9358348806079709	0.0	9.020464219297743	0.008067592090658729	216.0,122.0,346.0,314.0	48.0,47.0,49.0,47.0
000048	83	3	TP	0.9406132803882639	0.0	9.771526341105622	0.003909277889787822	244.0,133.0,371.0,322.0	48.0,83.0,49.0,83.0
000048	112	4	TP	0.939858016698665	0.0	9.000779701642301	0.005515032686872511	257.0,121.0,384.0,309.0	48.0,112.0,49.0,112.0
000048	1024	5	TP	0.8873319339649401	0.0	1.7174189540339784	0.017003594846180217	334.0,149.0,446.0,319.0	48.0,1024.0,49.0,1024.0
000048	1027	6	TP	0.885398454683887	0.0	1.9420359408905519	0.011626085606114389	346.0,155.0,459.0,325.0	48.0,1027.0,49.0,1027.0
000048	1059	7	TP	0.8828839057621345	0.0	1.4088377800891685	0.026463933439726015	354.0,138.0,470.0,308.0	48.0,1059.0,49.0,1059.0
000048	1074	8	TP	0.8815384615384615	0.0	1.8832684121202585	0.028898823369506197	332.0,170.0,444.0,337.0	48.0,1074.0,49.0,1074.0
000048	1075	9	TP	0.8834721976008982	0.0	0.9760686087032378	0.02442149712647469	332.0,165.0,444.0,332.0	48.0,1075.0,49.0,1075.0
000048	1083	10	TP	0.8847665555026203	0.0	1.6547038482033032	0.02298059500255108	340.0,164.0,453.0,330.0	48.0,1083.0,49.0,1083.0
000048	1087	11	TP	0.8806500150466446	0.0	3.2264105709732736	0.031131909888016222	338.0,170.0,451.0,335.0	48.0,1087.0,49.0,1087.0
000048	1090	12	TP	0.8795795613342244	0.0	2.461140550881909	0.03969431751881314	333.0,170.0,445.0,334.0	48.0,1090.0,49.0,1090.0
000048	1094	13	TP	0.8666297390448056	0.0	2.0661630064788534	0.02852872442723728	323.0,169.0,433.0,333.0	48.0,1094.0,49.0,1094.0
000048	1097	14	TP	0.8758403750077098	0.0	3.458222807658622	0.027820189736238166	326.0,167.0,435.0,330.0	48.0,1097.0,49.0,1097.0
000048	1103	15	TP	0.8769391775424772	0.0	2.253264688641082	0.02655704052469508	338.0,161.0,448.0,325.0	48.0,1103.0,49.0,1103.0
000048	1104	16	TP	0.8799335016316729	0.0	3.3579803218902575	0.03567518174521391	337.0,160.0,446.0,323.0	48.0,1104.0,49.0,1104.0
000048	1107	17	TP	0.8741955445544555	0.0	3.388824609937441	0.040281115840848085	335.0,157.0,444.0,320.0	48.0,1107.0,49.0,1107.0
000048	1113	18	TP	0.8727125606871654	0.0	3.587177451153301	0.04635626372347392	347.0,165.0,458.0,327.0	48.0,1113.0,49.0,1113.0
000048	1119	19	TP	0.8654233870967742	0.0	4.996242782804039	0.0487475242898844	352.0,162.0,463.0,323.0	48.0,1119.0,49.0,1119.0
000048	1120	20	TP	0.8688648853515255	0.0	4.743291882351085	0.043207291373408424	352.0,162.0,463.0,323.0	48.0,1120.0,49.0,1120.0
000048	1122	21	TP	0.8733198072533603	0.0	4.378883465005443	0.04615666268576596	353.0,162.0,463.0,323.0	48.0,1122.0,49.0,1122.0
000048	1124	22	TP	0.8703632642619595	0.0	3.4617413982111565	0.05646099678853645	352.0,160.0,461.0,320.0	48.0,1124.0,49.0,1124.0
000048	1126	23	TP	0.8698925423074448	0.0	3.0596400578296525	0.04616845066267215	352.0,161.0,461.0,320.0	48.0,1126.0,49.0,1126.0
000048	1128	24	TP	0.8662786938247656	0.0	5.542258344911526	0.06336395985569128	352.0,161.0,458.0,320.0	48.0,1128.0,49.0,1128.0
000048	1132	25	TP	0.8686980971686392	0.0	4.099880673294359	0.043478899050762666	350.0,168.0,456.0,325.0	48.0,1132.0,49.0,1132.0
000048	1133	26	TP	0.8648205262812521	0.0	3.288359064859178	0.0474143744489961	349.0,168.0,454.0,325.0	48.0,1133.0,49.0,1133.0
000048	1137	27	TP	0.8563857975622682	0.0	7.032598291904528	0.05355305193361314	343.0,171.0,447.0,328.0	48.0,1137.0,49.0,1137.0
000048	1540	28	TP	0.8075934230194319	0.0	3.072804218150565	0.0735740369367823	344.0,177.0,466.0,345.0	48.0,1540.0,49.0,1540.0
000048	1542	29	TP	0.7969591763438285	0.0	3.5651232249517615	0.0804852626072162	345.0,179.0,467.0,347.0	48.0,1542.0,49.0,1542.0
000048	1543	30	TP	0.8093697579678888	0.0	3.764472481152252	0.07543797256456612	343.0,182.0,466.0,350.0	48.0,1543.0,49.0,1543.0
000048	1568	31	TP	0.7958590628405376	0.0	1.7665936412796501	0.09643227275344005	332.0,202.0,456.0,369.0	48.0,1568.0,49.0,1568.0
000048	1569	32	TP	0.7889663534404365	0.0	3.0920728509122104	0.08707938019537462	332.0,202.0,455.0,369.0	48.0,1569.0,49.0,1569.0
000048	1571	33	TP	0.7892629663330301	0.0	1.1707909591709167	0.07706698476136116	333.0,205.0,457.0,372.0	48.0,1571.0,49.0,1571.0
000048	1572	34	TP	0.7956558670064312	0.0	2.753285346263883	0.07138089864938933	335.0,203.0,458.0,370.0	48.0,1572.0,49.0,1572.0
000048	1576	35	TP	0.7972792420745779	0.0	2.477802928911279	0.09335831577202278	340.0,214.0,464.0,381.0	48.0,1576.0,49.0,1576.0
000048	1577	36	TP	0.7971208163761161	0.0	2.9702693418023136	0.08472088820318138	341.0,215.0,465.0,382.0	48.0,1577.0,49.0,1577.0
000048	1579	37	TP	0.799453219927096	0.0	2.57047021480108	0.08320436320365646	341.0,214.0,464.0,381.0	48.0,1579.0,49.0,1579.0
000048	1580	38	TP	0.7955222972561903	0.0	2.225835762640908	0.08469895874876379	341.0,214.0,464.0,381.0	48.0,1580.0,49.0,1580.0
000048	1583	39	TP	0.7906552290563972	0.0	5.414504245413529	0.1036394900715742	343.0,216.0,465.0,383.0	48.0,1583.0,49.0,1583.0
000048	1586	40	TP	0.7963525835866262	0.0	2.92642974510079	0.10297960963520814	344.0,216.0,466.0,383.0	48.0,1586.0,49.0,1586.0
000048	1587	41	TP	0.7943822957198443	0.0	4.396854610072347	0.09599599837782097	344.0,215.0,467.0,382.0	48.0,1587.0,49.0,1587.0
000048	1588	42	TP	0.7910075444146994	0.0	3.8115120343749394	0.09847873090967574	342.0,218.0,466.0,385.0	48.0,1588.0,49.0,1588.0
000048	1589	43	TP	0.7839761528166443	0.0	1.2408761488423947	0.09435102578741782	341.0,219.0,465.0,386.0	48.0,1589.0,49.0,1589.0
000048	1597	44	TP	0.7943805093046034	0.0	0.7229870857544771	0.07487031446737923	334.0,236.0,457.0,402.0	48.0,1597.0,49.0,1597.0
000048	1605	45	TP	0.7933606407042856	0.0	1.8364837991032108	0.08648543072705385	349.0,221.0,472.0,387.0	48.0,1605.0,49.0,1605.0
000048	1608	46	TP	0.7987532848499664	0.0	2.6727171682319204	0.0770626074296374	351.0,218.0,474.0,384.0	48.0,1608.0,49.0,1608.0
000048	1609	47	TP	0.7951475890729084	0.0	1.9028364354823468	0.08677837595589222	352.0,216.0,473.0,382.0	48.0,1609.0,49.0,1609.0
000048	1611	48	TP	0.7862562721821075	0.0	2.6542828830447434	0.09119546385707904	349.0,216.0,471.0,382.0	48.0,1611.0,49.0,1611.0
000048	1619	49	TP	0.7827896444090826	0.0	4.194926262880026	0.0871478935728465	344.0,211.0,464.0,376.0	48.0,1619.0,49.0,1619.0
000048	1622	50	TP	0.7817659288247524	0.0	3.7443847834670128	0.08990482882981582	346.0,209.0,465.0,375.0	48.0,1622.0,49.0,1622.0
000048	1624	51	TP	0.780110159118727	0.0	2.4891130322414288	0.10199284287515901	347.0,210.0,466.0,375.0	48.0,1624.0,49.0,1624.0
000048	1626	52	TP	0.7769277845777234	0.0	4.88499004592138	0.09600609050130494	347.0,209.0,467.0,374.0	48.0,1626.0,49.0,1626.0
000048	1631	53	TP	0.7832713528013169	0.0	2.6382828390764015	0.08638950064320922	352.0,207.0,473.0,373.0	48.0,1631.0,49.0,1631.0
000048	1639	54	TP	0.7812405078670798	0.0	3.241889902460971	0.09250549300376874	357.0,213.0,478.0,378.0	48.0,1639.0,49.0,1639.0
000048	1641	55	TP	0.775375484496124	0.0	0.5554702200332592	0.08946312760876245	356.0,213.0,477.0,380.0	48.0,1641.0,49.0,1641.0
000048	1643	56	TP	0.7764370603929178	0.0	3.5261269989846022	0.09779051080276809	355.0,215.0,477.0,381.0	48.0,1643.0,49.0,1643.0
000048	1644	57	TP	0.7785467128027682	0.0	2.4788932074186683	0.08774315036871833	352.0,216.0,474.0,382.0	48.0,1644.0,49.0,1644.0
000048	1645	58	TP	0.7767450337160562	0.0	5.068897016538262	0.09440752504875141	352.0,215.0,473.0,381.0	48.0,1645.0,49.0,1645.0
000048	1648	59	TP	0.7694086152348504	0.0	5.3566249005776045	0.11006408050694938	349.0,215.0,471.0,381.0	48.0,1648.0,49.0,1648.0
000048	1649	60	TP	0.7796992023381842	0.0	4.465108758870313	0.10705793110602758	348.0,213.0,469.0,378.0	48.0,1649.0,49.0,1649.0
000048	1724	61	TP	0.7490143000058848	0.0	7.503587096232496	0.08198932116664982	342.0,187.0,458.0,354.0	48.0,1724.0,49.0,1724.0
000048	1874	62	TP	0.6996049512773242	0.0	8.360957502317216	0.0650736458204957	312.0,154.0,428.0,328.0	48.0,1874.0,49.0,1874.0
000048	2040	63	TP	0.6774305555555555	0.0	9.293052487642413	0.07619169414722822	338.0,149.0,466.0,340.0	48.0,2040.0,49.0,2040.0
000048	2050	64	TP	0.6843105085916588	0.0	7.555449398623205	0.07124662101034185	337.0,157.0,465.0,348.0	48.0,2050.0,49.0,2050.0
000048	2051	65	TP	0.6785282953761215	0.0	9.83692851856943	0.06644989810576765	337.0,157.0,465.0,349.0	48.0,2051.0,49.0,2051.0
000048	2066	66	TP	0.6762038574530591	0.0	6.80075042241083	0.06898076023794282	334.0,149.0,463.0,342.0	48.0,2066.0,49.0,2066.0
000048	2069	67	TP	0.6882400373466876	0.0	6.79246757446275	0.05892567914140039	332.0,146.0,461.0,339.0	48.0,2069.0,49.0,2069.0
000048	2070	68	TP	0.675186503899627	0.0	7.289750953352677	0.05796984938401907	333.0,145.0,462.0,339.0	48.0,2070.0,49.0,2070.0
000048	2083	69	TP	0.6779372718221042	0.0	8.69530660628053	0.06195590914739007	338.0,144.0,468.0,339.0	48.0,2083.0,49.0,2083.0
000048	2090	70	TP	0.6842887824219396	0.0	9.754453597503309	0.06573411166030362	330.0,140.0,460.0,336.0	48.0,2090.0,49.0,2090.0
000048	2104	71	TP	0.6737533979794701	0.0	7.169890982055687	0.05714052601187817	332.0,136.0,464.0,334.0	48.0,2104.0,49.0,2104.0
000048	2133	72	TP	0.673501391774807	0.0	7.085226044457389	0.07071968024138531	341.0,135.0,475.0,336.0	48.0,2133.0,49.0,2133.0
000048	2144	73	TP	0.6731488984064513	0.0	6.082627551793548	0.06680037193654738	338.0,138.0,473.0,341.0	48.0,2144.0,49.0,2144.0
000048	2160	74	TP	0.6777479080686077	0.0	6.617082916165444	0.05937562090320027	344.0,132.0,481.0,337.0	48.0,2160.0,49.0,2160.0
000051	1	75	TP	0.9009591791211242	0.0	3.361450650536656	0.033144962297924976	301.0,150.0,412.0,328.0	51.0,1.0,52.0,1.0
000051	35	76	TP	0.9010710259301015	0.0	3.8136781022907402	0.030534362289955732	308.0,168.0,418.0,345.0	51.0,35.0,52.0,35.0
000051	56	77	TP	0.8961488287675118	0.0	4.340323109497857	0.033146250117844035	297.0,171.0,408.0,348.0	51.0,56.0,52.0,56.0
000051	83	78	TP	0.8990799796805328	0.0	3.7762831084994075	0.028597700656050086	288.0,157.0,400.0,334.0	51.0,83.0,52.0,83.0
000051	100	79	TP	0.8989950316169828	0.0	4.063530938621902	0.02754105039400764	291.0,146.0,403.0,323.0	51.0,100.0,52.0,100.0
000051	116	80	TP	0.8975029861782606	0.0	2.8885365600628066	0.02659391279399452	301.0,135.0,412.0,312.0	51.0,116.0,52.0,116.0
000051	138	81	TP	0.8946804913783388	0.0	2.739330683392366	0.027509579171595196	315.0,112.0,426.0,289.0	51.0,138.0,52.0,138.0
000051	169	82	TP	0.8957741773843327	0.0	3.250546059626342	0.02709771692636588	318.0,116.0,430.0,295.0	51.0,169.0,52.0,169.0
000051	240	83	TP	0.8823967889908257	0.0	2.6821112101214575	0.02895884869423529	351.0,154.0,460.0,330.0	51.0,240.0,52.0,240.0
000051	407	84	TP	0.8659575718399248	0.0	3.313373037173025	0.025709373090235167	338.0,151.0,450.0,325.0	51.0,407.0,52.0,407.0
000051	515	85	TP	0.8588613625535969	0.0	3.4141709321137754	0.026490609739493593	347.0,167.0,456.0,339.0	51.0,515.0,52.0,515.0
000051	520	86	TP	0.8523860398860399	0.0	2.210113235790805	0.017193659339679746	352.0,166.0,462.0,338.0	51.0,520.0,52.0,520.0
000051	532	87	TP	0.8536916715888955	0.0	3.324821781584281	0.020457853315386264	355.0,169.0,466.0,342.0	51.0,532.0,52.0,532.0
000051	546	88	TP	0.8482661503256469	0.0	3.5805553502869416	0.025053896439286804	364.0,169.0,477.0,343.0	51.0,546.0,52.0,546.0
000051	553	89	TP	0.84779299847793	0.0	2.786168557003595	0.021226107429187655	359.0,171.0,472.0,345.0	51.0,553.0,52.0,553.0
000051	571	90	TP	0.8439092172301992	0.0	2.5630379705827635	0.01677769444677163	362.0,177.0,476.0,352.0	51.0,571.0,52.0,571.0
000051	582	91	TP	0.8498010036338467	0.0	3.1791224630144588	0.02410891499237554	362.0,197.0,477.0,372.0	51.0,582.0,52.0,582.0
000051	601	92	TP	0.8488358822186716	0.0	2.229879210894535	0.01626561601874462	366.0,191.0,483.0,367.0	51.0,601.0,52.0,601.0
000051	611	93	TP	0.8455836586883947	0.0	2.520319506656202	0.017410851927207396	365.0,188.0,483.0,364.0	51.0,611.0,52.0,611.0
000051	618	94	TP	0.8475376658421407	0.0	2.3063368285995045	0.014527928561719748	362.0,182.0,481.0,359.0	51.0,618.0,52.0,618.0
000051	636	95	TP	0.838203731220076	0.0	1.510365111728169	0.010238656141075199	366.0,194.0,488.0,373.0	51.0,636.0,52.0,636.0
000051	637	96	TP	0.8390501319261213	0.0	2.4086156054203456	0.012781724721260351	367.0,194.0,489.0,373.0	51.0,637.0,52.0,637.0
000051	649	97	TP	0.8421658986175116	0.0	1.959958514963748	0.009408565431773886	351.0,188.0,475.0,367.0	51.0,649.0,52.0,649.0
000051	654	98	TP	0.8448633879781421	0.0	2.648824432198221	0.01754215816356929	354.0,187.0,477.0,367.0	51.0,654.0,52.0,654.0
000051	669	99	TP	0.8438274932614556	0.0	2.001164355430021	0.014196695677815879	357.0,199.0,482.0,380.0	51.0,669.0,52.0,669.0
000051	672	100	TP	0.8390921772722395	0.0	1.9167735028476693	0.015154902795477323	362.0,200.0,487.0,381.0	51.0,672.0,52.0,672.0
000051	675	101	TP	0.837767094017094	0.0	1.8501300219505006	0.009835523134930298	365.0,197.0,490.0,379.0	51.0,675.0,52.0,675.0
000051	681	102	TP	0.8376585469405085	0.0	1.5371049413376245	0.010224005008453486	366.0,196.0,491.0,378.0	51.0,681.0,52.0,681.0
000051	685	103	TP	0.8381933438985737	0.0	1.747167519277816	0.008318324099507949	364.0,196.0,490.0,379.0	51.0,685.0,52.0,685.0
000051	694	104	TP	0.8354735573143246	0.0	1.8506901229120951	0.015076434023234676	360.0,196.0,486.0,380.0	51.0,694.0,52.0,694.0
000051	698	105	TP	0.8379169716616125	0.0	1.9644574352538102	0.013360402195393906	359.0,191.0,485.0,375.0	51.0,698.0,52.0,698.0
000051	780	106	TP	0.831006831006831	0.0	2.321472428146173	0.01274910479120249	352.0,191.0,482.0,379.0	51.0,780.0,52.0,780.0
000051	946	107	TP	0.8100099493878964	0.0	2.0092427228301073	0.01812755402355169	368.0,177.0,510.0,377.0	51.0,946.0,52.0,946.0
000051	1038	108	TP	0.8240763396134083	0.0	1.5445445878429738	0.020411840588953754	383.0,177.0,528.0,382.0	51.0,1038.0,52.0,1038.0
000051	1045	109	TP	0.8109932105541326	0.0	2.368826666903264	0.024422872372644282	382.0,175.0,527.0,381.0	51.0,1045.0,52.0,1045.0
000051	1057	110	TP	0.8041779685032995	0.0	2.799838148289845	0.020454825169117636	382.0,167.0,527.0,373.0	51.0,1057.0,52.0,1057.0
000051	1063	111	TP	0.7987269357827733	0.0	2.4136486404665085	0.017953921215855862	383.0,168.0,528.0,374.0	51.0,1063.0,52.0,1063.0
000051	1076	112	TP	0.8058743822732345	0.0	1.6949192544997316	0.019516403615166867	387.0,180.0,531.0,386.0	51.0,1076.0,52.0,1076.0
000051	1080	113	TP	0.8024853626478672	0.0	2.2394172189694777	0.017079526778278155	386.0,175.0,529.0,382.0	51.0,1080.0,52.0,1080.0
000051	1091	114	TP	0.7969630369630369	0.0	1.4593058520540816	0.01692345819197204	372.0,168.0,514.0,374.0	51.0,1091.0,52.0,1091.0
000051	1092	115	TP	0.8017978425888933	0.0	1.7574830556058287	0.01513168041362194	371.0,166.0,513.0,372.0	51.0,1092.0,52.0,1092.0
000051	1110	116	TP	0.8035472838622445	0.0	2.761704338992079	0.019884623317898	361.0,163.0,504.0,370.0	51.0,1110.0,52.0,1110.0
000051	1111	117	TP	0.8236300007953551	0.0	2.5711821274397284	0.02203789160496619	361.0,162.0,504.0,369.0	51.0,1111.0,52.0,1111.0
000051	1149	118	TP	0.8023107569721115	0.0	2.4454482618567477	0.020086359481162653	351.0,156.0,496.0,362.0	51.0,1149.0,52.0,1149.0
000051	1150	119	TP	0.7998326293137802	0.0	3.0527666515004843	0.023449595219918004	351.0,156.0,496.0,363.0	51.0,1150.0,52.0,1150.0
000051	1160	120	TP	0.7985187544795731	0.0	1.7640653755084288	0.019920337176809636	349.0,157.0,496.0,364.0	51.0,1160.0,52.0,1160.0
000051	1182	121	TP	0.8106042793322361	0.0	3.014352551870242	0.0261315771547732	374.0,161.0,521.0,369.0	51.0,1182.0,52.0,1182.0
000051	1220	122	TP	0.8131667055983804	0.0	3.4246644835233697	0.023436550663851634	373.0,178.0,521.0,387.0	51.0,1220.0,52.0,1220.0
000051	1528	123	TP	0.8080876539026319	0.0	4.254620419838222	0.030597986274942236	356.0,157.0,499.0,369.0	51.0,1528.0,52.0,1528.0
000051	1536	124	TP	0.8076594480145611	0.0	3.408390180395179	0.03238973028832881	358.0,156.0,500.0,369.0	51.0,1536.0,52.0,1536.0
000051	1545	125	TP	0.8251175433441081	0.0	3.608540756158913	0.03019349385421189	361.0,169.0,504.0,384.0	51.0,1545.0,52.0,1545.0
000051	1566	126	TP	0.8207523352688715	0.0	3.5011120937956584	0.03475849899973519	368.0,166.0,514.0,383.0	51.0,1566.0,52.0,1566.0
000051	1571	127	TP	0.8145557588148786	0.0	3.3694770963890273	0.027622414047131214	370.0,169.0,517.0,387.0	51.0,1571.0,52.0,1571.0
000051	1584	128	TP	0.8070716742915913	0.0	3.3520044010874486	0.03280386236924039	372.0,162.0,521.0,381.0	51.0,1584.0,52.0,1584.0
000051	1588	129	TP	0.814813507886658	0.0	3.2508228980406435	0.02944675281619586	371.0,154.0,521.0,374.0	51.0,1588.0,52.0,1588.0
000051	1603	130	TP	0.8065544547667204	0.0	3.5307324212876217	0.032289563392027425	383.0,137.0,538.0,361.0	51.0,1603.0,52.0,1603.0
000051	1611	131	TP	0.8094056039173014	0.0	4.570095400747148	0.037970297488464845	376.0,133.0,534.0,358.0	51.0,1611.0,52.0,1611.0
000051	1617	132	TP	0.8042639593908629	0.0	3.9624717543171526	0.029320829394264423	374.0,130.0,532.0,355.0	51.0,1617.0,52.0,1617.0
000051	1628	133	TP	0.8022400534938148	0.0	3.9770944830784454	0.026476611476122163	388.0,143.0,548.0,370.0	51.0,1628.0,52.0,1628.0
000051	1629	134	TP	0.8065529923102641	0.0	3.78972255518194	0.030205470950252847	389.0,145.0,549.0,372.0	51.0,1629.0,52.0,1629.0
000051	1645	135	TP	0.8271556256572029	0.0	5.358093567540009	0.032306102835493206	401.0,144.0,563.0,374.0	51.0,1645.0,52.0,1645.0
000051	1650	136	TP	0.8222026661451712	0.0	3.8492658388134684	0.02724480053384695	404.0,142.0,566.0,372.0	51.0,1650.0,52.0,1650.0
000051	1673	137	TP	0.8179026850894507	0.0	3.9009615460192406	0.024148486023634657	439.0,140.0,604.0,374.0	51.0,1673.0,52.0,1673.0
000051	1674	138	TP	0.8120799074624065	0.0	3.5285467669031596	0.026907112486124814	443.0,141.0,608.0,375.0	51.0,1674.0,52.0,1674.0
000051	1687	139	TP	0.8191182782512723	0.0	4.102056721284223	0.02642257761975243	444.0,136.0,611.0,373.0	51.0,1687.0,52.0,1687.0
000051	1693	140	TP	0.8135562198767616	0.0	4.755292954954494	0.023294743373944854	445.0,140.0,614.0,378.0	51.0,1693.0,52.0,1693.0
000051	1698	141	TP	0.8087949465500486	0.0	4.507943998397253	0.020996262323351268	446.0,143.0,615.0,381.0	51.0,1698.0,52.0,1698.0
000051	1699	142	TP	0.7969441581276905	0.0	4.71045636775956	0.026118491270627858	446.0,144.0,615.0,382.0	51.0,1699.0,52.0,1699.0
000051	1700	143	TP	0.809965167348175	0.0	5.302071862303708	0.025387474287248416	446.0,146.0,615.0,384.0	51.0,1700.0,52.0,1700.0
000051	1708	144	TP	0.8051859128933345	0.0	4.198071057757961	0.02256251913615681	451.0,140.0,622.0,380.0	51.0,1708.0,52.0,1708.0
000051	1709	145	TP	0.8070342205323194	0.0	4.215338455324878	0.019748671931914465	451.0,139.0,623.0,379.0	51.0,1709.0,52.0,1709.0
000051	1715	146	TP	0.8072738024837375	0.0	4.231211791844604	0.02217343921280834	450.0,141.0,621.0,382.0	51.0,1715.0,52.0,1715.0
000051	1717	147	TP	0.8050757217226692	0.0	4.246380569503213	0.020955073738818556	448.0,143.0,619.0,384.0	51.0,1717.0,52.0,1717.0
000051	1729	148	TP	0.8078840851762773	0.0	3.9226536008557233	0.023054040322727627	448.0,156.0,621.0,399.0	51.0,1729.0,52.0,1729.0
000051	1927	149	TP	0.8218841633041778	0.0	3.159713510414242	0.013480452439770503	365.0,121.0,544.0,384.0	51.0,1927.0,52.0,1927.0
000055	22	150	TP	0.9933314809669352	0.0	15.51305339928806	0.009313819874901229	360.0,268.0,489.0,467.0	55.0,22.0,56.0,22.0
000055	42	151	TP	0.9951984055082442	0.0	15.640772817254714	0.0055082584209854395	388.0,274.0,518.0,475.0	55.0,42.0,56.0,42.0
000055	49	152	TP	0.9930565010211028	0.0	16.86648234114629	0.013359966200291899	393.0,265.0,525.0,466.0	55.0,49.0,56.0,49.0
000055	62	153	TP	0.9942455822383326	0.0	16.018741298743446	0.01474334264835985	385.0,245.0,521.0,446.0	55.0,62.0,56.0,62.0
000055	89	154	TP	0.9962700661000944	0.0	14.93142748651117	0.011653288412903192	355.0,256.0,486.0,453.0	55.0,89.0,56.0,89.0
000055	100	155	TP	0.9946823663469756	0.0	15.717310255717624	0.01348559995644762	349.0,261.0,481.0,457.0	55.0,100.0,56.0,100.0
000055	128	156	TP	0.9937329186693055	0.0	14.976511939689233	0.007667847313499388	287.0,240.0,410.0,437.0	55.0,128.0,56.0,128.0
000055	205	157	TP	0.9939181717655732	0.0	15.71480928277665	0.011757912861325872	315.0,242.0,443.0,441.0	55.0,205.0,56.0,205.0
000055	360	158	TP	0.9956390821306199	0.0	14.706142417239791	0.011783934685159788	374.0,241.0,498.0,427.0	55.0,360.0,56.0,360.0
000055	454	159	TP	0.9896140811194928	0.0	13.428084559477046	0.017191515488296793	416.0,267.0,538.0,448.0	55.0,454.0,56.0,454.0
000055	512	160	TP	0.9917010073260073	0.0	14.59710285066419	0.010502139891670913	397.0,250.0,515.0,426.0	55.0,512.0,56.0,512.0
000055	513	161	TP	0.9933623254749371	0.0	14.619019351246253	0.01407103882151592	398.0,249.0,516.0,426.0	55.0,513.0,56.0,513.0
000055	526	162	TP	0.9889092156414361	0.0	14.048193055784127	0.01388206402009337	399.0,246.0,518.0,423.0	55.0,526.0,56.0,526.0
000055	530	163	TP	0.9950654119807206	0.0	13.834389225690948	0.010801329110668015	393.0,245.0,512.0,421.0	55.0,530.0,56.0,530.0
000055	546	164	TP	0.9947829111355864	0.0	13.573857261805212	0.00730958872411788	371.0,236.0,489.0,412.0	55.0,546.0,56.0,546.0
000055	562	165	TP	0.9926126854042824	0.0	15.036071942771702	0.01760911357897138	380.0,242.0,499.0,418.0	55.0,562.0,56.0,562.0
000055	563	166	TP	0.9908854917796366	0.0	14.570412130324593	0.012574532620181638	383.0,241.0,503.0,417.0	55.0,563.0,56.0,563.0
000055	588	167	TP	0.9937942743399099	0.0	14.540415548585253	0.014681491864810606	357.0,252.0,476.0,427.0	55.0,588.0,56.0,588.0
000055	598	168	TP	0.9884699099947055	0.0	14.145628808380671	0.014658826068264137	365.0,247.0,483.0,421.0	55.0,598.0,56.0,598.0
000055	603	169	TP	0.9924621635946057	0.0	14.674948897143132	0.01614849767169459	365.0,247.0,484.0,421.0	55.0,603.0,56.0,603.0
000055	610	170	TP	0.9951144858437813	0.0	13.644845148053738	0.007094538170317536	369.0,247.0,489.0,421.0	55.0,610.0,56.0,610.0
000055	612	171	TP	0.9935248410642806	0.0	13.530509278528058	0.012258166340009069	371.0,246.0,491.0,421.0	55.0,612.0,56.0,612.0
000055	618	172	TP	0.9898408597099067	0.0	13.931318476021579	0.005990562242361766	372.0,254.0,492.0,428.0	55.0,618.0,56.0,618.0
000055	621	173	TP	0.9943589140909626	0.0	13.930397646237386	0.014409875991145668	368.0,259.0,487.0,433.0	55.0,621.0,56.0,621.0
000055	622	174	TP	0.9938884644766998	0.0	14.488166998617448	0.009855293326135769	368.0,260.0,487.0,434.0	55.0,622.0,56.0,622.0
000055	638	175	TP	0.9949710093480062	0.0	14.749452107026016	0.011329004556176967	353.0,260.0,472.0,434.0	55.0,638.0,56.0,638.0
000055	641	176	TP	0.9951418922921974	0.0	13.48900951144517	0.014166738340448948	351.0,260.0,470.0,434.0	55.0,641.0,56.0,641.0
000055	649	177	TP	0.9898923836137702	0.0	12.675912861928161	0.0037540109987638324	351.0,262.0,471.0,436.0	55.0,649.0,56.0,649.0
000055	654	178	TP	0.9970847215611613	0.0	12.960867732364623	0.004338613595630256	353.0,266.0,472.0,440.0	55.0,654.0,56.0,654.0
000055	663	179	TP	0.9915701988720689	0.0	13.461318404000027	0.014739288459138366	363.0,265.0,484.0,439.0	55.0,663.0,56.0,663.0
000055	793	180	TP	0.9965185099222468	0.0	12.41158963894408	0.011613683395695724	440.0,269.0,566.0,444.0	55.0,793.0,56.0,793.0
000055	920	181	TP	0.9958699264182292	0.0	13.905318875110444	0.006418777983330456	439.0,258.0,583.0,452.0	55.0,920.0,56.0,920.0
000055	1025	182	TP	0.9971138483739628	0.0	11.020898162925294	0.04140918892927803	407.0,238.0,543.0,424.0	55.0,1025.0,56.0,1025.0
000055	1038	183	TP	0.9946427651573688	0.0	9.320195814644613	0.030903800047600977	418.0,233.0,554.0,419.0	55.0,1038.0,56.0,1038.0
000055	1040	184	TP	0.9934633794842761	0.0	8.567455168676988	0.04440382001988855	422.0,233.0,558.0,419.0	55.0,1040.0,56.0,1040.0
000055	1041	185	TP	0.9955706633704161	0.0	11.438057158332787	0.030424438928294568	423.0,233.0,559.0,419.0	55.0,1041.0,56.0,1041.0
000055	1042	186	TP	0.9950581694636055	0.0	10.103910694322353	0.02384530877339733	424.0,234.0,560.0,419.0	55.0,1042.0,56.0,1042.0
000055	1044	187	TP	0.9960921431509667	0.0	9.356880987762946	0.026721974782974917	425.0,235.0,561.0,420.0	55.0,1044.0,56.0,1044.0
000055	1046	188	TP	0.9976370267632404	0.0	10.261600562887448	0.03565100695280953	426.0,236.0,562.0,422.0	55.0,1046.0,56.0,1046.0
000055	1048	189	TP	0.9980491811694645	0.0	10.786786016911453	0.030301151723503533	426.0,237.0,562.0,423.0	55.0,1048.0,56.0,1048.0
000055	1049	190	TP	0.9980502821959979	0.0	10.304262637409618	0.0397668983933206	427.0,238.0,563.0,424.0	55.0,1049.0,56.0,1049.0
000055	1053	191	TP	0.9944694797214256	0.0	9.713676582966569	0.04005258186676302	426.0,238.0,563.0,424.0	55.0,1053.0,56.0,1053.0
000055	1055	192	TP	0.9956041709261909	0.0	10.25046356505021	0.03897191196056734	427.0,237.0,564.0,423.0	55.0,1055.0,56.0,1055.0
000055	1064	193	TP	0.9954123763890305	0.0	10.352239480869532	0.0422345104752696	431.0,233.0,569.0,420.0	55.0,1064.0,56.0,1064.0
000055	1068	194	TP	0.9958702967268278	0.0	9.2103411175444	0.05171935578302978	432.0,232.0,569.0,419.0	55.0,1068.0,56.0,1068.0
000055	1088	195	TP	0.9965133569194483	0.0	10.931985622842976	0.05191751139548032	431.0,228.0,567.0,414.0	55.0,1088.0,56.0,1088.0
000055	1100	196	TP	0.9956687635351139	0.0	9.73584695073402	0.05570827386073725	427.0,223.0,562.0,408.0	55.0,1100.0,56.0,1100.0
000055	1103	197	TP	0.9965372887487726	0.0	10.327086864399146	0.06008907330468819	427.0,223.0,563.0,408.0	55.0,1103.0,56.0,1103.0
000055	1115	198	TP	0.9978247358607831	0.0	8.381974713519933	0.05605390492904754	426.0,216.0,561.0,401.0	55.0,1115.0,56.0,1115.0
000055	1120	199	TP	0.9973605216851258	0.0	8.723198733935781	0.05875628450917597	426.0,216.0,561.0,401.0	55.0,1120.0,56.0,1120.0
000055	1132	200	TP	0.9973002440164062	0.0	7.872358811774065	0.05672474366155648	424.0,216.0,557.0,400.0	55.0,1132.0,56.0,1132.0
000055	1136	201	TP	0.9976067842463971	0.0	6.376654257596122	0.07849425174585835	424.0,214.0,558.0,398.0	55.0,1136.0,56.0,1136.0
000055	1147	202	TP	0.9968273781661205	0.0	5.45239659578804	0.06698764609007173	420.0,208.0,553.0,392.0	55.0,1147.0,56.0,1147.0
000055	1151	203	TP	0.9959501557632399	0.0	4.756738980473097	0.05999479443795377	419.0,207.0,553.0,391.0	55.0,1151.0,56.0,1151.0
000055	1161	204	TP	0.9952827743507335	0.0	6.786240946000022	0.06977526104181933	415.0,207.0,549.0,392.0	55.0,1161.0,56.0,1161.0
000055	1164	205	TP	0.9965744537291742	0.0	7.2068653580133795	0.08417672665113568	416.0,209.0,550.0,394.0	55.0,1164.0,56.0,1164.0
000055	1176	206	TP	0.9983762832600042	0.0	8.190811890843456	0.06376308331225207	415.0,207.0,547.0,390.0	55.0,1176.0,56.0,1176.0
000055	1177	207	TP	0.9964855224506924	0.0	8.816583503301825	0.05320136496125563	415.0,207.0,547.0,390.0	55.0,1177.0,56.0,1177.0
000055	1189	208	TP	0.999366152545954	0.0	4.0658018287865465	0.04279446637976436	411.0,204.0,542.0,387.0	55.0,1189.0,56.0,1189.0
000055	1347	209	TP	0.9950230701436051	0.0	5.4110528978605945	0.04455966898701164	413.0,204.0,550.0,388.0	55.0,1347.0,56.0,1347.0
000055	1520	210	TP	0.9898887224481061	0.0	5.5946292183668	0.01020042850632649	438.0,178.0,564.0,356.0	55.0,1520.0,56.0,1520.0
000055	1543	211	TP	0.9942162480586944	0.0	6.49493532027122	0.015141401130720973	413.0,191.0,536.0,371.0	55.0,1543.0,56.0,1543.0
000055	1563	212	TP	0.9937231759656653	0.0	6.770775564024131	0.011609850419921096	416.0,189.0,539.0,367.0	55.0,1563.0,56.0,1563.0
000055	1567	213	TP	0.9922726053125839	0.0	6.872731297920878	0.012246903822603745	415.0,189.0,538.0,368.0	55.0,1567.0,56.0,1567.0
000055	1585	214	TP	0.9891830804003875	0.0	5.848868600700674	0.014126159047740693	422.0,186.0,547.0,365.0	55.0,1585.0,56.0,1585.0
000055	1592	215	TP	0.9916756756756757	0.0	5.021666872121256	0.010229269583610402	428.0,184.0,555.0,362.0	55.0,1592.0,56.0,1592.0
000055	1603	216	TP	0.9915897992403689	0.0	4.289928013752341	0.010855761157485365	441.0,182.0,570.0,359.0	55.0,1603.0,56.0,1603.0
000055	1604	217	TP	0.9897981332754504	0.0	8.203768942375568	0.011049775216886293	444.0,181.0,572.0,359.0	55.0,1604.0,56.0,1604.0
000055	1609	218	TP	0.9861557747860685	0.0	6.116877861663227	0.009325969859876243	453.0,181.0,583.0,358.0	55.0,1609.0,56.0,1609.0
000055	1612	219	TP	0.987246566383257	0.0	6.459970302710737	0.006580718899625912	456.0,184.0,586.0,361.0	55.0,1612.0,56.0,1612.0
000055	1625	220	TP	0.9888025221503506	0.0	5.39017039000492	0.014548759244143797	446.0,191.0,576.0,369.0	55.0,1625.0,56.0,1625.0
000055	1632	221	TP	0.9880099826388888	0.0	6.381819766617971	0.01296818351915944	451.0,190.0,580.0,367.0	55.0,1632.0,56.0,1632.0
000055	1643	222	TP	0.9887725768834409	0.0	4.592867136238893	0.012543576907322463	448.0,196.0,579.0,374.0	55.0,1643.0,56.0,1643.0
000055	1666	223	TP	0.9911284215081684	0.0	6.921780198920602	0.014772882974815445	456.0,210.0,588.0,388.0	55.0,1666.0,56.0,1666.0
000055	1717	224	TP	0.9858936681806038	0.0	8.228668316721409	0.008085327812720932	454.0,218.0,589.0,397.0	55.0,1717.0,56.0,1717.0
000056	1	225	TP	0.8586212202816035	0.0	70.34932187359395	0.07648214127957188	138.0,165.0,272.0,376.0	56.0,1.0,57.0,1.0
000056	24	226	TP	0.8449570400185773	0.0	9.828522447983843	0.022984631169194712	148.0,171.0,282.0,381.0	56.0,24.0,57.0,24.0
000056	32	227	TP	0.8436662913932994	0.0	66.12076422186244	0.07578957113240388	160.0,173.0,293.0,383.0	56.0,32.0,57.0,32.0
000056	39	228	TP	0.85368519675203	0.0	4.637156579575506	0.026635418531847803	166.0,175.0,299.0,385.0	56.0,39.0,57.0,39.0
000056	46	229	TP	0.85786782061369	0.0	23.01685377116608	0.07770359756140172	167.0,177.0,299.0,386.0	56.0,46.0,57.0,46.0
000056	53	230	TP	0.8632858604138799	0.0	2.3825862461142995	0.033857682508681035	168.0,172.0,301.0,381.0	56.0,53.0,57.0,53.0
000056	62	231	TP	0.8731357966395152	0.0	20.473413168986713	0.04120204941419833	168.0,173.0,302.0,382.0	56.0,62.0,57.0,62.0
000056	75	232	TP	0.8901332912690275	0.0	26.06523315772092	0.054162939884846696	157.0,173.0,290.0,381.0	56.0,75.0,57.0,75.0
000056	85	233	TP	0.8840700583819849	0.0	4.342915079573965	0.04155882105488208	160.0,174.0,294.0,382.0	56.0,85.0,57.0,85.0
000056	98	234	TP	0.8913674499980119	0.0	2.5542062705860533	0.03564292742032836	164.0,163.0,298.0,371.0	56.0,98.0,57.0,98.0
000056	104	235	TP	0.8974736423314104	0.0	14.166821675065822	0.05436671260678271	176.0,160.0,310.0,368.0	56.0,104.0,57.0,104.0
000056	107	236	TP	0.8976252879040585	0.0	5.696802018918797	0.05024404210915757	180.0,158.0,315.0,366.0	56.0,107.0,57.0,107.0
000056	116	237	TP	0.9049322363975995	0.0	11.947189930141104	0.06257670181262455	188.0,154.0,322.0,361.0	56.0,116.0,57.0,116.0
000056	119	238	TP	0.9079386522568341	0.0	6.692548080293548	0.053195788710120276	192.0,152.0,327.0,360.0	56.0,119.0,57.0,119.0
000056	128	239	TP	0.9179629998010742	0.0	12.234508033298939	0.08012737159918028	196.0,153.0,331.0,361.0	56.0,128.0,57.0,128.0
000056	132	240	TP	0.9211448133110421	0.0	11.898914245504047	0.07796184138535416	195.0,148.0,331.0,356.0	56.0,132.0,57.0,132.0
000056	140	241	TP	0.9261763652997096	0.0	22.43701451146129	0.04465894211352749	201.0,151.0,338.0,359.0	56.0,140.0,57.0,140.0
000056	143	242	TP	0.9286594332498709	0.0	14.964544344656506	0.054490503103644394	205.0,154.0,343.0,363.0	56.0,143.0,57.0,143.0
000056	254	243	TP	0.9679019203301064	0.0	13.25189586413184	0.07489696094791132	181.0,177.0,313.0,386.0	56.0,254.0,57.0,254.0
000056	357	244	TP	0.9902294698455293	0.0	9.86636049464315	0.01949719212006851	131.0,183.0,273.0,408.0	56.0,357.0,57.0,357.0
000056	498	245	TP	0.9926430331234601	0.0	9.155593711823059	0.0044938133405230535	116.0,185.0,259.0,410.0	56.0,498.0,57.0,498.0
000056	515	246	TP	0.9953179478665117	0.0	9.060185891082696	0.003000481013746843	119.0,176.0,264.0,405.0	56.0,515.0,57.0,515.0
000056	517	247	TP	0.9941190074999174	0.0	8.947416226619076	0.0025528685543868145	119.0,175.0,264.0,405.0	56.0,517.0,57.0,517.0
000056	522	248	TP	0.994969091148231	0.0	10.525727822440249	0.0038495378749135766	110.0,174.0,256.0,404.0	56.0,522.0,57.0,522.0
000056	527	249	TP	0.9929935884724701	0.0	9.39312258763444	0.001159177226103657	127.0,176.0,272.0,405.0	56.0,527.0,57.0,527.0
000056	535	250	TP	0.9937423479798667	0.0	8.176066597717037	0.002537487843277698	152.0,191.0,294.0,417.0	56.0,535.0,57.0,535.0
000056	538	251	TP	0.9933142311365807	0.0	7.888531150579061	0.0031741485859928865	151.0,197.0,294.0,423.0	56.0,538.0,57.0,538.0
000056	551	252	TP	0.9938745311263292	0.0	7.647464054149941	0.004605624240390532	153.0,196.0,294.0,422.0	56.0,551.0,57.0,551.0
000056	553	253	TP	0.991961913961431	0.0	8.353712562375083	0.0022855850159645657	155.0,193.0,297.0,418.0	56.0,553.0,57.0,553.0
000056	559	254	TP	0.9949748743718593	0.0	8.55046054021877	0.001541677639328873	169.0,186.0,309.0,410.0	56.0,559.0,57.0,559.0
000056	563	255	TP	0.9957098146780603	0.0	8.026439185021369	0.005339399867006992	176.0,182.0,316.0,404.0	56.0,563.0,57.0,563.0
000056	567	256	TP	0.9932341955035591	0.0	7.736691023104182	0.005505729091883471	183.0,179.0,323.0,401.0	56.0,567.0,57.0,567.0
000056	570	257	TP	0.9911520022560631	0.0	7.8956987109981185	0.0022082836885620755	189.0,176.0,329.0,398.0	56.0,570.0,57.0,570.0
000056	575	258	TP	0.9951992657700589	0.0	6.958148459272788	0.0009350372875113434	196.0,181.0,336.0,403.0	56.0,575.0,57.0,575.0
000056	578	259	TP	0.9943492848313614	0.0	6.919585190838329	0.0032910985505565037	197.0,183.0,336.0,405.0	56.0,578.0,57.0,578.0
000056	587	260	TP	0.9967149896450761	0.0	6.680066076153681	0.0036072997860389457	199.0,190.0,338.0,411.0	56.0,587.0,57.0,587.0
000056	589	261	TP	0.9954517781040719	0.0	6.003336340111544	0.004336800520783573	194.0,191.0,333.0,412.0	56.0,589.0,57.0,589.0
000056	596	262	TP	0.9943359233171157	0.0	5.964394421217283	0.00630489800399545	197.0,191.0,336.0,410.0	56.0,596.0,57.0,596.0
000056	598	263	TP	0.9922339300689103	0.0	5.405908379738124	0.005872338521345533	201.0,188.0,341.0,407.0	56.0,598.0,57.0,598.0
000056	601	264	TP	0.9950455079271873	0.0	4.938171705069608	0.006408970976289266	204.0,188.0,343.0,406.0	56.0,601.0,57.0,601.0
000056	603	265	TP	0.99639374425023	0.0	5.2921004583079565	0.0068070056404999245	203.0,188.0,343.0,406.0	56.0,603.0,57.0,603.0
000056	604	266	TP	0.9944692304856015	0.0	6.6511217668451055	0.0058044257473117995	202.0,188.0,341.0,405.0	56.0,604.0,57.0,604.0
000056	608	267	TP	0.9953379953379954	0.0	6.237985917937954	0.002851290043642286	195.0,187.0,334.0,404.0	56.0,608.0,57.0,608.0
000056	628	268	TP	0.9945680289705121	0.0	6.334800733444987	0.005656275895700151	175.0,180.0,312.0,397.0	56.0,628.0,57.0,628.0
000056	631	269	TP	0.9950167952456536	0.0	6.815901405799976	0.005646052354356637	181.0,179.0,318.0,396.0	56.0,631.0,57.0,631.0
000056	634	270	TP	0.9959052678176185	0.0	5.249658928402368	0.005054570393673181	184.0,178.0,321.0,395.0	56.0,634.0,57.0,634.0
000056	644	271	TP	0.9925364903121439	0.0	6.096259608002868	0.0051139787960533456	188.0,182.0,325.0,399.0	56.0,644.0,57.0,644.0
000056	653	272	TP	0.9958356164383562	0.0	6.0064774934870275	0.003643478264735391	189.0,185.0,326.0,403.0	56.0,653.0,57.0,653.0
000056	753	273	TP	0.9963986731953878	0.0	3.940463211830615	0.004418425970102499	177.0,198.0,325.0,434.0	56.0,753.0,57.0,753.0
000056	956	274	TP	0.9905243763343374	0.0	3.099401030417672	0.007364015402498253	138.0,188.0,300.0,435.0	56.0,956.0,57.0,956.0
000056	1025	275	TP	0.9957724254964423	0.0	2.7634097647554023	0.0038011509373207385	150.0,187.0,316.0,432.0	56.0,1025.0,57.0,1025.0
000056	1028	276	TP	0.9928312213695044	0.0	3.4228844273907897	0.0028119383732974914	145.0,191.0,311.0,436.0	56.0,1028.0,57.0,1028.0
000056	1036	277	TP	0.9911185367569468	0.0	2.2439345789946508	0.006828446483988102	133.0,190.0,298.0,437.0	56.0,1036.0,57.0,1036.0
000056	1037	278	TP	0.9926270516984113	0.0	3.1315185523729543	0.004387847184021186	132.0,189.0,298.0,436.0	56.0,1037.0,57.0,1037.0
000056	1044	279	TP	0.9929661386426392	0.0	2.5639755497053085	0.004139948013198606	137.0,190.0,301.0,437.0	56.0,1044.0,57.0,1044.0
000056	1046	280	TP	0.9933069491328134	0.0	2.7413041111283376	0.003257345300383421	142.0,193.0,305.0,440.0	56.0,1046.0,57.0,1046.0
000056	1047	281	TP	0.9925751222921034	0.0	3.347704598873505	0.002749113400246502	144.0,195.0,307.0,442.0	56.0,1047.0,57.0,1047.0
000056	1048	282	TP	0.9937051932155971	0.0	2.635314014136545	0.0036560872437379427	146.0,197.0,308.0,444.0	56.0,1048.0,57.0,1048.0
000056	1049	283	TP	0.9942837144190387	0.0	2.642814358877658	0.005062768434163656	148.0,198.0,309.0,445.0	56.0,1049.0,57.0,1049.0
000056	1054	284	TP	0.9948131868131869	0.0	1.9023197266022538	0.006216951931731219	158.0,197.0,319.0,443.0	56.0,1054.0,57.0,1054.0
000056	1062	285	TP	0.9926463994260605	0.0	2.381578200682817	0.007223760015314747	177.0,196.0,334.0,440.0	56.0,1062.0,57.0,1062.0
000056	1064	286	TP	0.9944952472626639	0.0	2.8917431529891933	0.005720540325659378	181.0,196.0,338.0,439.0	56.0,1064.0,57.0,1064.0
000056	1070	287	TP	0.9935278058955247	0.0	2.542932299455865	0.006392445655330059	185.0,200.0,339.0,441.0	56.0,1070.0,57.0,1070.0
000056	1071	288	TP	0.9926742181728638	0.0	2.4341598509829576	0.006679084767093323	185.0,203.0,339.0,443.0	56.0,1071.0,57.0,1071.0
000056	1078	289	TP	0.9935205862925801	0.0	2.571263512625996	0.00825244276527683	185.0,209.0,338.0,447.0	56.0,1078.0,57.0,1078.0
000056	1087	290	TP	0.9927543201564554	0.0	2.2726468883094766	0.013847622129883662	193.0,204.0,344.0,439.0	56.0,1087.0,57.0,1087.0
000056	1097	291	TP	0.9923861143373338	0.0	3.0232035371781896	0.009712240018391684	186.0,191.0,335.0,425.0	56.0,1097.0,57.0,1097.0
000056	1108	292	TP	0.9924562658515965	0.0	3.340649272225598	0.009251749321442937	200.0,185.0,347.0,419.0	56.0,1108.0,57.0,1108.0
000056	1116	293	TP	0.992194418024991	0.0	2.1905838863620706	0.009676094825888415	202.0,188.0,347.0,421.0	56.0,1116.0,57.0,1116.0
000056	1124	294	TP	0.9900986820319226	0.0	2.7742573138529316	0.01422033489099489	212.0,185.0,356.0,416.0	56.0,1124.0,57.0,1124.0
000056	1135	295	TP	0.9937497911026438	0.0	2.696823863871305	0.00950366907132308	179.0,178.0,323.0,408.0	56.0,1135.0,57.0,1135.0
000056	1146	296	TP	0.9913011598453539	0.0	2.754225111841671	0.008435224092204674	185.0,184.0,329.0,415.0	56.0,1146.0,57.0,1146.0
000056	1158	297	TP	0.9923451401712271	0.0	1.7584259493356584	0.010103493465664476	199.0,179.0,343.0,408.0	56.0,1158.0,57.0,1158.0
000056	1171	298	TP	0.9905579984320142	0.0	1.9135100355763706	0.010000724260269506	202.0,188.0,345.0,415.0	56.0,1171.0,57.0,1171.0
000056	1202	299	TP	0.9918495519017713	0.0	2.198876421456153	0.009080161632237668	204.0,181.0,344.0,404.0	56.0,1202.0,57.0,1202.0
