#  Index into NumPy file "pose_data_ycbv-9-epos.npz".
#  Created at  6:51PM EDT on Sep 11, 2023
#    DATASET:   ycbv
#    OBJECT:    9
#    ESTIMATOR: epos
#  The errors reported in this file have taken discrete and continuous object symmetries into account.
#  Bounding boxes are recorded in pixel coordinates as ((upper-left x, y), (lower-right x, y)) with the origin in the upper-left.
#
#  When a row is marked as a TP, it does not necessarily mean that the bounding boxes overlap.
#  For each ground-truth instance, the prediction best overlapping that instance belongs to that ground-truth.
#  All TPs are in the corresponding *.npz file.
#
#  When a row is marked as a FN, it means that there is a ground-truth but the predictor failed to make a prediction at all.
#  FNs are NOT recorded in the *.npz at all.
#
#  When a row is marked as a FP, it means the predictor hallucinated; there is no corresponding ground-truth instance.
#  FPs are NOT recorded in the *.npz at all.
#
#  Scene  <t>  Frame  <t>  Index  <t>  Error cat.  <t>  Visibility ratio  <t>  Score  <t>  R_err(degrees)  <t>  t_err(meters)  <t>  Gr.Tr.BBox  <t>  Pred.BBox
000049	1	0	TP	0.9451185214945761	0.0	6.212491812703897	0.02375270075698743	169.0,98.0,298.0,228.0	49.0,1.0,58.0,1.0
000049	36	1	TP	0.9436955449613678	0.0	5.7177889571924165	0.029758487049542596	167.0,110.0,296.0,238.0	49.0,36.0,58.0,36.0
000049	47	2	TP	0.9377994452382954	0.0	6.912951408725819	0.03392261249788353	165.0,118.0,294.0,243.0	49.0,47.0,58.0,47.0
000049	58	3	TP	0.9345385999485906	0.0	7.224815624529135	0.03508562982375274	155.0,133.0,285.0,255.0	49.0,58.0,58.0,58.0
000049	65	4	TP	0.9307321350284963	0.0	7.468885026970759	0.035174611216684575	164.0,143.0,293.0,264.0	49.0,65.0,58.0,65.0
000049	73	5	TP	0.917207647843486	0.0	7.949094394022981	0.04131469978324912	155.0,154.0,285.0,273.0	49.0,73.0,58.0,73.0
000049	91	6	TP	0.910431654676259	0.0	7.530700022666401	0.043337245734217676	150.0,155.0,280.0,272.0	49.0,91.0,58.0,91.0
000049	109	7	TP	0.8988927210019967	0.0	8.277922687117014	0.04682396374432072	149.0,173.0,280.0,289.0	49.0,109.0,58.0,109.0
000049	125	8	TP	0.8878031125588128	0.0	7.302641852543638	0.04229196384814445	128.0,180.0,258.0,298.0	49.0,125.0,58.0,125.0
000049	148	9	TP	0.8882746321890326	0.0	7.185005543762652	0.04433752737137188	132.0,159.0,262.0,278.0	49.0,148.0,58.0,148.0
000049	231	10	TP	0.8451618487104033	0.0	5.707875459991366	0.02819751034800927	141.0,154.0,266.0,281.0	49.0,231.0,58.0,231.0
000049	357	11	TP	0.7014885699096225	0.0	1.6654511471992426	0.029714806805389956	161.0,144.0,268.0,278.0	49.0,357.0,58.0,357.0
000049	521	12	TP	0.5897822603449902	0.0	4.352257973206957	0.05068994147190805	227.0,131.0,329.0,262.0	49.0,521.0,58.0,521.0
000049	526	13	TP	0.5899416085891882	0.0	3.209990204453837	0.04760872903196457	222.0,137.0,323.0,267.0	49.0,526.0,58.0,526.0
000049	537	14	TP	0.5755361548680964	0.0	4.990289860161357	0.06167298359803109	222.0,142.0,323.0,272.0	49.0,537.0,58.0,537.0
000049	542	15	TP	0.5715779467680608	0.0	3.7838592391985255	0.06421771684934012	223.0,143.0,324.0,273.0	49.0,542.0,58.0,542.0
000049	552	16	TP	0.563315864697475	0.0	4.455936322859307	0.04846477233992831	230.0,142.0,330.0,272.0	49.0,552.0,58.0,552.0
000049	558	17	TP	0.559208639969416	0.0	6.215656681605999	0.07329531065871704	230.0,148.0,330.0,277.0	49.0,558.0,58.0,558.0
000049	564	18	TP	0.5519854210627277	0.0	5.078553134706048	0.06901819345749186	229.0,148.0,329.0,277.0	49.0,564.0,58.0,564.0
000049	570	19	TP	0.5486131106632114	0.0	6.121323962396618	0.06834838807357282	227.0,145.0,327.0,275.0	49.0,570.0,58.0,570.0
000049	576	20	TP	0.550826287471176	0.0	5.610445078227508	0.06435239784615301	231.0,145.0,330.0,275.0	49.0,576.0,58.0,576.0
000049	591	21	TP	0.5431109394612339	0.0	3.7878906447604166	0.062047645048551876	230.0,151.0,329.0,280.0	49.0,591.0,58.0,591.0
000049	594	22	TP	0.5286790266512167	0.0	6.243367305069378	0.0812605642252875	237.0,153.0,335.0,282.0	49.0,594.0,58.0,594.0
000049	617	23	TP	0.5153208710734245	0.0	4.964032294955924	0.0690683162316425	231.0,156.0,330.0,285.0	49.0,617.0,58.0,617.0
000049	629	24	TP	0.5111753371868979	0.0	6.635957300982056	0.1097444262185454	223.0,151.0,321.0,281.0	49.0,629.0,58.0,629.0
000049	631	25	TP	0.518809980806142	0.0	5.443573908311345	0.09533691263207811	220.0,152.0,319.0,282.0	49.0,631.0,58.0,631.0
000049	651	26	TP	0.48369040725728624	0.0	6.330095822371944	0.11978249178717577	222.0,160.0,320.0,290.0	49.0,651.0,58.0,651.0
000049	669	27	TP	0.49718806596130016	0.0	10.142253749510223	0.1598624186796934	221.0,152.0,320.0,282.0	49.0,669.0,58.0,669.0
000049	762	28	TP	0.4328966521106259	0.0	20.486240929735928	0.2521048565666833	229.0,169.0,325.0,298.0	49.0,762.0,58.0,762.0
000049	1024	*	FN	0.4019236672464954	*	*	*	247.0,162.0,338.0,290.0	*
000049	1036	29	TP	0.3845916478090928	0.0	122.61587232499485	0.3824208661382627	238.0,170.0,328.0,297.0	49.0,1036.0,58.0,1036.0
000049	1052	30	TP	0.4303472364906513	0.0	61.137204978609276	0.5504616701676583	232.0,169.0,323.0,297.0	49.0,1052.0,58.0,1052.0
000049	1067	31	TP	0.406011941527692	0.0	131.28414050569953	0.33486302267648027	222.0,173.0,313.0,300.0	49.0,1067.0,58.0,1067.0
000049	1095	32	TP	0.4047545219638243	0.0	34.57228276121474	0.3529390685493061	209.0,170.0,299.0,297.0	49.0,1095.0,58.0,1095.0
000049	1102	33	TP	0.4219203649937785	0.0	60.19766246921708	0.5799630073851195	207.0,171.0,296.0,298.0	49.0,1102.0,58.0,1102.0
000049	1130	34	TP	0.4092835728315931	0.0	90.79993395560959	0.8685492427264272	210.0,172.0,300.0,300.0	49.0,1130.0,58.0,1130.0
000049	1144	35	TP	0.37511539645091807	0.0	137.2428527891498	0.42335303749979464	215.0,174.0,305.0,303.0	49.0,1144.0,58.0,1144.0
000049	1150	36	TP	0.3646142813236349	0.0	58.63805794044806	0.38143023883697275	214.0,177.0,304.0,306.0	49.0,1150.0,58.0,1150.0
000049	1157	37	TP	0.3891439649015407	0.0	121.41311771974931	0.5157277893764226	210.0,179.0,300.0,308.0	49.0,1157.0,58.0,1157.0
000049	1168	*	FN	0.3444932122078187	*	*	*	205.0,190.0,294.0,319.0	*
000049	1172	38	TP	0.34973458554512044	0.0	90.84660455515692	0.6575678043157591	202.0,188.0,291.0,318.0	49.0,1172.0,58.0,1172.0
000049	1179	39	TP	0.3415059499384489	0.0	59.09142254071465	0.3719949835828465	204.0,190.0,293.0,320.0	49.0,1179.0,58.0,1179.0
000049	1269	*	FN	0.3603928643014632	*	*	*	214.0,168.0,302.0,303.0	*
000049	1491	40	TP	0.37363257020412766	0.0	167.61558374371992	0.607015926532531	249.0,176.0,325.0,309.0	49.0,1491.0,58.0,1491.0
000049	1554	41	TP	0.37257824143070045	0.0	175.0607246197314	5.4330778134448305	255.0,158.0,329.0,291.0	49.0,1554.0,58.0,1554.0
000049	1557	42	TP	0.38479183392590893	0.0	117.64145232192116	0.07004832935812548	248.0,151.0,322.0,285.0	49.0,1557.0,58.0,1557.0
000049	1565	*	FN	0.38210818307905686	*	*	*	240.0,143.0,313.0,276.0	*
000049	1568	43	TP	0.4042380731820287	0.0	140.51395131086255	3.8331379636798704	234.0,140.0,308.0,274.0	49.0,1568.0,58.0,1568.0
000049	1575	44	TP	0.4028264424199953	0.0	87.7759119200099	0.7629554713324129	227.0,142.0,300.0,276.0	49.0,1575.0,58.0,1575.0
000049	1582	45	TP	0.393356027702782	0.0	83.97190515554767	0.5373480704564676	231.0,148.0,303.0,281.0	49.0,1582.0,58.0,1582.0
000049	1587	46	TP	0.37919660737424904	0.0	169.8178923604498	1.0286652858922802	233.0,150.0,305.0,284.0	49.0,1587.0,58.0,1587.0
000049	1592	47	TP	0.40913921360255046	0.0	159.15974273820876	0.8346991519913503	234.0,150.0,306.0,283.0	49.0,1592.0,58.0,1592.0
000049	1595	48	TP	0.39196396823515467	0.0	171.0655047888629	2.7472159080064853	233.0,149.0,304.0,282.0	49.0,1595.0,58.0,1595.0
000049	1614	49	TP	0.3762843982520373	0.0	111.82805234114396	0.6172755188000594	256.0,136.0,327.0,269.0	49.0,1614.0,58.0,1614.0
000049	1615	50	TP	0.39257858662254785	0.0	124.00223800387826	2.180193983537654	256.0,135.0,327.0,269.0	49.0,1615.0,58.0,1615.0
000049	1618	51	TP	0.39473062381852553	0.0	84.46538532489424	0.5936408887675404	257.0,136.0,328.0,269.0	49.0,1618.0,58.0,1618.0
000049	1631	52	TP	0.4102321174798674	0.0	126.86870412289896	2.400189603690059	257.0,142.0,328.0,275.0	49.0,1631.0,58.0,1631.0
000049	1641	53	TP	0.40550898203592817	0.0	114.3025048277373	3.266536478299568	261.0,152.0,332.0,285.0	49.0,1641.0,58.0,1641.0
000049	1644	54	TP	0.39377179271371887	0.0	166.90855425455234	0.8316532438455709	263.0,155.0,334.0,288.0	49.0,1644.0,58.0,1644.0
000049	1655	55	TP	0.41143755289565953	0.0	160.54847203378495	0.749815590415023	257.0,143.0,327.0,275.0	49.0,1655.0,58.0,1655.0
000049	1671	56	TP	0.4222463505851128	0.0	89.98513635572563	2.8092783049494563	263.0,149.0,333.0,281.0	49.0,1671.0,58.0,1671.0
000049	1677	57	TP	0.4221056484079541	0.0	149.93781318447347	1.1985909644166945	254.0,148.0,324.0,280.0	49.0,1677.0,58.0,1677.0
000049	1682	58	TP	0.4057846153846154	0.0	170.98736201591828	1.1430188379798147	242.0,146.0,312.0,277.0	49.0,1682.0,58.0,1682.0
000049	1688	59	TP	0.41399777420551503	0.0	177.55353584971076	1.104120760533594	236.0,145.0,305.0,276.0	49.0,1688.0,58.0,1688.0
000049	1881	60	TP	0.5782521399133467	0.0	168.76233656617947	0.06808760694960461	256.0,142.0,336.0,281.0	49.0,1881.0,58.0,1881.0
000049	2061	61	TP	0.7006229036895064	0.0	3.6694071971641193	0.04907234962267784	247.0,125.0,337.0,267.0	49.0,2061.0,58.0,2061.0
000049	2064	62	TP	0.6918142651986596	0.0	42.10923401968116	0.0723228804441758	247.0,125.0,337.0,266.0	49.0,2064.0,58.0,2064.0
000049	2089	63	TP	0.6944631033490068	0.0	6.302293350137632	0.03008985135650699	247.0,129.0,337.0,269.0	49.0,2089.0,58.0,2089.0
000049	2097	64	TP	0.7148230301861317	0.0	5.540077574252275	0.0050009863348595505	252.0,137.0,341.0,276.0	49.0,2097.0,58.0,2097.0
000049	2119	65	TP	0.7057874762808349	0.0	5.4299293093303005	0.019862558754636876	267.0,131.0,358.0,272.0	49.0,2119.0,58.0,2119.0
000049	2123	66	TP	0.7229935336629897	0.0	3.968462821434551	0.02665823239031679	267.0,132.0,357.0,272.0	49.0,2123.0,58.0,2123.0
000049	2146	67	TP	0.7189261488487628	0.0	3.652127691830618	0.005059827266656453	265.0,134.0,355.0,273.0	49.0,2146.0,58.0,2146.0
000049	2151	68	TP	0.7437929717341482	0.0	5.399380497115824	0.0372085653290197	257.0,130.0,348.0,269.0	49.0,2151.0,58.0,2151.0
000049	2173	69	TP	0.7747773356073526	0.0	6.8097854417282475	0.022536536552049943	260.0,122.0,352.0,261.0	49.0,2173.0,58.0,2173.0
000049	2196	70	TP	0.8128752193590099	0.0	8.369759746815296	0.021188338073368836	268.0,109.0,362.0,250.0	49.0,2196.0,58.0,2196.0
000053	1	71	TP	0.7956832434009042	0.0	5.0792810581254635	0.00607390615041232	204.0,180.0,334.0,318.0	53.0,1.0,62.0,1.0
000053	14	72	TP	0.7827376645926784	0.0	3.618433083033377	0.0017303859404565016	174.0,206.0,304.0,345.0	53.0,14.0,62.0,14.0
000053	33	73	TP	0.7763647860605635	0.0	4.378588558818662	0.005428497069346075	143.0,218.0,276.0,356.0	53.0,33.0,62.0,33.0
000053	43	74	TP	0.7627478753541076	0.0	4.212476134051409	0.005159476367108754	135.0,219.0,267.0,356.0	53.0,43.0,62.0,43.0
000053	52	75	TP	0.7539447731755424	0.0	4.673345224955968	0.017955737630176594	116.0,227.0,249.0,363.0	53.0,52.0,62.0,52.0
000053	61	76	TP	0.7372708757637475	0.0	5.289272169510315	0.0054306661879857145	104.0,237.0,240.0,372.0	53.0,61.0,62.0,61.0
000053	75	77	TP	0.7269953884356155	0.0	5.745091767393263	0.012784833438800386	121.0,244.0,256.0,377.0	53.0,75.0,62.0,75.0
000053	84	78	TP	0.7168040943986352	0.0	6.923967555297102	0.014223128754476727	118.0,241.0,253.0,373.0	53.0,84.0,62.0,84.0
000053	93	79	TP	0.7102110667427267	0.0	6.483675734601038	0.009978921489100026	129.0,232.0,263.0,363.0	53.0,93.0,62.0,93.0
000053	103	80	TP	0.6933641752204713	0.0	6.708809115675582	0.013584243575752797	156.0,212.0,289.0,343.0	53.0,103.0,62.0,103.0
000053	111	81	TP	0.6995037945125511	0.0	8.008840629123172	0.004894285421586804	145.0,225.0,277.0,354.0	53.0,111.0,62.0,111.0
000053	118	82	TP	0.6952726196641267	0.0	7.063919978507446	0.012445096625359305	144.0,220.0,275.0,348.0	53.0,118.0,62.0,118.0
000053	123	83	TP	0.6990785826653682	0.0	7.688558045413944	0.021424071379344226	157.0,216.0,286.0,344.0	53.0,123.0,62.0,123.0
000053	126	84	TP	0.6840835406770716	0.0	6.928933069562322	0.005652937394593855	157.0,216.0,286.0,344.0	53.0,126.0,62.0,126.0
000053	131	85	TP	0.6704091048908029	0.0	7.431586440432049	0.026888470171992494	158.0,229.0,285.0,357.0	53.0,131.0,62.0,131.0
000053	135	86	TP	0.6705589288494473	0.0	5.664021287703583	0.020795759589727864	155.0,232.0,281.0,359.0	53.0,135.0,62.0,135.0
000053	138	87	TP	0.6883698985609814	0.0	4.434449614855165	0.0062752839708016	153.0,225.0,279.0,352.0	53.0,138.0,62.0,138.0
000053	139	88	TP	0.6860887415127112	0.0	5.34075817359641	0.00849466610119398	156.0,223.0,281.0,349.0	53.0,139.0,62.0,139.0
000053	142	89	TP	0.6985668789808918	0.0	4.312565878762046	0.004364964687346598	158.0,221.0,282.0,348.0	53.0,142.0,62.0,142.0
000053	145	90	TP	0.701256100488039	0.0	4.360172552135186	0.005745872554863672	148.0,222.0,271.0,350.0	53.0,145.0,62.0,145.0
000053	147	91	TP	0.7019415917843389	0.0	4.223232341708767	0.002732376729463236	144.0,222.0,267.0,349.0	53.0,147.0,62.0,147.0
000053	152	92	TP	0.7091585158839221	0.0	2.1699644335271433	0.01386803685866679	132.0,220.0,253.0,348.0	53.0,152.0,62.0,152.0
000053	153	93	TP	0.7008997325119559	0.0	2.2521113057967552	0.012329696686861305	130.0,220.0,252.0,347.0	53.0,153.0,62.0,153.0
000053	155	94	TP	0.6951784697942922	0.0	2.4599299037535336	0.019313915323566563	129.0,220.0,250.0,347.0	53.0,155.0,62.0,155.0
000053	158	95	TP	0.7045677799607073	0.0	2.31072118393334	0.022986969622317478	131.0,221.0,252.0,348.0	53.0,158.0,62.0,158.0
000053	162	96	TP	0.7120237506185056	0.0	2.7118697211518374	0.029670744438840387	133.0,219.0,253.0,346.0	53.0,162.0,62.0,162.0
000053	164	97	TP	0.7099388126343642	0.0	2.589416962637733	0.019358978090346198	133.0,218.0,253.0,346.0	53.0,164.0,62.0,164.0
000053	165	98	TP	0.7190137348998842	0.0	3.361624645533518	0.01969051192999648	133.0,218.0,253.0,346.0	53.0,165.0,62.0,165.0
000053	167	99	TP	0.7021417898057446	0.0	3.046086448630068	0.028445049161349472	134.0,217.0,254.0,345.0	53.0,167.0,62.0,167.0
000053	168	100	TP	0.7093506062115927	0.0	2.401560307781285	0.023574734786309642	134.0,218.0,253.0,345.0	53.0,168.0,62.0,168.0
000053	171	101	TP	0.7028599933488526	0.0	2.186014397764863	0.03073602068555139	133.0,216.0,252.0,343.0	53.0,171.0,62.0,171.0
000053	176	102	TP	0.7074993771281455	0.0	2.3848005892046458	0.024774848831026822	126.0,215.0,245.0,344.0	53.0,176.0,62.0,176.0
000053	179	103	TP	0.7053541735949451	0.0	2.338543198957812	0.030140608619000857	120.0,213.0,239.0,341.0	53.0,179.0,62.0,179.0
000053	247	104	TP	0.7477801976880549	0.0	1.664245385277555	0.023471930687114794	120.0,219.0,237.0,351.0	53.0,247.0,62.0,247.0
000053	316	105	TP	0.8081607322938484	0.0	2.6177171140401354	0.003023137023137532	187.0,199.0,307.0,339.0	53.0,316.0,62.0,316.0
000053	434	106	TP	0.8835272045028143	0.0	2.9710795073096596	0.013834025238815148	50.0,182.0,169.0,329.0	53.0,434.0,62.0,434.0
000053	479	107	TP	0.9468400837988827	0.0	2.363492442085517	0.015678250310770504	16.0,219.0,123.0,358.0	53.0,479.0,62.0,479.0
000053	513	108	TP	0.9794218989280244	0.0	2.044763926002093	0.010265030577973995	112.0,214.0,211.0,349.0	53.0,513.0,62.0,513.0
000053	519	109	TP	0.9905226611616778	0.0	1.8864445858135366	0.008481790890973015	111.0,211.0,211.0,347.0	53.0,519.0,62.0,519.0
000053	523	110	TP	0.9927684034860004	0.0	2.0346999364590097	0.017172225690922294	105.0,214.0,206.0,351.0	53.0,523.0,62.0,523.0
000053	526	111	TP	0.9954627949183303	0.0	2.153997925197685	0.01010606678273934	102.0,209.0,203.0,347.0	53.0,526.0,62.0,526.0
000053	533	112	TP	1.0	0.0	2.0194201846724087	0.00938796921048325	98.0,199.0,200.0,339.0	53.0,533.0,62.0,533.0
000053	534	113	TP	0.9971509971509972	0.0	1.9337158874510192	0.010502889399084782	98.0,201.0,201.0,341.0	53.0,534.0,62.0,534.0
000053	538	114	TP	0.9955795243568208	0.0	2.1820393095430357	0.006325830012619514	106.0,198.0,208.0,338.0	53.0,538.0,62.0,538.0
000053	539	115	TP	0.9984105960264901	0.0	1.9380148341245522	0.007580321610439312	108.0,195.0,210.0,335.0	53.0,539.0,62.0,539.0
000053	542	116	TP	0.9993856954804738	0.0	2.234234037410594	0.014081344766792963	106.0,201.0,209.0,342.0	53.0,542.0,62.0,542.0
000053	545	117	TP	0.9981716872714609	0.0	1.9853458329889264	0.0038001287260111876	107.0,202.0,210.0,343.0	53.0,545.0,62.0,545.0
000053	547	118	TP	0.9968119937963122	0.0	2.2748023788605782	0.0021423660105066803	108.0,198.0,211.0,341.0	53.0,547.0,62.0,547.0
000053	550	119	TP	0.9984582441113491	0.0	2.4103068711911533	0.006785380893024884	110.0,196.0,214.0,339.0	53.0,550.0,62.0,550.0
000053	551	120	TP	1.0	0.0	2.4881252880349587	0.005608256778928009	116.0,193.0,220.0,337.0	53.0,551.0,62.0,551.0
000053	552	121	TP	0.9999151103565365	0.0	2.4331573809538396	0.0030782359011471082	117.0,192.0,221.0,336.0	53.0,552.0,62.0,552.0
000053	555	122	TP	0.9999158957106813	0.0	2.2917646610124645	0.007186419352254647	119.0,194.0,223.0,339.0	53.0,555.0,62.0,555.0
000053	556	123	TP	0.9966468270601057	0.0	2.5174636270139454	0.006126711666169357	121.0,192.0,226.0,337.0	53.0,556.0,62.0,556.0
000053	567	124	TP	0.9978467908902692	0.0	2.742346564037061	0.003948261438516937	124.0,180.0,229.0,326.0	53.0,567.0,62.0,567.0
000053	569	125	TP	0.9987576610899453	0.0	2.468208931005373	0.0030121881938690435	129.0,175.0,235.0,322.0	53.0,569.0,62.0,569.0
000053	576	126	TP	0.9990181639666176	0.0	2.095567286276248	0.0031315061505846906	125.0,174.0,230.0,321.0	53.0,576.0,62.0,576.0
000053	579	127	TP	1.0	0.0	2.165569861949545	0.002187323248765313	122.0,180.0,227.0,327.0	53.0,579.0,62.0,579.0
000053	583	128	TP	1.0	0.0	1.7260481809696961	0.0020782930351603114	114.0,178.0,221.0,326.0	53.0,583.0,62.0,583.0
000053	587	129	TP	1.0	0.0	1.7553706874277568	0.0026661169985545997	109.0,175.0,216.0,323.0	53.0,587.0,62.0,587.0
000053	591	130	TP	1.0	0.0	1.9594342595653595	0.0021658890763342153	98.0,174.0,207.0,323.0	53.0,591.0,62.0,591.0
000053	592	131	TP	1.0	0.0	1.804082927504342	0.0041626064574726345	92.0,177.0,201.0,326.0	53.0,592.0,62.0,592.0
000053	602	132	TP	0.9982520260607024	0.0	2.8258154272359888	0.006859035469910198	77.0,180.0,187.0,330.0	53.0,602.0,62.0,602.0
000053	604	133	TP	1.0	0.0	2.563985365370324	0.009474447514913855	83.0,183.0,192.0,332.0	53.0,604.0,62.0,604.0
000053	610	134	TP	0.9997593068035944	0.0	2.196868385539743	0.004407144599773592	94.0,179.0,202.0,329.0	53.0,610.0,62.0,610.0
000053	616	135	TP	1.0	0.0	2.085217789950989	0.004197585670642365	100.0,183.0,208.0,333.0	53.0,616.0,62.0,616.0
000053	628	136	TP	0.9996800511918094	0.0	2.063578203103496	0.006286232239599393	106.0,182.0,215.0,332.0	53.0,628.0,62.0,628.0
000053	638	137	TP	0.9997591328783622	0.0	2.462886709429199	0.004788946590148151	128.0,190.0,237.0,341.0	53.0,638.0,62.0,638.0
000053	647	138	TP	0.9995178011733504	0.0	2.337442718558097	0.0058772339988019525	143.0,200.0,253.0,350.0	53.0,647.0,62.0,647.0
000053	655	139	TP	0.9974524321311997	0.0	2.1274992003417994	0.010070306424339221	135.0,207.0,245.0,359.0	53.0,655.0,62.0,655.0
000053	665	140	TP	0.9999208234362629	0.0	1.5653837256527012	0.008527273587933775	134.0,186.0,245.0,338.0	53.0,665.0,62.0,665.0
000053	677	141	TP	0.9990515333544103	0.0	2.1105075957775794	0.007190662385370386	122.0,196.0,235.0,348.0	53.0,677.0,62.0,677.0
000053	686	142	TP	0.9997650191900995	0.0	2.0317961557234065	0.003885659357123657	108.0,210.0,221.0,363.0	53.0,686.0,62.0,686.0
000053	687	143	TP	1.0	0.0	2.3109936358146017	0.005322517225481554	102.0,218.0,215.0,372.0	53.0,687.0,62.0,687.0
000053	692	144	TP	0.9999224325162892	0.0	2.202937146305097	0.006791926341078544	93.0,222.0,206.0,376.0	53.0,692.0,62.0,692.0
000053	716	145	TP	0.9976111582029745	0.0	2.884147971316691	0.008618616125072382	80.0,201.0,196.0,356.0	53.0,716.0,62.0,716.0
000059	1	146	TP	0.4721034518719366	0.0	129.06521863771007	1.351915281126491	195.0,230.0,277.0,371.0	59.0,1.0,68.0,1.0
000059	29	147	TP	0.44878301398239256	0.0	42.31002043702733	0.5387512981664694	194.0,225.0,277.0,366.0	59.0,29.0,68.0,29.0
000059	37	148	TP	0.4745987938260247	0.0	61.89873509325587	0.11414110403013059	174.0,228.0,259.0,369.0	59.0,37.0,68.0,37.0
000059	55	149	TP	0.49755805840725603	0.0	35.45983095097958	0.6421771164246276	200.0,240.0,286.0,383.0	59.0,55.0,68.0,55.0
000059	61	150	TP	0.5056801631226333	0.0	10.048952810822577	0.15890242407359031	185.0,228.0,272.0,372.0	59.0,61.0,68.0,61.0
000059	68	151	TP	0.4591739626950895	0.0	68.15806837785709	0.07858636951167175	170.0,218.0,259.0,363.0	59.0,68.0,68.0,68.0
000059	80	152	TP	0.5203422053231939	0.0	135.79150828615442	0.5172460580536427	181.0,216.0,270.0,361.0	59.0,80.0,68.0,80.0
000059	88	153	TP	0.4464709793863399	0.0	53.46696143681095	0.31019146846182133	180.0,212.0,271.0,356.0	59.0,88.0,68.0,88.0
000059	99	154	TP	0.5093167701863354	0.0	50.663732186772876	0.3463493853080436	215.0,175.0,305.0,317.0	59.0,99.0,68.0,99.0
000059	114	155	TP	0.5226453686568618	0.0	46.118177994098126	0.08432831213208702	206.0,190.0,297.0,331.0	59.0,114.0,68.0,114.0
000059	120	156	TP	0.5144963144963145	0.0	6.856053783630317	0.12468929575443931	205.0,202.0,295.0,342.0	59.0,120.0,68.0,120.0
000059	126	157	TP	0.5098602715290853	0.0	23.821720554826904	0.24384553602379747	200.0,200.0,290.0,340.0	59.0,126.0,68.0,126.0
000059	127	158	TP	0.5086446740858506	0.0	21.122526575881786	0.4843167892925987	199.0,199.0,289.0,338.0	59.0,127.0,68.0,127.0
000059	132	159	TP	0.5170278637770898	0.0	7.506122219411512	0.1794289601287573	192.0,193.0,282.0,331.0	59.0,132.0,68.0,132.0
000059	164	160	TP	0.5924768389329166	0.0	16.207037987005258	0.21589679872222153	195.0,177.0,283.0,304.0	59.0,164.0,68.0,164.0
000059	242	161	TP	0.6638150524493329	0.0	1.6322674660092438	0.10158305514005392	303.0,241.0,401.0,371.0	59.0,242.0,68.0,242.0
000059	274	162	TP	0.7449559255631734	0.0	3.646342450959023	0.04340564667040978	311.0,239.0,414.0,366.0	59.0,274.0,68.0,274.0
000059	320	163	TP	0.8361670670855664	0.0	4.179405404186915	0.010046625928596523	301.0,232.0,410.0,358.0	59.0,320.0,68.0,320.0
000059	422	164	TP	0.8808337109198007	0.0	1.5305391734387201	0.00419745625978785	355.0,214.0,478.0,351.0	59.0,422.0,68.0,422.0
000059	455	165	TP	0.9365640011302628	0.0	1.392535522116034	0.0021618782061578997	313.0,213.0,442.0,351.0	59.0,455.0,68.0,455.0
000059	492	166	TP	0.9910449866027359	0.0	1.177033877908228	0.0028165876472738697	312.0,225.0,442.0,359.0	59.0,492.0,68.0,492.0
000059	510	167	TP	0.999930425102623	0.0	1.406800240187962	0.0028986203253905	292.0,234.0,422.0,367.0	59.0,510.0,68.0,510.0
000059	514	168	TP	0.994757174392936	0.0	1.3156511331459388	0.0021630674641672874	288.0,228.0,419.0,361.0	59.0,514.0,68.0,514.0
000059	515	169	TP	0.9995870044052864	0.0	1.2625318577184694	0.00266356286801586	290.0,227.0,422.0,360.0	59.0,515.0,68.0,515.0
000059	523	170	TP	0.997679022458871	0.0	1.4798927286876082	0.006763723280009971	294.0,226.0,426.0,358.0	59.0,523.0,68.0,523.0
000059	525	171	TP	0.9979519388312398	0.0	1.5602120700004685	0.0039334797410560925	296.0,230.0,428.0,363.0	59.0,525.0,68.0,525.0
000059	530	172	TP	0.9976802892815719	0.0	1.4197473299923578	0.00486304618183804	292.0,234.0,424.0,366.0	59.0,530.0,68.0,530.0
000059	535	173	TP	0.9997947033463355	0.0	1.4554106946923704	0.00248194994171625	284.0,235.0,416.0,367.0	59.0,535.0,68.0,535.0
000059	545	174	TP	1.0	0.0	2.0361750567704218	0.0014157054754095543	309.0,234.0,440.0,365.0	59.0,545.0,68.0,545.0
000059	561	175	TP	0.999793217535153	0.0	1.2277637840321847	0.002763669977925492	303.0,214.0,434.0,345.0	59.0,561.0,68.0,561.0
000059	567	176	TP	0.9989145183175034	0.0	1.3333199077478168	0.0004221349223406979	311.0,208.0,444.0,341.0	59.0,567.0,68.0,567.0
000059	615	177	TP	0.9999327821469383	0.0	1.779597580947513	0.002859991526053347	330.0,196.0,463.0,328.0	59.0,615.0,68.0,615.0
000059	629	178	TP	0.9998645261803156	0.0	1.4916400544159734	0.0026972669395547897	314.0,197.0,446.0,329.0	59.0,629.0,68.0,629.0
000059	636	179	TP	0.9993206060194306	0.0	1.3627635877246396	0.002784440753936226	301.0,200.0,433.0,332.0	59.0,636.0,68.0,636.0
000059	637	180	TP	0.9981647634584013	0.0	1.6010244418503874	0.0024939464876753	300.0,199.0,433.0,332.0	59.0,637.0,68.0,637.0
000059	648	181	TP	0.9983723296032554	0.0	1.3305562615385904	0.0020799136354647655	291.0,199.0,423.0,331.0	59.0,648.0,68.0,648.0
000059	710	182	TP	0.998241460940142	0.0	1.643670871403368	0.004822487520282885	284.0,214.0,416.0,342.0	59.0,710.0,68.0,710.0
000059	801	183	TP	0.9997963063552417	0.0	1.0529486710057747	0.010732232520201081	264.0,221.0,395.0,344.0	59.0,801.0,68.0,801.0
000059	908	184	TP	1.0	0.0	1.5670896151764921	0.008351468523266806	245.0,194.0,380.0,323.0	59.0,908.0,68.0,908.0
000059	1026	185	TP	1.0	0.0	1.8605763931161872	0.01245187413825069	246.0,207.0,378.0,333.0	59.0,1026.0,68.0,1026.0
000059	1027	186	TP	1.0	0.0	2.180266895861377	0.006651767458361662	241.0,207.0,373.0,333.0	59.0,1027.0,68.0,1027.0
000059	1032	187	TP	0.9990404386566141	0.0	1.4776238908906403	0.009079516484190663	224.0,208.0,356.0,334.0	59.0,1032.0,68.0,1032.0
000059	1034	188	TP	0.9977955359603197	0.0	1.488686021542245	0.010236529805551946	224.0,210.0,356.0,335.0	59.0,1034.0,68.0,1034.0
000059	1039	189	TP	0.9985326998323085	0.0	1.9732780008558128	0.01118577957549598	233.0,214.0,364.0,338.0	59.0,1039.0,68.0,1039.0
000059	1044	190	TP	1.0	0.0	1.9179584593441263	0.011704024710389557	240.0,214.0,370.0,338.0	59.0,1044.0,68.0,1044.0
000059	1048	191	TP	1.0	0.0	2.2244668236739766	0.00836151377330721	235.0,212.0,365.0,336.0	59.0,1048.0,68.0,1048.0
000059	1054	192	TP	0.9974612129760225	0.0	2.660029290219952	0.015115228412983822	226.0,213.0,356.0,337.0	59.0,1054.0,68.0,1054.0
000059	1060	193	TP	0.9995783555867884	0.0	1.1427281186805522	0.007070087992987771	218.0,209.0,348.0,333.0	59.0,1060.0,68.0,1060.0
000059	1063	194	TP	0.9985990473521995	0.0	2.013089501608373	0.012501796481771257	218.0,208.0,348.0,332.0	59.0,1063.0,68.0,1063.0
000059	1064	195	TP	0.9994414187962575	0.0	2.2860895321184516	0.013923151449941516	217.0,207.0,348.0,331.0	59.0,1064.0,68.0,1064.0
000059	1068	196	TP	1.0	0.0	1.2826963417581585	0.008645261468508319	214.0,209.0,345.0,334.0	59.0,1068.0,68.0,1068.0
000059	1070	197	TP	0.9960904775202457	0.0	1.5916206014199286	0.007716755284289718	215.0,213.0,346.0,339.0	59.0,1070.0,68.0,1070.0
000059	1071	198	TP	0.9998607339321774	0.0	1.7404422158292532	0.007921496890152738	216.0,215.0,347.0,340.0	59.0,1071.0,68.0,1071.0
000059	1073	199	TP	0.9997909990246621	0.0	2.4979990159599215	0.012522357101106043	214.0,216.0,344.0,341.0	59.0,1073.0,68.0,1073.0
000059	1074	200	TP	0.995336859688196	0.0	1.6206247303737928	0.012345310550593382	211.0,214.0,342.0,339.0	59.0,1074.0,68.0,1074.0
000059	1075	201	TP	0.9998609469512619	0.0	1.647267838377981	0.010383634864550276	210.0,210.0,341.0,335.0	59.0,1075.0,68.0,1075.0
000059	1076	202	TP	0.9995146640782084	0.0	2.2026096014789216	0.013406907278188029	207.0,206.0,338.0,331.0	59.0,1076.0,68.0,1076.0
000059	1078	203	TP	1.0	0.0	2.500430436618912	0.01268235664461721	201.0,201.0,332.0,327.0	59.0,1078.0,68.0,1078.0
000059	1081	204	TP	0.999931029726188	0.0	2.0721622230733323	0.012570839877246538	197.0,196.0,328.0,322.0	59.0,1081.0,68.0,1081.0
000059	1090	205	TP	0.9998622020118506	0.0	1.050229959813801	0.010051346320366911	198.0,194.0,330.0,320.0	59.0,1090.0,68.0,1090.0
000059	1093	206	TP	1.0	0.0	2.213125925985654	0.006605277243789306	198.0,191.0,329.0,316.0	59.0,1093.0,68.0,1093.0
000059	1103	207	TP	0.9998610725201444	0.0	0.9595120737704466	0.014397831688657575	219.0,201.0,350.0,327.0	59.0,1103.0,68.0,1103.0
000059	1110	208	TP	0.9997916232548447	0.0	2.295799520012947	0.013834528609859802	212.0,197.0,343.0,323.0	59.0,1110.0,68.0,1110.0
000059	1124	209	TP	0.9992227796226948	0.0	2.76951206856841	0.009626817019503475	238.0,211.0,367.0,338.0	59.0,1124.0,68.0,1124.0
000059	1129	210	TP	0.9999291483633272	0.0	2.2595256618426256	0.011788426848186503	238.0,214.0,367.0,340.0	59.0,1129.0,68.0,1129.0
000059	1131	211	TP	0.9996460176991151	0.0	1.7312229119556555	0.007197213475902176	235.0,215.0,365.0,342.0	59.0,1131.0,68.0,1131.0
000059	1132	212	TP	1.0	0.0	1.6790213444789903	0.006496521195808639	234.0,216.0,364.0,343.0	59.0,1132.0,68.0,1132.0
000059	1148	213	TP	0.999504530011325	0.0	1.71161651360919	0.005720507851422042	240.0,217.0,370.0,345.0	59.0,1148.0,68.0,1148.0
000059	1152	214	TP	0.999858407079646	0.0	1.8561671890876008	0.005410394133496284	244.0,217.0,374.0,344.0	59.0,1152.0,68.0,1152.0
000059	1251	215	TP	0.9935015554787417	0.0	2.1828838419452423	0.0018926760402402112	277.0,187.0,408.0,319.0	59.0,1251.0,68.0,1251.0
000059	1490	216	TP	0.9999381723754174	0.0	1.9680393322576835	0.007363058678878424	308.0,161.0,447.0,306.0	59.0,1490.0,68.0,1490.0
000059	1539	217	TP	0.999286363046581	0.0	1.7607288173647135	0.009630812759305848	270.0,178.0,404.0,322.0	59.0,1539.0,68.0,1539.0
000059	1541	218	TP	0.9999349847214095	0.0	2.710425239795246	0.006064819248694941	271.0,182.0,405.0,325.0	59.0,1541.0,68.0,1541.0
000059	1544	219	TP	0.9993480245142783	0.0	2.736011703989589	0.006078901985131612	275.0,186.0,409.0,329.0	59.0,1544.0,68.0,1544.0
000059	1546	220	TP	0.9999346917450366	0.0	2.407311582721681	0.005120064951599377	279.0,186.0,413.0,329.0	59.0,1546.0,68.0,1546.0
