#  Index into NumPy file "pose_data_ycbv-12-epos.npz".
#  Created at  6:51PM EDT on Sep 11, 2023
#    DATASET:   ycbv
#    OBJECT:    12
#    ESTIMATOR: epos
#  The errors reported in this file have taken discrete and continuous object symmetries into account.
#  Bounding boxes are recorded in pixel coordinates as ((upper-left x, y), (lower-right x, y)) with the origin in the upper-left.
#
#  When a row is marked as a TP, it does not necessarily mean that the bounding boxes overlap.
#  For each ground-truth instance, the prediction best overlapping that instance belongs to that ground-truth.
#  All TPs are in the corresponding *.npz file.
#
#  When a row is marked as a FN, it means that there is a ground-truth but the predictor failed to make a prediction at all.
#  FNs are NOT recorded in the *.npz at all.
#
#  When a row is marked as a FP, it means the predictor hallucinated; there is no corresponding ground-truth instance.
#  FPs are NOT recorded in the *.npz at all.
#
#  Scene  <t>  Frame  <t>  Index  <t>  Error cat.  <t>  Visibility ratio  <t>  Score  <t>  R_err(degrees)  <t>  t_err(meters)  <t>  Gr.Tr.BBox  <t>  Pred.BBox
000051	1	0	TP	0.9738073849936173	0.0	4.285973852773903	0.0056409217832170035	213.0,29.0,312.0,296.0	51.0,1.0,63.0,1.0
000051	35	1	TP	0.9664562147573377	0.0	5.091849319292206	0.009130093503397576	222.0,49.0,320.0,314.0	51.0,35.0,63.0,35.0
000051	56	2	TP	0.9614882190720403	0.0	4.773686992647705	0.007786739108005044	213.0,53.0,311.0,316.0	51.0,56.0,63.0,56.0
000051	83	3	TP	0.9725810324129652	0.0	3.304057406220212	0.007201959780751855	205.0,38.0,303.0,303.0	51.0,83.0,63.0,83.0
000051	100	4	TP	0.9609896709104011	0.0	3.9529538783216696	0.002824206774715547	209.0,28.0,306.0,292.0	51.0,100.0,63.0,100.0
000051	116	5	TP	0.9583939482106488	0.0	5.406834669777643	0.0027625056453659735	219.0,17.0,316.0,280.0	51.0,116.0,63.0,116.0
000051	138	6	TP	0.9412415252199836	0.0	5.224093521330532	0.006285026943540036	234.0,-8.0,331.0,256.0	51.0,138.0,63.0,138.0
000051	169	7	TP	0.9544631799561779	0.0	4.787271960715097	0.002257911915486054	237.0,-5.0,335.0,260.0	51.0,169.0,63.0,169.0
000051	240	8	TP	0.9412729985082049	0.0	5.631661459435618	0.002947953429621471	268.0,30.0,367.0,287.0	51.0,240.0,63.0,240.0
000051	407	9	TP	0.9175220693902689	0.0	4.964076115702701	0.015238082414710032	265.0,24.0,369.0,273.0	51.0,407.0,63.0,407.0
000051	515	10	TP	0.8959297433740009	0.0	4.873369543884026	0.013011628507516347	279.0,41.0,380.0,287.0	51.0,515.0,63.0,515.0
000051	520	11	TP	0.8944441529825298	0.0	4.35822243579675	0.016046388541050092	284.0,40.0,386.0,286.0	51.0,520.0,63.0,520.0
000051	532	12	TP	0.8863458222291896	0.0	4.984010816124553	0.01922470333687701	288.0,42.0,391.0,289.0	51.0,532.0,63.0,532.0
000051	546	13	TP	0.8815049958368026	0.0	3.8353888612768525	0.021335538846851878	297.0,41.0,403.0,288.0	51.0,546.0,63.0,546.0
000051	553	14	TP	0.893974025974026	0.0	4.326059537249854	0.018974580923646664	293.0,43.0,398.0,290.0	51.0,553.0,63.0,553.0
000051	571	15	TP	0.8877324952341697	0.0	3.8953971137609535	0.021487108151449767	297.0,48.0,403.0,296.0	51.0,571.0,63.0,571.0
000051	582	16	TP	0.8802493945483588	0.0	3.252945000502794	0.019999497779494346	297.0,68.0,404.0,315.0	51.0,582.0,63.0,582.0
000051	601	17	TP	0.8691035327751685	0.0	1.378655616263413	0.02017093954368357	302.0,61.0,413.0,308.0	51.0,601.0,63.0,601.0
000051	611	18	TP	0.8860163917838713	0.0	2.0819725474375925	0.0167188728687806	300.0,57.0,412.0,305.0	51.0,611.0,63.0,611.0
000051	618	19	TP	0.8714242697982535	0.0	2.6979495260699413	0.010993295468876653	298.0,50.0,412.0,299.0	51.0,618.0,63.0,618.0
000051	636	20	TP	0.881758089976322	0.0	2.2491192362350776	0.01624811407189271	303.0,60.0,419.0,312.0	51.0,636.0,63.0,636.0
000051	637	21	TP	0.8806588420948811	0.0	1.1798745936915547	0.010291053099992167	304.0,60.0,420.0,312.0	51.0,637.0,63.0,637.0
000051	649	22	TP	0.8610375600666863	0.0	1.8565444625320169	0.0100078819860228	289.0,53.0,407.0,306.0	51.0,649.0,63.0,649.0
000051	654	23	TP	0.8731609560584583	0.0	1.2801532621449112	0.009629807515191307	291.0,53.0,408.0,305.0	51.0,654.0,63.0,654.0
000051	669	24	TP	0.8784058954717348	0.0	1.6432824336355736	0.01106006909442567	295.0,64.0,414.0,317.0	51.0,669.0,63.0,669.0
000051	672	25	TP	0.8718146718146718	0.0	2.488224137314208	0.007451087710571022	300.0,64.0,419.0,318.0	51.0,672.0,63.0,672.0
000051	675	26	TP	0.8668492624093028	0.0	2.474635942988803	0.007477066810982425	303.0,61.0,423.0,316.0	51.0,675.0,63.0,675.0
000051	681	27	TP	0.8687514920028646	0.0	2.05083312491422	0.008379917901049631	304.0,59.0,424.0,315.0	51.0,681.0,63.0,681.0
000051	685	28	TP	0.8677729174591099	0.0	1.3095947717322052	0.009298993283924823	302.0,59.0,422.0,316.0	51.0,685.0,63.0,685.0
000051	694	29	TP	0.8626015492159456	0.0	0.646375227310208	0.0125624896093416	298.0,59.0,418.0,317.0	51.0,694.0,63.0,694.0
000051	698	30	TP	0.8746295338006304	0.0	2.201579299376285	0.009408785947658847	297.0,54.0,417.0,312.0	51.0,698.0,63.0,698.0
000051	780	31	TP	0.8465665236051502	0.0	2.4725431355721166	0.010726425764817782	292.0,50.0,416.0,316.0	51.0,780.0,63.0,780.0
000051	946	32	TP	0.8115821885362388	0.0	1.2617265929983055	0.0052577858917374045	311.0,28.0,446.0,313.0	51.0,946.0,63.0,946.0
000051	1038	33	TP	0.7892980350982451	0.0	2.4869444120514355	0.0037554198343407847	329.0,26.0,466.0,318.0	51.0,1038.0,63.0,1038.0
000051	1045	34	TP	0.7815056977395852	0.0	1.6521182793863127	0.006797241408056435	328.0,24.0,464.0,317.0	51.0,1045.0,63.0,1045.0
000051	1057	35	TP	0.7884879788933893	0.0	2.318983331827392	0.003749508994821239	328.0,16.0,465.0,310.0	51.0,1057.0,63.0,1057.0
000051	1063	36	TP	0.7820697820697821	0.0	2.0306273322193653	0.0049250441154745925	329.0,16.0,466.0,311.0	51.0,1063.0,63.0,1063.0
000051	1076	37	TP	0.781214414282041	0.0	1.818197472688532	0.0025758844396886918	332.0,28.0,467.0,323.0	51.0,1076.0,63.0,1076.0
000051	1080	38	TP	0.781866881925589	0.0	1.3409538891359107	0.002421364092784058	331.0,24.0,466.0,319.0	51.0,1080.0,63.0,1080.0
000051	1091	39	TP	0.7724720132134336	0.0	2.0835295533171174	0.0013146732607929033	318.0,17.0,450.0,312.0	51.0,1091.0,63.0,1091.0
000051	1092	40	TP	0.7733655996773365	0.0	1.7704830384527785	0.0024778932544294837	318.0,15.0,450.0,311.0	51.0,1092.0,63.0,1092.0
000051	1110	41	TP	0.7724240988446258	0.0	2.7795561616680406	0.0026657396498550564	308.0,12.0,442.0,309.0	51.0,1110.0,63.0,1110.0
000051	1111	42	TP	0.7616323556203316	0.0	1.7468414645357646	0.0031247831417702886	308.0,11.0,442.0,308.0	51.0,1111.0,63.0,1111.0
000051	1149	43	TP	0.7545232807892533	0.0	2.153359676461359	0.0018815342660779425	300.0,4.0,436.0,302.0	51.0,1149.0,63.0,1149.0
000051	1150	44	TP	0.7536316306840937	0.0	1.9875994579897738	0.005336016714686676	300.0,4.0,436.0,302.0	51.0,1150.0,63.0,1150.0
000051	1160	45	TP	0.7465618860510805	0.0	1.78286215142763	0.002354872408241224	299.0,5.0,437.0,303.0	51.0,1160.0,63.0,1160.0
000051	1182	46	TP	0.7598632109431246	0.0	2.490399538581224	0.004133828840797317	324.0,9.0,461.0,308.0	51.0,1182.0,63.0,1182.0
000051	1220	47	TP	0.7482040229885057	0.0	2.5658987925765957	0.005495875378301071	324.0,27.0,462.0,326.0	51.0,1220.0,63.0,1220.0
000051	1528	48	TP	0.7235815044278764	0.0	2.7779596252413254	0.008454179595665502	316.0,2.0,448.0,306.0	51.0,1528.0,63.0,1528.0
000051	1536	49	TP	0.7098658738938053	0.0	3.351280215580307	0.008183022309233975	317.0,0.0,448.0,306.0	51.0,1536.0,63.0,1536.0
000051	1545	50	TP	0.7152336095162788	0.0	2.5844262223518677	0.004915173822574288	320.0,13.0,451.0,320.0	51.0,1545.0,63.0,1545.0
000051	1566	51	TP	0.7196926097701344	0.0	2.852617066119219	0.0026482698957310327	327.0,8.0,462.0,317.0	51.0,1566.0,63.0,1566.0
000051	1571	52	TP	0.7148153141008358	0.0	3.407176825884292	0.003401131055276852	330.0,10.0,465.0,320.0	51.0,1571.0,63.0,1571.0
000051	1584	53	TP	0.722936513223636	0.0	3.2169177368607067	0.002289302062148853	332.0,1.0,470.0,313.0	51.0,1584.0,63.0,1584.0
000051	1588	54	TP	0.7149668874172186	0.0	3.302991550680374	0.001783817141387218	331.0,-8.0,470.0,305.0	51.0,1588.0,63.0,1588.0
000051	1603	55	TP	0.6892087255437401	0.0	5.070235123813803	0.014125447039004934	343.0,-27.0,487.0,291.0	51.0,1603.0,63.0,1603.0
000051	1611	56	TP	0.6919524855896309	0.0	3.690707789456795	0.002753774541626337	336.0,-33.0,483.0,286.0	51.0,1611.0,63.0,1611.0
000051	1617	57	TP	0.6909810126582279	0.0	3.9124833093433082	0.002568669768367747	334.0,-37.0,482.0,283.0	51.0,1617.0,63.0,1617.0
000051	1628	58	TP	0.7053453377825348	0.0	5.202524714396225	0.015002910662640522	348.0,-25.0,497.0,296.0	51.0,1628.0,63.0,1628.0
000051	1629	59	TP	0.7172715540306588	0.0	4.372625095961017	0.011143440037698155	348.0,-22.0,498.0,299.0	51.0,1629.0,63.0,1629.0
000051	1645	60	TP	0.7277519379844961	0.0	3.0767241096925413	0.01084071218071281	359.0,-25.0,510.0,298.0	51.0,1645.0,63.0,1645.0
000051	1650	61	TP	0.7141318065687814	0.0	4.606841687470227	0.009188927976426767	362.0,-28.0,514.0,296.0	51.0,1650.0,63.0,1650.0
000051	1673	62	TP	0.7111904761904762	0.0	4.366271487642028	0.007047791140795285	396.0,-33.0,548.0,296.0	51.0,1673.0,63.0,1673.0
000051	1674	63	TP	0.7100472216447388	0.0	4.55728554646974	0.008743517756117224	399.0,-32.0,552.0,297.0	51.0,1674.0,63.0,1674.0
000051	1687	64	TP	0.7051039146529863	0.0	4.280321681441777	0.00823025026263807	400.0,-39.0,555.0,294.0	51.0,1687.0,63.0,1687.0
000051	1693	65	TP	0.7225868277384133	0.0	4.336620608562836	0.010380301460281613	401.0,-35.0,558.0,298.0	51.0,1693.0,63.0,1693.0
000051	1698	66	TP	0.7479298164340726	0.0	4.541585984251017	0.010460050652330735	401.0,-33.0,559.0,301.0	51.0,1698.0,63.0,1698.0
000051	1699	67	TP	0.7257294889962116	0.0	5.106323268983569	0.01048119704194701	402.0,-32.0,559.0,301.0	51.0,1699.0,63.0,1699.0
000051	1700	68	TP	0.7245962266331513	0.0	4.7154851296983855	0.010966786659656579	401.0,-31.0,559.0,303.0	51.0,1700.0,63.0,1700.0
000051	1708	69	TP	0.7227590518956403	0.0	4.5576723858041905	0.013898221072793556	406.0,-38.0,565.0,298.0	51.0,1708.0,63.0,1708.0
000051	1709	70	TP	0.7229630049931911	0.0	4.70732846991163	0.007877853485226656	406.0,-40.0,565.0,297.0	51.0,1709.0,63.0,1709.0
000051	1715	71	TP	0.7159694742792538	0.0	5.53461488487572	0.011865271931229675	405.0,-38.0,563.0,300.0	51.0,1715.0,63.0,1715.0
000051	1717	72	TP	0.7330053161407081	0.0	4.564586304105546	0.008783342938723262	403.0,-36.0,562.0,301.0	51.0,1717.0,63.0,1717.0
000051	1729	73	TP	0.747174703379083	0.0	4.946945505944307	0.010485659594212864	403.0,-23.0,563.0,315.0	51.0,1729.0,63.0,1729.0
000051	1927	74	TP	0.6906977300452077	0.0	4.068613514859034	0.009867813561175153	302.0,-73.0,464.0,296.0	51.0,1927.0,63.0,1927.0
000054	1	75	TP	0.9812658635832561	0.0	3.7645130271063296	0.060722240232896595	118.0,47.0,236.0,328.0	54.0,1.0,66.0,1.0
000054	22	76	TP	0.9804017041996348	0.0	2.981714835605065	0.05361682939128953	145.0,40.0,259.0,322.0	54.0,22.0,66.0,22.0
000054	32	77	TP	0.9772171823868108	0.0	2.609087279373285	0.05645489148298602	155.0,60.0,262.0,340.0	54.0,32.0,66.0,32.0
000054	38	78	TP	0.9753637083663346	0.0	3.8938893465581494	0.05817185139483707	145.0,40.0,253.0,319.0	54.0,38.0,66.0,38.0
000054	43	79	TP	0.9752233620119126	0.0	3.489792430979028	0.060626812411763265	141.0,9.0,249.0,290.0	54.0,43.0,66.0,43.0
000054	50	80	TP	0.9782590690740434	0.0	2.5695323842267515	0.05141677795501666	133.0,8.0,243.0,289.0	54.0,50.0,66.0,50.0
000054	56	81	TP	0.9769055980169387	0.0	3.145375918666245	0.06399858038698994	122.0,18.0,233.0,299.0	54.0,56.0,66.0,56.0
000054	63	82	TP	0.9761806812571993	0.0	3.3974091619699323	0.05478904765417544	134.0,7.0,245.0,289.0	54.0,63.0,66.0,63.0
000054	69	83	TP	0.9771346469622332	0.0	3.7751264188256473	0.05825231555906315	145.0,-1.0,252.0,283.0	54.0,69.0,66.0,69.0
000054	81	84	TP	0.976570642431317	0.0	2.0080470642698156	0.05968816730172235	188.0,24.0,293.0,307.0	54.0,81.0,66.0,81.0
000054	86	85	TP	0.9747990169533886	0.0	3.865313803026901	0.06357566252523265	182.0,34.0,287.0,318.0	54.0,86.0,66.0,86.0
000054	90	86	TP	0.9721785211559162	0.0	3.8806898858359453	0.0661786898899867	178.0,24.0,284.0,310.0	54.0,90.0,66.0,90.0
000054	135	87	TP	0.9658244413126635	0.0	3.326638184257149	0.04897020642689365	192.0,40.0,289.0,298.0	54.0,135.0,66.0,135.0
000054	202	88	TP	0.9642046743816656	0.0	2.2847824611672753	0.04051208745620656	201.0,66.0,292.0,310.0	54.0,202.0,66.0,202.0
000054	390	89	TP	0.9564324934571766	0.0	1.2601355849117746	0.05105582826518579	193.0,58.0,288.0,316.0	54.0,390.0,66.0,390.0
000054	479	90	TP	0.957202784719743	0.0	1.0457184174481957	0.06014656982229407	213.0,6.0,314.0,286.0	54.0,479.0,66.0,479.0
000054	514	91	TP	0.9371751886001677	0.0	0.6094985519768364	0.05924759322043417	229.0,-13.0,332.0,279.0	54.0,514.0,66.0,514.0
000054	520	92	TP	0.9455314209915436	0.0	1.7536896817836762	0.05998471816590038	232.0,-11.0,336.0,282.0	54.0,520.0,66.0,520.0
000054	524	93	TP	0.9503146464854193	0.0	0.6964753584456588	0.0564166857982695	227.0,-12.0,332.0,282.0	54.0,524.0,66.0,524.0
000054	530	94	TP	0.9554150520089741	0.0	1.9806126580510839	0.05439893552046687	221.0,-7.0,326.0,288.0	54.0,530.0,66.0,530.0
000054	537	95	TP	0.9595293927387402	0.0	1.227946335240737	0.05876091739881953	221.0,8.0,327.0,305.0	54.0,537.0,66.0,537.0
000054	543	96	TP	0.9545946813204444	0.0	1.560683261361294	0.05944486835136727	224.0,15.0,330.0,313.0	54.0,543.0,66.0,543.0
000054	560	97	TP	0.963270608613495	0.0	1.1637230647711752	0.05136054703250316	229.0,18.0,336.0,319.0	54.0,560.0,66.0,560.0
000054	561	98	TP	0.9624597502552423	0.0	1.9421109751346601	0.05373123195373947	228.0,19.0,336.0,320.0	54.0,561.0,66.0,561.0
000054	568	99	TP	0.9641540908561896	0.0	1.4153258297630589	0.05477926889672304	216.0,18.0,324.0,320.0	54.0,568.0,66.0,568.0
000054	577	100	TP	0.9618744731397042	0.0	1.3284726963136158	0.054709644513090516	208.0,19.0,316.0,322.0	54.0,577.0,66.0,577.0
000054	583	101	TP	0.9624757632209253	0.0	1.5273842010269338	0.04981512922154138	204.0,19.0,314.0,323.0	54.0,583.0,66.0,583.0
000054	588	102	TP	0.9632645332323424	0.0	1.4349371194689686	0.04883595534815494	205.0,22.0,314.0,326.0	54.0,588.0,66.0,588.0
000054	589	103	TP	0.9609578935421632	0.0	1.1752188813842628	0.05344199439748911	205.0,23.0,314.0,328.0	54.0,589.0,66.0,589.0
000054	595	104	TP	0.9638595038211045	0.0	0.9415462051425654	0.04891609611626702	205.0,28.0,315.0,332.0	54.0,595.0,66.0,595.0
000054	598	105	TP	0.9591184324344654	0.0	1.3451702242767045	0.04729235977754323	203.0,30.0,314.0,335.0	54.0,598.0,66.0,598.0
000054	604	106	TP	0.9621490078622239	0.0	2.5752793866160664	0.0442006562836158	200.0,35.0,310.0,340.0	54.0,604.0,66.0,604.0
000054	681	107	TP	0.9647158173006315	0.0	3.8383110398654536	0.06051848619732423	144.0,42.0,257.0,344.0	54.0,681.0,66.0,681.0
000054	741	108	TP	0.9696558303368313	0.0	5.841843909892693	0.0394766501795818	151.0,56.0,263.0,356.0	54.0,741.0,66.0,741.0
000054	866	109	TP	0.9755918247316571	0.0	6.179766947542516	0.018123008343180255	179.0,67.0,291.0,364.0	54.0,866.0,66.0,866.0
000054	1012	110	TP	0.9816627651273321	0.0	4.649034858174009	0.015667329552970538	202.0,66.0,314.0,368.0	54.0,1012.0,66.0,1012.0
000054	1024	111	TP	0.981516037038341	0.0	4.915158773823161	0.015527991704123084	238.0,61.0,351.0,365.0	54.0,1024.0,66.0,1024.0
000054	1025	112	TP	0.9827361907105938	0.0	4.233150890151644	0.013102788733855434	241.0,63.0,354.0,366.0	54.0,1025.0,66.0,1025.0
000054	1028	113	TP	0.9857623790152896	0.0	3.780603673611259	0.015175305140479886	246.0,69.0,359.0,373.0	54.0,1028.0,66.0,1028.0
000054	1029	114	TP	0.985013480864176	0.0	3.0149295565953413	0.022947283657807745	246.0,70.0,359.0,374.0	54.0,1029.0,66.0,1029.0
000054	1032	115	TP	0.9838114468736945	0.0	4.054869198275698	0.021984787711908278	247.0,72.0,361.0,377.0	54.0,1032.0,66.0,1032.0
000054	1033	116	TP	0.9851607298001738	0.0	4.189607969772729	0.02267663163204253	247.0,71.0,361.0,376.0	54.0,1033.0,66.0,1033.0
000054	1039	117	TP	0.9832138425479112	0.0	5.484591766844646	0.015777485232787797	237.0,60.0,352.0,367.0	54.0,1039.0,66.0,1039.0
000054	1042	118	TP	0.9867157655642358	0.0	2.7120821582392156	0.026299530762489916	230.0,57.0,344.0,363.0	54.0,1042.0,66.0,1042.0
000054	1063	119	TP	0.9854646191730223	0.0	2.7973778412687387	0.021970754491695374	197.0,43.0,311.0,349.0	54.0,1063.0,66.0,1063.0
000054	1068	120	TP	0.9884144887041265	0.0	3.136291071634145	0.022888562493971233	193.0,37.0,307.0,343.0	54.0,1068.0,66.0,1068.0
000054	1080	121	TP	0.9888824669363887	0.0	2.7252726166884416	0.0262753552080349	185.0,30.0,300.0,336.0	54.0,1080.0,66.0,1080.0
000054	1083	122	TP	0.990035708212889	0.0	3.8356669955275007	0.01829305866466779	185.0,29.0,299.0,335.0	54.0,1083.0,66.0,1083.0
000054	1089	123	TP	0.9867910396949683	0.0	2.6174156508592237	0.020407484551365512	192.0,28.0,306.0,334.0	54.0,1089.0,66.0,1089.0
000054	1096	124	TP	0.9874125874125874	0.0	3.1864599519834567	0.02157470257515128	201.0,33.0,314.0,339.0	54.0,1096.0,66.0,1096.0
000054	1106	125	TP	0.9909265878471267	0.0	3.636176925864316	0.015628888162112126	205.0,52.0,318.0,357.0	54.0,1106.0,66.0,1106.0
000054	1110	126	TP	0.991995583770356	0.0	3.500668385121572	0.020614153256382675	216.0,70.0,330.0,374.0	54.0,1110.0,66.0,1110.0
000054	1111	127	TP	0.9911920140927775	0.0	2.221120254874404	0.027545996453191224	219.0,73.0,332.0,376.0	54.0,1111.0,66.0,1111.0
000054	1134	128	TP	0.9902552541633336	0.0	2.9777987620869117	0.02876252710151498	134.0,49.0,247.0,343.0	54.0,1134.0,66.0,1134.0
000054	1178	129	TP	0.9917839420808591	0.0	3.217001096376634	0.017810986611653864	131.0,75.0,239.0,352.0	54.0,1178.0,66.0,1178.0
000054	1355	130	TP	0.9944631500187056	0.0	1.10809645722224	0.03635236764413831	163.0,86.0,275.0,377.0	54.0,1355.0,66.0,1355.0
000054	1531	131	TP	0.996638364234968	0.0	3.578074855375953	0.04171332414597154	175.0,88.0,292.0,391.0	54.0,1531.0,66.0,1531.0
000054	1539	132	TP	0.9951300383379961	0.0	2.0045237123327757	0.04068167549406441	175.0,90.0,293.0,395.0	54.0,1539.0,66.0,1539.0
000054	1543	133	TP	0.9952882483370288	0.0	3.606898766134018	0.039828709172788926	184.0,92.0,302.0,396.0	54.0,1543.0,66.0,1543.0
000054	1547	134	TP	0.9977113530758027	0.0	4.647114737220624	0.04227049152099957	190.0,100.0,308.0,404.0	54.0,1547.0,66.0,1547.0
000054	1550	135	TP	0.9975022549087629	0.0	4.0010936792155976	0.041419311343939766	194.0,102.0,311.0,406.0	54.0,1550.0,66.0,1550.0
000054	1557	136	TP	0.9982045438850908	0.0	3.299352930653914	0.044095256104765404	194.0,98.0,311.0,403.0	54.0,1557.0,66.0,1557.0
000054	1559	137	TP	0.9980022732752385	0.0	3.2783179125012887	0.044253807053743044	194.0,95.0,311.0,400.0	54.0,1559.0,66.0,1559.0
000054	1568	138	TP	0.9962001696352841	0.0	4.48462447337893	0.04549300034876477	184.0,92.0,302.0,400.0	54.0,1568.0,66.0,1568.0
000054	1573	139	TP	0.997717661274082	0.0	3.5448864726478964	0.04485516817417759	173.0,90.0,290.0,399.0	54.0,1573.0,66.0,1573.0
000054	1580	140	TP	0.9990070499453877	0.0	5.111278537505641	0.04605679180310135	162.0,87.0,280.0,398.0	54.0,1580.0,66.0,1580.0
000054	1585	141	TP	0.99780241406455	0.0	4.237241958869189	0.048507436501250216	158.0,88.0,276.0,400.0	54.0,1585.0,66.0,1585.0
000054	1595	142	TP	0.9982331577397506	0.0	4.733749346805047	0.050934977497280896	171.0,75.0,288.0,388.0	54.0,1595.0,66.0,1595.0
000054	1597	143	TP	0.9982003206701351	0.0	4.277875724211347	0.05114726995203461	174.0,73.0,291.0,386.0	54.0,1597.0,66.0,1597.0
000054	1605	144	TP	0.9983226443019241	0.0	4.862242170566342	0.04533703475094505	188.0,70.0,306.0,382.0	54.0,1605.0,66.0,1605.0
000054	1613	145	TP	0.998649494383873	0.0	5.613554157398672	0.047455807434781894	194.0,75.0,312.0,387.0	54.0,1613.0,66.0,1613.0
000054	1619	146	TP	0.9994398312903651	0.0	4.171453543654773	0.04603247359874228	198.0,82.0,315.0,394.0	54.0,1619.0,66.0,1619.0
000054	1625	147	TP	0.9990095414176764	0.0	4.054909715573845	0.047915331888315295	206.0,84.0,323.0,396.0	54.0,1625.0,66.0,1625.0
000054	1663	148	TP	0.99938570966699	0.0	6.023079904899947	0.04893021915414729	202.0,64.0,321.0,379.0	54.0,1663.0,66.0,1663.0
000054	1844	149	TP	1.0	0.0	5.411633314381369	0.03878950644578239	204.0,46.0,329.0,378.0	54.0,1844.0,66.0,1844.0
000055	22	150	TP	0.801401696790852	0.0	170.808508219663	0.03889692232007866	391.0,48.0,469.0,299.0	55.0,22.0,67.0,22.0
000055	42	151	TP	0.8223431265868698	0.0	171.76943875332844	0.011998618506273028	416.0,56.0,495.0,308.0	55.0,42.0,67.0,42.0
000055	49	152	TP	0.7981478801909998	0.0	171.61917257651612	0.011082712368706588	421.0,49.0,503.0,301.0	55.0,49.0,67.0,49.0
000055	62	153	TP	0.7762687634024303	0.0	168.21975018240127	0.029839754708679667	416.0,28.0,502.0,281.0	55.0,62.0,67.0,62.0
000055	89	154	TP	0.7850390770375884	0.0	168.24358366469565	0.05132277189674437	380.0,45.0,460.0,293.0	55.0,89.0,67.0,89.0
000055	100	155	TP	0.7680760942260534	0.0	169.3040413232013	0.0236520513495983	369.0,51.0,450.0,298.0	55.0,100.0,67.0,100.0
000055	128	156	TP	0.7947112551561579	0.0	172.15172161695003	0.03003684729716705	295.0,30.0,364.0,280.0	55.0,128.0,67.0,128.0
000055	205	157	TP	0.7701583611797181	0.0	169.30967880327026	0.022871836908312425	326.0,35.0,400.0,286.0	55.0,205.0,67.0,205.0
000055	360	158	TP	0.745494436608682	0.0	41.81991733433259	0.27896250801297384	370.0,51.0,444.0,288.0	55.0,360.0,67.0,360.0
000055	454	159	TP	0.7497622067216233	0.0	26.139336403108103	0.10528038980136155	389.0,85.0,462.0,315.0	55.0,454.0,67.0,454.0
000055	512	160	TP	0.7388843977364592	0.0	24.806442409773712	0.08724379597870843	361.0,74.0,431.0,302.0	55.0,512.0,67.0,512.0
000055	513	161	TP	0.7318787878787879	0.0	20.045450837907122	0.1281804994732724	362.0,74.0,433.0,301.0	55.0,513.0,67.0,513.0
000055	526	162	TP	0.7357550429960621	0.0	23.186951926379052	0.08579209439215024	362.0,71.0,433.0,298.0	55.0,526.0,67.0,526.0
000055	530	163	TP	0.7218915875824352	0.0	26.49384958310881	0.0894220167459871	356.0,69.0,429.0,297.0	55.0,530.0,67.0,530.0
000055	546	164	TP	0.7139626907857547	0.0	26.50297618027539	0.08359268039616856	333.0,63.0,404.0,290.0	55.0,546.0,67.0,546.0
000055	562	165	TP	0.7271850899742931	0.0	36.93420805924308	0.1141596014371689	340.0,69.0,412.0,296.0	55.0,562.0,67.0,562.0
000055	563	166	TP	0.7175743964065132	0.0	23.552151589162865	0.09021219365222766	343.0,67.0,416.0,294.0	55.0,563.0,67.0,563.0
000055	588	167	TP	0.735994170984456	0.0	24.726135838355503	0.08953765565575098	316.0,80.0,389.0,305.0	55.0,588.0,67.0,588.0
000055	598	168	TP	0.7216235923195333	0.0	28.870536508312068	0.07489068843281366	322.0,75.0,395.0,300.0	55.0,598.0,67.0,598.0
000055	603	169	TP	0.7151775579698395	0.0	31.07373171451629	0.0946772303272604	323.0,76.0,396.0,301.0	55.0,603.0,67.0,603.0
000055	610	170	TP	0.7117727749536028	0.0	20.716494755264517	0.10585480462359294	326.0,75.0,400.0,300.0	55.0,610.0,67.0,610.0
000055	612	171	TP	0.7149540248427165	0.0	20.692792615563956	0.10998866604662684	327.0,74.0,401.0,300.0	55.0,612.0,67.0,612.0
000055	618	172	TP	0.7222088256571015	0.0	26.568051589875076	0.062308708735923535	327.0,82.0,401.0,307.0	55.0,618.0,67.0,618.0
000055	621	173	TP	0.7349058122685558	0.0	29.48536954709232	0.10575799068869386	322.0,88.0,395.0,313.0	55.0,621.0,67.0,621.0
000055	622	174	TP	0.7240547063555913	0.0	27.85568757913528	0.07040477978632789	322.0,89.0,395.0,313.0	55.0,622.0,67.0,622.0
000055	638	175	TP	0.718322331347609	0.0	23.57048559034391	0.10289008902430016	306.0,90.0,380.0,314.0	55.0,638.0,67.0,638.0
000055	641	176	TP	0.7141821112006447	0.0	22.84508273106002	0.07886513104511403	303.0,90.0,377.0,314.0	55.0,641.0,67.0,641.0
000055	649	177	TP	0.725521798694496	0.0	23.433655278422055	0.08641956274251607	303.0,93.0,378.0,317.0	55.0,649.0,67.0,649.0
000055	654	178	TP	0.7234197142165173	0.0	27.37161597613707	0.11183472224922665	304.0,97.0,379.0,321.0	55.0,654.0,67.0,654.0
000055	663	179	TP	0.7082162075335314	0.0	24.24834899549126	0.07611544441568033	314.0,95.0,391.0,319.0	55.0,663.0,67.0,663.0
000055	793	180	TP	0.7075384615384616	0.0	15.579885989012078	0.08654990595323861	377.0,97.0,459.0,322.0	55.0,793.0,67.0,793.0
000055	920	181	TP	0.6984755108660395	0.0	17.030806924749665	0.11682471800560214	376.0,67.0,469.0,313.0	55.0,920.0,67.0,920.0
000055	1025	182	TP	0.6988414432307183	0.0	10.904026876347217	0.09865769072681368	323.0,58.0,411.0,298.0	55.0,1025.0,67.0,1025.0
000055	1038	183	TP	0.6971274212676242	0.0	12.504119797135456	0.08717800956531928	331.0,54.0,419.0,294.0	55.0,1038.0,67.0,1038.0
000055	1040	184	TP	0.6976284584980237	0.0	11.78813762292621	0.08886362757736933	334.0,54.0,422.0,294.0	55.0,1040.0,67.0,1040.0
000055	1041	185	TP	0.7004805476927128	0.0	12.0376614095741	0.0640501852741069	336.0,54.0,423.0,294.0	55.0,1041.0,67.0,1041.0
000055	1042	186	TP	0.7001250575923122	0.0	11.339567656862846	0.08654245161934639	336.0,54.0,424.0,295.0	55.0,1042.0,67.0,1042.0
000055	1044	187	TP	0.7032041581683005	0.0	12.094224149636146	0.07088794001893914	337.0,55.0,425.0,296.0	55.0,1044.0,67.0,1044.0
000055	1046	188	TP	0.6991394600275899	0.0	11.371701551937475	0.07253329421287269	337.0,57.0,425.0,297.0	55.0,1046.0,67.0,1046.0
000055	1048	189	TP	0.6959259988191301	0.0	10.91271065522169	0.08289084645524822	337.0,58.0,425.0,299.0	55.0,1048.0,67.0,1048.0
000055	1049	190	TP	0.6991295241835198	0.0	12.233172440715853	0.0701500311914703	337.0,58.0,426.0,299.0	55.0,1049.0,67.0,1049.0
000055	1053	191	TP	0.6999542812357129	0.0	12.054281052795941	0.07744052482392924	336.0,59.0,425.0,299.0	55.0,1053.0,67.0,1053.0
000055	1055	192	TP	0.6983028720626632	0.0	10.266137619150646	0.07593733312280067	337.0,58.0,425.0,298.0	55.0,1055.0,67.0,1055.0
000055	1064	193	TP	0.6976849750340445	0.0	10.790941147331253	0.07734274261402156	340.0,53.0,429.0,294.0	55.0,1064.0,67.0,1064.0
000055	1068	194	TP	0.6995530219602254	0.0	12.246677350819919	0.07301323237711395	339.0,52.0,429.0,294.0	55.0,1068.0,67.0,1068.0
000055	1088	195	TP	0.7005891111542695	0.0	11.898943908241247	0.055812236559833424	336.0,49.0,423.0,291.0	55.0,1088.0,67.0,1088.0
000055	1100	196	TP	0.6992495795057575	0.0	12.120321970237322	0.06293078653050446	330.0,45.0,418.0,287.0	55.0,1100.0,67.0,1100.0
000055	1103	197	TP	0.699896560641324	0.0	10.40866255561427	0.08137101734816252	330.0,45.0,418.0,286.0	55.0,1103.0,67.0,1103.0
000055	1115	198	TP	0.7046772323154232	0.0	11.724094932104332	0.07260760890345695	327.0,39.0,414.0,280.0	55.0,1115.0,67.0,1115.0
000055	1120	199	TP	0.7022508038585209	0.0	12.097176008967674	0.0688176958673166	326.0,38.0,412.0,280.0	55.0,1120.0,67.0,1120.0
000055	1132	200	TP	0.6915023444023379	0.0	12.138832502132772	0.06426888186634952	321.0,40.0,407.0,281.0	55.0,1132.0,67.0,1132.0
000055	1136	201	TP	0.6990048154093098	0.0	12.336512357203066	0.056969971625839284	321.0,38.0,407.0,279.0	55.0,1136.0,67.0,1136.0
000055	1147	202	TP	0.6936885141177974	0.0	11.16810869388283	0.06323920751576263	315.0,33.0,400.0,275.0	55.0,1147.0,67.0,1147.0
000055	1151	203	TP	0.688641425389755	0.0	12.098691868601897	0.06443860180997185	313.0,31.0,399.0,273.0	55.0,1151.0,67.0,1151.0
000055	1161	204	TP	0.6872508699778551	0.0	10.951730736424713	0.05755907918120773	308.0,32.0,393.0,275.0	55.0,1161.0,67.0,1161.0
000055	1164	205	TP	0.6885837235792938	0.0	11.958385832807036	0.05568263118943259	308.0,34.0,394.0,277.0	55.0,1164.0,67.0,1164.0
000055	1176	206	TP	0.6885516540732745	0.0	11.957306343329764	0.07126078605984736	305.0,32.0,389.0,275.0	55.0,1176.0,67.0,1176.0
000055	1177	207	TP	0.6907844630616908	0.0	12.037781192324106	0.06052913851137311	305.0,33.0,390.0,275.0	55.0,1177.0,67.0,1177.0
000055	1189	208	TP	0.6914583068917375	0.0	11.383366189749855	0.06669573655241179	298.0,32.0,382.0,274.0	55.0,1189.0,67.0,1189.0
000055	1347	209	TP	0.7104290822407628	0.0	12.453276163733692	0.04988726289810286	281.0,30.0,372.0,276.0	55.0,1347.0,67.0,1347.0
000055	1520	210	TP	0.7243075481641975	0.0	9.402471097685826	0.04670294317879851	281.0,21.0,370.0,266.0	55.0,1520.0,67.0,1520.0
000055	1543	211	TP	0.7185288316510036	0.0	8.038186994278238	0.047305726312939424	253.0,37.0,342.0,283.0	55.0,1543.0,67.0,1543.0
000055	1563	212	TP	0.7242638534662648	0.0	8.202748004527908	0.052292597820319864	255.0,34.0,344.0,280.0	55.0,1563.0,67.0,1563.0
000055	1567	213	TP	0.7202063528866218	0.0	10.154629761578107	0.055249936592105545	253.0,36.0,343.0,281.0	55.0,1567.0,67.0,1567.0
000055	1585	214	TP	0.7227860581105376	0.0	9.58370875441913	0.05614334636371608	261.0,32.0,350.0,277.0	55.0,1585.0,67.0,1585.0
000055	1592	215	TP	0.7130789397028838	0.0	8.670945442642852	0.045680151856740854	268.0,29.0,357.0,274.0	55.0,1592.0,67.0,1592.0
000055	1603	216	TP	0.7149562870386669	0.0	8.828960374729318	0.0499119716603137	282.0,26.0,370.0,270.0	55.0,1603.0,67.0,1603.0
000055	1604	217	TP	0.7174919425725168	0.0	11.044868015989048	0.04779118877879606	284.0,25.0,373.0,270.0	55.0,1604.0,67.0,1604.0
000055	1609	218	TP	0.725583864118896	0.0	11.554153317030304	0.054539772853214555	294.0,25.0,382.0,268.0	55.0,1609.0,67.0,1609.0
000055	1612	219	TP	0.7193531251844419	0.0	11.265237894713957	0.03526104416997607	297.0,28.0,385.0,271.0	55.0,1612.0,67.0,1612.0
000055	1625	220	TP	0.7176202176202177	0.0	12.03206216904508	0.05434388385456696	285.0,34.0,374.0,279.0	55.0,1625.0,67.0,1625.0
000055	1632	221	TP	0.7169126259077068	0.0	10.499840978310216	0.042690445483478674	288.0,35.0,377.0,279.0	55.0,1632.0,67.0,1632.0
000055	1643	222	TP	0.7110539545215409	0.0	11.620130075088394	0.043545976474449175	287.0,40.0,376.0,284.0	55.0,1643.0,67.0,1643.0
000055	1666	223	TP	0.7130333138515488	0.0	12.221918793769111	0.06869137126831693	293.0,53.0,383.0,297.0	55.0,1666.0,67.0,1666.0
000055	1717	224	TP	0.6991130185979971	0.0	12.841758495421464	0.04740591648267837	287.0,60.0,379.0,306.0	55.0,1717.0,67.0,1717.0
000057	1	225	TP	0.9904527410682881	0.0	2.1958933119291713	0.005597782029051879	422.0,41.0,561.0,287.0	57.0,1.0,69.0,1.0
000057	24	226	TP	0.9929773152124488	0.0	2.436030464257278	0.004451365454771393	422.0,46.0,559.0,291.0	57.0,24.0,69.0,24.0
000057	38	227	TP	0.990711602882956	0.0	2.4468249332793	0.006849430845711333	423.0,51.0,558.0,295.0	57.0,38.0,69.0,38.0
000057	49	228	TP	0.989272030651341	0.0	2.393361798813598	0.0030540981940380516	412.0,62.0,547.0,306.0	57.0,49.0,69.0,49.0
000057	61	229	TP	0.9939663547578872	0.0	1.89388499749055	0.005820755661435298	414.0,70.0,548.0,314.0	57.0,61.0,69.0,61.0
000057	74	230	TP	0.9948924868481537	0.0	2.576495600466	0.008428610417800832	412.0,82.0,547.0,326.0	57.0,74.0,69.0,74.0
000057	81	231	TP	0.9960558252427184	0.0	2.1339735975545056	0.009912273501633586	403.0,62.0,536.0,308.0	57.0,81.0,69.0,81.0
000057	88	232	TP	0.9953842252092315	0.0	2.4797151958915915	0.009365920892785314	392.0,54.0,521.0,300.0	57.0,88.0,69.0,88.0
000057	119	233	TP	0.9948124501197126	0.0	2.478222471991943	0.016033826771009216	391.0,48.0,520.0,297.0	57.0,119.0,69.0,119.0
000057	246	234	TP	0.995684229455134	0.0	2.2454078184686797	0.007249466677038142	398.0,19.0,536.0,284.0	57.0,246.0,69.0,246.0
000057	483	235	TP	0.9962795535464256	0.0	0.6449518976996822	0.01043107566724699	414.0,78.0,558.0,361.0	57.0,483.0,69.0,483.0
000057	518	236	TP	0.9974445667557792	0.0	1.0561390782601554	0.005957536940493404	399.0,84.0,541.0,371.0	57.0,518.0,69.0,518.0
000057	526	237	TP	0.9968742674064234	0.0	1.1340415047083088	0.006350746823438965	391.0,86.0,532.0,373.0	57.0,526.0,69.0,526.0
000057	528	238	TP	0.9971111805121798	0.0	1.412171437327149	0.009611225439851441	389.0,87.0,530.0,375.0	57.0,528.0,69.0,528.0
000057	537	239	TP	0.9982236638863144	0.0	1.4468252680629632	0.005437275589436749	387.0,81.0,528.0,371.0	57.0,537.0,69.0,537.0
000057	541	240	TP	0.9985784539726449	0.0	0.37206730726254106	0.0083562026193388	391.0,76.0,532.0,367.0	57.0,541.0,69.0,541.0
000057	553	241	TP	0.9982155061128407	0.0	1.1771098926926014	0.0062293047679533135	396.0,61.0,537.0,354.0	57.0,553.0,69.0,553.0
000057	554	242	TP	0.9981037621359223	0.0	1.2828111080952793	0.007529243932417308	396.0,60.0,536.0,354.0	57.0,554.0,69.0,554.0
000057	565	243	TP	0.9987312012538717	0.0	1.417708217365838	0.005422646833822809	393.0,59.0,535.0,355.0	57.0,565.0,69.0,565.0
000057	574	244	TP	0.9978838295388208	0.0	0.550116947007783	0.00855479911621823	399.0,53.0,544.0,352.0	57.0,574.0,69.0,574.0
000057	575	245	TP	0.9978146853146853	0.0	0.6194771236474016	0.006643552559650873	400.0,52.0,545.0,351.0	57.0,575.0,69.0,575.0
000057	584	246	TP	0.9981406657846748	0.0	0.8987999926522894	0.008632649367186536	398.0,54.0,546.0,355.0	57.0,584.0,69.0,584.0
000057	592	247	TP	0.997542735042735	0.0	0.9483086180402005	0.007541321693352616	395.0,70.0,544.0,371.0	57.0,592.0,69.0,592.0
000057	597	248	TP	0.9980890367329606	0.0	0.9354051999719091	0.008929528298354169	397.0,70.0,547.0,372.0	57.0,597.0,69.0,597.0
000057	606	249	TP	0.9980159420794319	0.0	1.2641513634948736	0.011439112728427138	399.0,64.0,549.0,368.0	57.0,606.0,69.0,606.0
000057	610	250	TP	0.9974612323315494	0.0	0.7977312042232929	0.010885437209842603	404.0,58.0,556.0,365.0	57.0,610.0,69.0,610.0
000057	613	251	TP	0.9978934493068768	0.0	0.8787463505705604	0.009690350341855445	404.0,59.0,559.0,367.0	57.0,613.0,69.0,613.0
000057	621	252	TP	0.9984050506728692	0.0	0.9673793914009836	0.013692250731851659	409.0,61.0,567.0,372.0	57.0,621.0,69.0,621.0
000057	790	253	TP	0.9664499415858181	0.0	1.1229908337797454	0.005013378207370772	475.0,47.0,656.0,404.0	57.0,790.0,69.0,790.0
000057	844	254	TP	0.9991609638427856	0.0	1.2625585317039338	0.009720919852649395	420.0,69.0,587.0,427.0	57.0,844.0,69.0,844.0
000057	978	255	TP	0.973743626170121	0.0	0.26491411063480574	0.004375969387376991	484.0,43.0,653.0,413.0	57.0,978.0,69.0,978.0
000057	1026	256	TP	0.9994364321028768	0.0	1.536729187363188	0.01136016414363112	457.0,54.0,611.0,428.0	57.0,1026.0,69.0,1026.0
000057	1028	257	TP	0.9991315675206253	0.0	1.1998534691827378	0.010170486475718228	457.0,53.0,611.0,427.0	57.0,1028.0,69.0,1028.0
000057	1035	258	TP	0.9993617890329828	0.0	1.658722798702498	0.011617487811651651	446.0,46.0,595.0,422.0	57.0,1035.0,69.0,1035.0
000057	1040	259	TP	0.9995399008230663	0.0	1.5619708277925175	0.011908152403060562	440.0,40.0,587.0,418.0	57.0,1040.0,69.0,1040.0
000057	1046	260	TP	0.9995953260154787	0.0	1.1679895508485723	0.011817728035022738	442.0,36.0,589.0,416.0	57.0,1046.0,69.0,1046.0
000057	1054	261	TP	0.9992811105602379	0.0	1.9564256720542355	0.010699085083426296	449.0,34.0,598.0,418.0	57.0,1054.0,69.0,1054.0
000057	1057	262	TP	0.9996061635405897	0.0	1.6846469006613245	0.012884103876632216	449.0,31.0,598.0,417.0	57.0,1057.0,69.0,1057.0
000057	1066	263	TP	0.9992957575463222	0.0	1.2960542558695107	0.009439882897861554	473.0,33.0,625.0,420.0	57.0,1066.0,69.0,1066.0
000057	1071	264	TP	0.9994139480367259	0.0	2.1892475169494072	0.008207254151333103	477.0,40.0,631.0,426.0	57.0,1071.0,69.0,1071.0
000057	1073	265	TP	0.9992382918079512	0.0	1.9978126719923597	0.007434135857845586	476.0,46.0,628.0,431.0	57.0,1073.0,69.0,1073.0
000057	1076	266	TP	0.9988327331429281	0.0	1.994350072502825	0.009850605242685677	475.0,53.0,626.0,436.0	57.0,1076.0,69.0,1076.0
000057	1078	267	TP	0.9991997599279784	0.0	2.1058120356437517	0.010746994140803663	472.0,56.0,621.0,439.0	57.0,1078.0,69.0,1078.0
000057	1081	268	TP	0.9987092528851994	0.0	1.951012509658174	0.015782702912499003	463.0,61.0,610.0,443.0	57.0,1081.0,69.0,1081.0
000057	1082	269	TP	0.9992893581381184	0.0	2.0042055932557483	0.014361308704417602	460.0,61.0,607.0,443.0	57.0,1082.0,69.0,1082.0
000057	1083	270	TP	0.9993130994479354	0.0	2.3551248020091857	0.015513958920650142	457.0,61.0,603.0,443.0	57.0,1083.0,69.0,1083.0
000057	1086	271	TP	0.9991278696934719	0.0	2.018200078423824	0.013069042774102124	448.0,62.0,592.0,444.0	57.0,1086.0,69.0,1086.0
000057	1087	272	TP	0.9989968103714374	0.0	1.7987436137104467	0.01522610526285117	445.0,63.0,589.0,444.0	57.0,1087.0,69.0,1087.0
000057	1092	273	TP	0.9995062883276167	0.0	2.1578952993856935	0.014360891689883292	442.0,63.0,583.0,444.0	57.0,1092.0,69.0,1092.0
000057	1093	274	TP	0.999635634906176	0.0	2.0889446161960428	0.014097903153752747	442.0,64.0,583.0,445.0	57.0,1093.0,69.0,1093.0
000057	1099	275	TP	0.9995271494995666	0.0	1.7872348378870844	0.014640447813148539	446.0,72.0,586.0,452.0	57.0,1099.0,69.0,1099.0
000057	1101	276	TP	0.9994734625105307	0.0	1.9369113036080807	0.012935902216312797	450.0,74.0,589.0,454.0	57.0,1101.0,69.0,1101.0
000057	1108	277	TP	0.9992320322016842	0.0	2.509548504823828	0.01565864193744525	454.0,84.0,594.0,463.0	57.0,1108.0,69.0,1108.0
000057	1116	278	TP	0.9995495734195327	0.0	2.234979326803987	0.015529868769299624	453.0,87.0,593.0,467.0	57.0,1116.0,69.0,1116.0
000057	1118	279	TP	0.9990483994607597	0.0	2.219357394441097	0.0153284309651039	453.0,86.0,594.0,466.0	57.0,1118.0,69.0,1118.0
000057	1159	280	TP	0.9875140638292034	0.0	2.649410526320915	0.010666762175105373	453.0,107.0,590.0,487.0	57.0,1159.0,69.0,1159.0
000057	1290	281	TP	0.9989482224960182	0.0	2.121287210039077	0.015288282942900784	406.0,81.0,528.0,463.0	57.0,1290.0,69.0,1290.0
000057	1440	282	TP	0.9958837470375452	0.0	3.0496334111956047	0.023231819003916954	359.0,54.0,465.0,439.0	57.0,1440.0,69.0,1440.0
000057	1527	283	TP	0.996805500623688	0.0	3.389783930049035	0.017076806429064548	381.0,100.0,493.0,480.0	57.0,1527.0,69.0,1527.0
000057	1538	284	TP	0.9994912921180202	0.0	3.3869404545164223	0.013694575253758662	374.0,87.0,483.0,468.0	57.0,1538.0,69.0,1538.0
000057	1539	285	TP	0.9993423805822921	0.0	3.344138683265974	0.013999715711655144	373.0,88.0,482.0,469.0	57.0,1539.0,69.0,1539.0
000057	1549	286	TP	0.9998201061373789	0.0	3.4527727168887643	0.011251930589265663	375.0,85.0,484.0,465.0	57.0,1549.0,69.0,1549.0
000057	1560	287	TP	0.9984813509901591	0.0	3.225930925129235	0.0081163076208953	376.0,81.0,487.0,457.0	57.0,1560.0,69.0,1560.0
000057	1563	288	TP	0.9989921509941057	0.0	3.0875480401479254	0.0048237672053310565	380.0,82.0,491.0,457.0	57.0,1563.0,69.0,1563.0
000057	1566	289	TP	0.9973325157136287	0.0	3.5232686274416283	0.010526281639615468	382.0,87.0,493.0,461.0	57.0,1566.0,69.0,1566.0
000057	1570	290	TP	0.997167051578137	0.0	3.1542593013982563	0.010387673872779116	387.0,90.0,497.0,462.0	57.0,1570.0,69.0,1570.0
000057	1585	291	TP	0.99858726697583	0.0	2.916742849236353	0.0073586900641842345	392.0,90.0,507.0,462.0	57.0,1585.0,69.0,1585.0
000057	1589	292	TP	0.9980298599353548	0.0	3.5195502152879232	0.012844776019336295	385.0,90.0,497.0,461.0	57.0,1589.0,69.0,1589.0
000057	1593	293	TP	0.9978209495749317	0.0	3.6067836906984674	0.013576927910787294	376.0,90.0,485.0,460.0	57.0,1593.0,69.0,1593.0
000057	1602	294	TP	0.9983201490485935	0.0	4.219979418159789	0.015471705172806062	369.0,83.0,479.0,454.0	57.0,1602.0,69.0,1602.0
000057	1612	295	TP	0.9972239823783229	0.0	3.32991235579077	0.013430871766367345	385.0,65.0,506.0,438.0	57.0,1612.0,69.0,1612.0
000057	1621	296	TP	0.9974859912161139	0.0	3.755835183096939	0.012125315665309173	422.0,61.0,551.0,433.0	57.0,1621.0,69.0,1621.0
000057	1628	297	TP	0.996687936797326	0.0	4.120791292393804	0.012491303169110747	450.0,56.0,584.0,427.0	57.0,1628.0,69.0,1628.0
000057	1712	298	TP	0.994343180389692	0.0	4.200916041728268	0.019580655947568044	435.0,-5.0,569.0,389.0	57.0,1712.0,69.0,1712.0
000057	1827	299	TP	0.9980429605526868	0.0	3.6933505507999795	0.01539622252562577	374.0,25.0,505.0,426.0	57.0,1827.0,69.0,1827.0
