#  Index into NumPy file "pose_data_ycbv-6-epos.npz".
#  Created at  6:50PM EDT on Sep 11, 2023
#    DATASET:   ycbv
#    OBJECT:    6
#    ESTIMATOR: epos
#  The errors reported in this file have taken discrete and continuous object symmetries into account.
#  Bounding boxes are recorded in pixel coordinates as ((upper-left x, y), (lower-right x, y)) with the origin in the upper-left.
#
#  When a row is marked as a TP, it does not necessarily mean that the bounding boxes overlap.
#  For each ground-truth instance, the prediction best overlapping that instance belongs to that ground-truth.
#  All TPs are in the corresponding *.npz file.
#
#  When a row is marked as a FN, it means that there is a ground-truth but the predictor failed to make a prediction at all.
#  FNs are NOT recorded in the *.npz at all.
#
#  When a row is marked as a FP, it means the predictor hallucinated; there is no corresponding ground-truth instance.
#  FPs are NOT recorded in the *.npz at all.
#
#  Scene  <t>  Frame  <t>  Index  <t>  Error cat.  <t>  Visibility ratio  <t>  Score  <t>  R_err(degrees)  <t>  t_err(meters)  <t>  Gr.Tr.BBox  <t>  Pred.BBox
000048	1	0	TP	0.9974096796182685	0.0	6.872185553479877	0.019689611447211985	282.0,280.0,394.0,353.0	48.0,1.0,54.0,1.0
000048	36	1	TP	1.0	0.0	4.72632691223293	0.018898521120387788	260.0,277.0,373.0,350.0	48.0,36.0,54.0,36.0
000048	47	2	TP	1.0	0.0	4.39884950868592	0.029856004371223797	289.0,275.0,401.0,348.0	48.0,47.0,54.0,47.0
000048	83	3	TP	0.999438832772166	0.0	4.526414919199503	0.04321546072771563	315.0,285.0,426.0,356.0	48.0,83.0,54.0,83.0
000048	112	4	TP	0.9988641204032372	0.0	4.763877340935615	0.035319357686045966	327.0,272.0,438.0,343.0	48.0,112.0,54.0,112.0
000048	1024	5	TP	0.9935562521769419	0.0	8.643745425801523	0.016783544089740074	341.0,292.0,438.0,358.0	48.0,1024.0,54.0,1024.0
000048	1027	6	TP	1.0	0.0	9.686974442987156	0.010680165932847614	352.0,298.0,450.0,364.0	48.0,1027.0,54.0,1027.0
000048	1059	7	TP	0.9987682562027098	0.0	13.136308781156256	0.008971761870542676	359.0,281.0,456.0,346.0	48.0,1059.0,54.0,1059.0
000048	1074	8	TP	0.9990877577084474	0.0	11.065442686681525	0.0071036903574722985	338.0,310.0,433.0,374.0	48.0,1074.0,54.0,1074.0
000048	1075	9	TP	0.9994549418604651	0.0	10.942692261605812	0.005308636290193747	336.0,305.0,431.0,370.0	48.0,1075.0,54.0,1075.0
000048	1083	10	TP	0.9948444117105505	0.0	10.941986129880176	0.0036587106852511864	344.0,304.0,438.0,368.0	48.0,1083.0,54.0,1083.0
000048	1087	11	TP	0.9992584352984798	0.0	12.61552323181694	0.009559385353216175	342.0,309.0,436.0,373.0	48.0,1087.0,54.0,1087.0
000048	1090	12	TP	0.9938028169014085	0.0	12.921045966347977	0.004583925989740183	336.0,308.0,430.0,372.0	48.0,1090.0,54.0,1090.0
000048	1094	13	TP	0.996565540927304	0.0	10.11799920478436	0.0034476544639987965	326.0,307.0,420.0,370.0	48.0,1094.0,54.0,1094.0
000048	1097	14	TP	0.9978862413528056	0.0	11.306213812509158	0.014532184552261584	329.0,304.0,422.0,366.0	48.0,1097.0,54.0,1097.0
000048	1103	15	TP	1.0	0.0	10.682320288829267	0.0044939509608915955	340.0,299.0,433.0,361.0	48.0,1103.0,54.0,1103.0
000048	1104	16	TP	0.9998083189572551	0.0	11.04224180003464	0.0035926628931436375	339.0,297.0,432.0,360.0	48.0,1104.0,54.0,1104.0
000048	1107	17	TP	0.9984547034962333	0.0	9.064809450826486	0.0050156476360569005	336.0,294.0,429.0,356.0	48.0,1107.0,54.0,1107.0
000048	1113	18	TP	0.9992239037640668	0.0	9.11464968234289	0.0107612862383745	347.0,301.0,440.0,363.0	48.0,1113.0,54.0,1113.0
000048	1119	19	TP	0.9929147805550088	0.0	12.999682628695357	0.008717076716125417	352.0,297.0,444.0,359.0	48.0,1119.0,54.0,1119.0
000048	1120	20	TP	0.9976279897212887	0.0	11.84889416543138	0.017895070218544997	352.0,297.0,444.0,358.0	48.0,1120.0,54.0,1120.0
000048	1122	21	TP	0.9968216130313866	0.0	13.103913430996796	0.010592679380844464	353.0,296.0,444.0,358.0	48.0,1122.0,54.0,1122.0
000048	1124	22	TP	0.9975874547647768	0.0	11.687964457614779	0.0019871795682195573	352.0,294.0,443.0,355.0	48.0,1124.0,54.0,1124.0
000048	1126	23	TP	0.9961436979906637	0.0	11.127096986034665	0.0037367887550958253	351.0,295.0,442.0,355.0	48.0,1126.0,54.0,1126.0
000048	1128	24	TP	0.9989841527834213	0.0	10.856312129558155	0.015475063715663106	351.0,294.0,441.0,355.0	48.0,1128.0,54.0,1128.0
000048	1132	25	TP	0.9983566146261298	0.0	11.88630042414048	0.010330995394625675	349.0,300.0,439.0,360.0	48.0,1132.0,54.0,1132.0
000048	1133	26	TP	0.9962878944112188	0.0	11.73431291824198	0.007106051881027513	348.0,300.0,438.0,360.0	48.0,1133.0,54.0,1133.0
000048	1137	27	TP	0.9882992060175512	0.0	14.240669717385643	0.0036196871834207824	341.0,302.0,430.0,362.0	48.0,1137.0,54.0,1137.0
000048	1540	28	TP	0.9957081545064378	0.0	10.903060257321297	0.005709561833387079	328.0,314.0,423.0,379.0	48.0,1540.0,54.0,1540.0
000048	1542	29	TP	0.9958978183852322	0.0	8.714949645278734	0.0063432651274125135	328.0,315.0,424.0,380.0	48.0,1542.0,54.0,1542.0
000048	1543	30	TP	0.9977645305514158	0.0	9.49889238273715	0.004925638349633934	327.0,318.0,422.0,383.0	48.0,1543.0,54.0,1543.0
000048	1568	31	TP	0.9986869255299193	0.0	9.24511105772821	0.0036601397191246858	315.0,337.0,411.0,402.0	48.0,1568.0,54.0,1568.0
000048	1569	32	TP	0.9979334961487882	0.0	9.764594904266486	0.0021370994420046277	314.0,337.0,410.0,402.0	48.0,1569.0,54.0,1569.0
000048	1571	33	TP	1.0	0.0	6.244279671190302	0.008031972096569152	317.0,340.0,412.0,405.0	48.0,1571.0,54.0,1571.0
000048	1572	34	TP	0.9969919157736417	0.0	9.516147629732227	0.004079017631290542	318.0,338.0,413.0,403.0	48.0,1572.0,54.0,1572.0
000048	1576	35	TP	1.0	0.0	9.140686319222342	0.011179990205394012	325.0,348.0,420.0,414.0	48.0,1576.0,54.0,1576.0
000048	1577	36	TP	0.9984942593638246	0.0	8.097208433914394	0.008743676355348048	323.0,350.0,419.0,415.0	48.0,1577.0,54.0,1577.0
000048	1579	37	TP	0.9981185324553151	0.0	9.425576291796585	0.0023214609584570633	324.0,349.0,419.0,414.0	48.0,1579.0,54.0,1579.0
000048	1580	38	TP	0.9896324222431668	0.0	8.554536065747914	0.009786847696010941	323.0,349.0,418.0,414.0	48.0,1580.0,54.0,1580.0
000048	1583	39	TP	0.9994337485843715	0.0	9.35736090645161	0.0053990090584947505	325.0,351.0,420.0,416.0	48.0,1583.0,54.0,1583.0
000048	1586	40	TP	0.999054462934947	0.0	8.373472816111029	0.00900809053494713	327.0,351.0,422.0,416.0	48.0,1586.0,54.0,1586.0
000048	1587	41	TP	0.9986772486772487	0.0	9.409412947568798	0.008880100271063646	326.0,350.0,421.0,415.0	48.0,1587.0,54.0,1587.0
000048	1588	42	TP	0.9996213555471413	0.0	9.809421218833045	0.0037014021615256686	323.0,352.0,418.0,417.0	48.0,1588.0,54.0,1588.0
000048	1589	43	TP	0.9977345667358882	0.0	8.681434507034243	0.0019698915123277827	323.0,353.0,418.0,418.0	48.0,1589.0,54.0,1589.0
000048	1597	44	TP	0.9994313874147082	0.0	8.505356768965155	0.007619744342876224	316.0,369.0,412.0,435.0	48.0,1597.0,54.0,1597.0
000048	1605	45	TP	0.9990474376071633	0.0	10.387385665678657	0.020960829368112558	330.0,354.0,425.0,419.0	48.0,1605.0,54.0,1605.0
000048	1608	46	TP	0.9979007633587786	0.0	10.92817307868897	0.009528540044889643	334.0,351.0,429.0,416.0	48.0,1608.0,54.0,1608.0
000048	1609	47	TP	0.9984700707592273	0.0	10.728354530920106	0.005958409288401125	333.0,349.0,428.0,414.0	48.0,1609.0,54.0,1609.0
000048	1611	48	TP	0.9988479262672811	0.0	13.485531223757956	0.00223677849007885	330.0,349.0,424.0,413.0	48.0,1611.0,54.0,1611.0
000048	1619	49	TP	0.9994220766711617	0.0	10.632402913120766	0.002488707723754645	325.0,344.0,419.0,407.0	48.0,1619.0,54.0,1619.0
000048	1622	50	TP	0.9986535872283131	0.0	11.8012057380007	0.007174954448444451	328.0,343.0,422.0,406.0	48.0,1622.0,54.0,1622.0
000048	1624	51	TP	0.9990369799691834	0.0	11.790876018858414	0.004312734116285023	329.0,343.0,423.0,406.0	48.0,1624.0,54.0,1624.0
000048	1626	52	TP	0.9990349353406678	0.0	11.353240543099673	0.006749935785628672	328.0,343.0,422.0,405.0	48.0,1626.0,54.0,1626.0
000048	1631	53	TP	0.9980820866896817	0.0	10.437151240683182	0.0033075764439094582	333.0,341.0,428.0,405.0	48.0,1631.0,54.0,1631.0
000048	1639	54	TP	0.9976971790443293	0.0	10.092209478422381	0.013901334391679999	337.0,346.0,432.0,409.0	48.0,1639.0,54.0,1639.0
000048	1641	55	TP	0.9977199315979479	0.0	8.260182811856057	0.0034743267882697223	337.0,348.0,432.0,412.0	48.0,1641.0,54.0,1641.0
000048	1643	56	TP	0.9898739014138326	0.0	8.782730710985298	0.0038871412172350643	334.0,348.0,429.0,412.0	48.0,1643.0,54.0,1643.0
000048	1644	57	TP	0.9915966386554622	0.0	10.80676310796346	0.003214212716806223	332.0,349.0,428.0,413.0	48.0,1644.0,54.0,1644.0
000048	1645	58	TP	0.9955930254838091	0.0	10.034605445700084	0.012207817737246631	331.0,348.0,426.0,411.0	48.0,1645.0,54.0,1645.0
000048	1648	59	TP	0.9940476190476191	0.0	10.267339786384111	0.003813987515487033	328.0,348.0,423.0,412.0	48.0,1648.0,54.0,1648.0
000048	1649	60	TP	0.9990404912684705	0.0	10.142681328750987	0.0050081153890700215	328.0,346.0,423.0,409.0	48.0,1649.0,54.0,1649.0
000048	1724	61	TP	0.9990582030514221	0.0	9.767873371340125	0.01936441275482371	317.0,323.0,413.0,385.0	48.0,1724.0,54.0,1724.0
000048	1874	62	TP	0.9962277091906722	0.0	7.393508323939855	0.013872953305837673	279.0,297.0,380.0,361.0	48.0,1874.0,54.0,1874.0
000048	2040	63	TP	0.994824450972164	0.0	7.444957202582854	0.013719424087161335	294.0,305.0,407.0,375.0	48.0,2040.0,54.0,2040.0
000048	2050	64	TP	0.990887753693221	0.0	8.537871969280168	0.020721663544484008	293.0,313.0,406.0,384.0	48.0,2050.0,54.0,2050.0
000048	2051	65	TP	0.9969423210562891	0.0	8.868208194562392	0.01736268502820762	292.0,314.0,405.0,384.0	48.0,2051.0,54.0,2051.0
000048	2066	66	TP	0.993735530437151	0.0	8.92017741489024	0.02220234146527403	290.0,307.0,403.0,378.0	48.0,2066.0,54.0,2066.0
000048	2069	67	TP	0.995931099959311	0.0	8.719281151667545	0.016761237945294827	287.0,304.0,401.0,375.0	48.0,2069.0,54.0,2069.0
000048	2070	68	TP	0.9873297002724796	0.0	11.120987165369256	0.0325758740090643	287.0,303.0,401.0,375.0	48.0,2070.0,54.0,2070.0
000048	2083	69	TP	0.9969414893617021	0.0	8.054359068282324	0.012232131113328416	291.0,303.0,407.0,375.0	48.0,2083.0,54.0,2083.0
000048	2090	70	TP	0.9981459409349756	0.0	8.28290802471055	0.016678195637248573	283.0,300.0,398.0,372.0	48.0,2090.0,54.0,2090.0
000048	2104	71	TP	0.992585848074922	0.0	9.475585409119777	0.03136063553261085	284.0,297.0,401.0,370.0	48.0,2104.0,54.0,2104.0
000048	2133	72	TP	0.9983733733733734	0.0	8.990011490574338	0.026322283040861334	292.0,299.0,411.0,374.0	48.0,2133.0,54.0,2133.0
000048	2144	73	TP	0.9950829748002459	0.0	9.697088252227475	0.01878307401607993	288.0,303.0,408.0,379.0	48.0,2144.0,54.0,2144.0
000048	2160	74	TP	0.997820823244552	0.0	8.02598286210571	0.023091893120362545	293.0,299.0,414.0,375.0	48.0,2160.0,54.0,2160.0
000049	1	75	TP	0.9995778809624314	0.0	12.463748254262823	0.040207117594335026	433.0,88.0,530.0,173.0	49.0,1.0,55.0,1.0
000049	36	76	TP	0.9991384261918438	0.0	9.202450416437186	0.038996561946079346	428.0,93.0,525.0,177.0	49.0,36.0,55.0,36.0
000049	47	77	TP	0.9997076878105817	0.0	11.493795095131018	0.054482738440494186	423.0,94.0,520.0,178.0	49.0,47.0,55.0,47.0
000049	58	78	TP	0.9996991576413959	0.0	8.232572946731139	0.04033036295625655	411.0,104.0,507.0,187.0	49.0,58.0,55.0,58.0
000049	65	79	TP	0.9977004445807144	0.0	10.432093736790277	0.034727388147959636	417.0,114.0,512.0,195.0	49.0,65.0,55.0,65.0
000049	73	80	TP	0.9937830276655268	0.0	9.829047895089504	0.05399483977287611	407.0,120.0,502.0,201.0	49.0,73.0,55.0,73.0
000049	91	81	TP	1.0	0.0	6.63309799051012	0.03999144114732951	400.0,116.0,495.0,197.0	49.0,91.0,55.0,91.0
000049	109	82	TP	0.9990471653168176	0.0	9.011279076591057	0.06563774261453283	398.0,131.0,493.0,211.0	49.0,109.0,55.0,109.0
000049	125	83	TP	0.9979226589964845	0.0	9.251600950297709	0.07078980670454332	379.0,145.0,473.0,225.0	49.0,125.0,55.0,125.0
000049	148	84	TP	0.998108448928121	0.0	9.409966231819867	0.0675789319293808	385.0,129.0,480.0,209.0	49.0,148.0,55.0,148.0
000049	231	85	TP	0.9995475113122172	0.0	10.483121767167145	0.0835937738405776	403.0,155.0,499.0,235.0	49.0,231.0,55.0,231.0
000049	357	86	TP	1.0	0.0	12.537092506893133	0.01043043168788206	415.0,208.0,515.0,287.0	49.0,357.0,55.0,357.0
000049	521	87	TP	0.9976567076742824	0.0	10.750772090795325	0.014375061727008838	475.0,207.0,578.0,285.0	49.0,521.0,55.0,521.0
000049	526	88	TP	0.9972144846796658	0.0	177.79445730648595	0.002777260947556658	469.0,212.0,572.0,290.0	49.0,526.0,55.0,526.0
000049	537	89	TP	0.9957421817647922	0.0	14.66896850441747	0.06476117772192613	469.0,218.0,572.0,296.0	49.0,537.0,55.0,537.0
000049	542	90	TP	0.9995605683316244	0.0	175.90441684249055	0.0378259070475846	470.0,220.0,573.0,298.0	49.0,542.0,55.0,542.0
000049	552	91	TP	0.9985384390529085	0.0	176.73305712035875	0.1738767521426319	476.0,221.0,580.0,299.0	49.0,552.0,55.0,552.0
000049	558	92	TP	1.0	0.0	9.822522927716735	0.08397478807821776	476.0,227.0,580.0,305.0	49.0,558.0,55.0,558.0
000049	564	93	TP	0.9992663242846662	0.0	6.508598161481412	0.04965828455979536	474.0,227.0,578.0,305.0	49.0,564.0,55.0,564.0
000049	570	94	TP	0.9995590180802587	0.0	11.666920652877081	0.17390607699640112	472.0,225.0,576.0,302.0	49.0,570.0,55.0,570.0
000049	576	95	TP	0.9982451009066978	0.0	9.558676532921233	0.14524768657745657	476.0,225.0,580.0,303.0	49.0,576.0,55.0,576.0
000049	591	96	TP	0.9975102519039251	0.0	179.1606264756173	0.0034462455330030828	474.0,232.0,578.0,310.0	49.0,591.0,55.0,591.0
000049	594	97	TP	0.9975182481751825	0.0	11.615285281215389	0.1431132914848494	481.0,235.0,585.0,313.0	49.0,594.0,55.0,594.0
000049	617	98	TP	0.9992688989618366	0.0	174.9592209495852	0.04084404630160057	475.0,241.0,579.0,318.0	49.0,617.0,55.0,617.0
000049	629	99	TP	0.9979559059716747	0.0	176.4935338201773	0.051590542274784955	467.0,237.0,571.0,314.0	49.0,629.0,55.0,629.0
000049	631	100	TP	0.9991244710345834	0.0	5.414269102615892	0.06630771156285666	464.0,238.0,569.0,316.0	49.0,631.0,55.0,631.0
000049	651	101	TP	0.9970947123765252	0.0	179.52794735542946	0.03660560068096059	465.0,247.0,571.0,325.0	49.0,651.0,55.0,651.0
000049	669	102	TP	0.997993119266055	0.0	8.351545363793353	0.17500477616296095	466.0,240.0,572.0,318.0	49.0,669.0,55.0,669.0
000049	762	103	TP	0.9980563654033042	0.0	168.40354324761645	0.1842968094619798	474.0,259.0,583.0,337.0	49.0,762.0,55.0,762.0
000049	1024	104	TP	0.9976482884766136	0.0	178.91510964208234	0.010777299405261436	489.0,252.0,602.0,331.0	49.0,1024.0,55.0,1024.0
000049	1036	105	TP	0.9992094861660079	0.0	178.9753901775521	0.01846193198324668	481.0,258.0,593.0,335.0	49.0,1036.0,55.0,1036.0
000049	1052	106	TP	0.9984266421922119	0.0	178.65796383899394	0.02508596446938028	476.0,256.0,588.0,334.0	49.0,1052.0,55.0,1052.0
000049	1067	107	TP	0.9866387215090385	0.0	179.16473879142455	0.03207438716845593	466.0,259.0,578.0,336.0	49.0,1067.0,55.0,1067.0
000049	1095	108	TP	0.9998679867986798	0.0	178.32571479830253	0.001485586678119847	451.0,257.0,563.0,335.0	49.0,1095.0,55.0,1095.0
000049	1102	109	TP	0.9992064541727285	0.0	178.04850940653705	0.01720230600019748	449.0,257.0,560.0,335.0	49.0,1102.0,55.0,1102.0
000049	1130	110	TP	0.9998698255662588	0.0	179.16262758048893	0.01947380361225797	452.0,260.0,564.0,338.0	49.0,1130.0,55.0,1130.0
000049	1144	111	TP	1.0	0.0	178.67712841573157	0.007389731546330697	458.0,264.0,571.0,343.0	49.0,1144.0,55.0,1144.0
000049	1150	112	TP	0.9997465788139889	0.0	178.0225789624369	0.05362929034318942	457.0,266.0,571.0,346.0	49.0,1150.0,55.0,1150.0
000049	1157	113	TP	0.999748047367095	0.0	178.50344600187634	0.01052098362299822	454.0,268.0,568.0,348.0	49.0,1157.0,55.0,1157.0
000049	1168	114	TP	0.9998745609633718	0.0	179.75250553708554	0.022543272896465773	450.0,278.0,563.0,357.0	49.0,1168.0,55.0,1168.0
000049	1172	115	TP	0.9986246561640411	0.0	178.92064830929576	0.009252522041481193	446.0,276.0,560.0,356.0	49.0,1172.0,55.0,1172.0
000049	1179	116	TP	0.9997519225998511	0.0	178.5554038654035	0.027813559213642126	448.0,278.0,562.0,358.0	49.0,1179.0,55.0,1179.0
000049	1269	117	TP	0.9988767831068179	0.0	178.38161999132436	0.009043936875925222	457.0,268.0,575.0,354.0	49.0,1269.0,55.0,1269.0
000049	1491	118	TP	0.9976328814288788	0.0	178.78197970427965	0.009085870921775941	465.0,290.0,585.0,380.0	49.0,1491.0,55.0,1491.0
000049	1554	119	TP	0.9996817988969029	0.0	177.3811634973712	0.013508899252286637	465.0,275.0,587.0,366.0	49.0,1554.0,55.0,1554.0
000049	1557	120	TP	0.9983013058711115	0.0	178.07735076464127	0.0013722746040227378	458.0,269.0,580.0,359.0	49.0,1557.0,55.0,1557.0
000049	1565	121	TP	0.9996789727126806	0.0	178.68076709999204	0.006885112213333642	448.0,260.0,569.0,351.0	49.0,1565.0,55.0,1565.0
000049	1568	122	TP	0.9977441185949082	0.0	178.7454836489244	0.008946563931791246	442.0,258.0,562.0,349.0	49.0,1568.0,55.0,1568.0
000049	1575	123	TP	0.9996769330174456	0.0	178.5825552726967	0.007472527226252288	433.0,261.0,553.0,351.0	49.0,1575.0,55.0,1575.0
000049	1582	124	TP	0.9988186016539576	0.0	178.83549269406137	0.013415285104898342	435.0,267.0,555.0,358.0	49.0,1582.0,55.0,1582.0
000049	1587	125	TP	0.9949597855227882	0.0	179.12542076441017	0.007486219927186441	437.0,268.0,557.0,358.0	49.0,1587.0,55.0,1587.0
000049	1592	126	TP	0.9987157534246576	0.0	178.98975244614823	0.007803620571613432	437.0,268.0,557.0,359.0	49.0,1592.0,55.0,1592.0
000049	1595	127	TP	0.9995701697829358	0.0	178.7113245820285	0.004740004190515082	436.0,268.0,555.0,358.0	49.0,1595.0,55.0,1595.0
000049	1614	128	TP	1.0	0.0	178.15519178700723	0.014342681567718979	458.0,255.0,579.0,346.0	49.0,1614.0,55.0,1614.0
000049	1615	129	TP	1.0	0.0	178.28822671062196	0.008738514510528322	458.0,255.0,580.0,346.0	49.0,1615.0,55.0,1615.0
000049	1618	130	TP	1.0	0.0	178.0091942926779	0.009645097697592607	459.0,256.0,580.0,347.0	49.0,1618.0,55.0,1618.0
000049	1631	131	TP	0.9996850724333404	0.0	178.27686260534952	0.017684297850909567	457.0,264.0,578.0,356.0	49.0,1631.0,55.0,1631.0
000049	1641	132	TP	0.9990499313839333	0.0	178.1899294359932	0.01444795034366284	460.0,273.0,581.0,364.0	49.0,1641.0,55.0,1641.0
000049	1644	133	TP	0.9928133586979497	0.0	178.71301295865797	0.011291138275736861	462.0,276.0,582.0,367.0	49.0,1644.0,55.0,1644.0
000049	1655	134	TP	0.9996788696210661	0.0	177.28334822490777	0.014688629116719183	451.0,267.0,571.0,358.0	49.0,1655.0,55.0,1655.0
000049	1671	135	TP	0.9998938766847076	0.0	177.2157029144734	0.023030413317510056	456.0,274.0,576.0,366.0	49.0,1671.0,55.0,1671.0
000049	1677	136	TP	0.9998922994076468	0.0	177.71708015591986	0.02287617187997249	447.0,272.0,566.0,363.0	49.0,1677.0,55.0,1677.0
000049	1682	137	TP	0.999562650338946	0.0	178.4936283266504	0.015204377260718493	433.0,270.0,551.0,360.0	49.0,1682.0,55.0,1682.0
000049	1688	138	TP	0.999889758571271	0.0	178.14636825949972	0.015111962885113185	425.0,270.0,543.0,360.0	49.0,1688.0,55.0,1688.0
000049	1881	139	TP	0.9998169168802636	0.0	178.14711244012616	0.020772528075159134	446.0,277.0,572.0,377.0	49.0,1881.0,55.0,1881.0
000049	2061	140	TP	0.9989063683015058	0.0	176.42225714898922	0.03147463257078975	435.0,258.0,567.0,361.0	49.0,2061.0,55.0,2061.0
000049	2064	141	TP	0.9977286110877429	0.0	176.94379085268392	0.025124468397171675	435.0,258.0,566.0,361.0	49.0,2064.0,55.0,2064.0
000049	2089	142	TP	0.9989834815756036	0.0	176.4803471622291	0.02992700698101848	430.0,265.0,562.0,368.0	49.0,2089.0,55.0,2089.0
000049	2097	143	TP	1.0	0.0	177.191965676407	0.031480467666409176	433.0,272.0,565.0,375.0	49.0,2097.0,55.0,2097.0
000049	2119	144	TP	0.9997513880832021	0.0	177.23557760246413	0.023940963180477386	447.0,269.0,581.0,372.0	49.0,2119.0,55.0,2119.0
000049	2123	145	TP	0.9992508739803563	0.0	176.49340329590197	0.023585277136629147	446.0,269.0,580.0,372.0	49.0,2123.0,55.0,2123.0
000049	2146	146	TP	0.9999157965644998	0.0	176.2615944398365	0.025120407394887315	441.0,271.0,573.0,374.0	49.0,2146.0,55.0,2146.0
000049	2151	147	TP	0.9991517516328781	0.0	175.42126947817638	0.025615311989146846	432.0,267.0,564.0,369.0	49.0,2151.0,55.0,2151.0
000049	2173	148	TP	0.9997460209955977	0.0	176.005818048795	0.029341745900246706	433.0,259.0,565.0,361.0	49.0,2173.0,55.0,2173.0
000049	2196	149	TP	0.9995886466474702	0.0	176.0144404730541	0.018396324530926673	439.0,250.0,573.0,353.0	49.0,2196.0,55.0,2196.0
000052	1	150	TP	0.9998665955176094	0.0	33.42980560217515	0.010277747889746851	228.0,333.0,327.0,427.0	52.0,1.0,58.0,1.0
000052	21	151	TP	1.0	0.0	39.98338067427843	0.02571387055746909	215.0,339.0,315.0,432.0	52.0,21.0,58.0,21.0
000052	34	152	TP	1.0	0.0	38.918377835340756	0.006047475401315532	226.0,335.0,326.0,428.0	52.0,34.0,58.0,34.0
000052	39	153	TP	1.0	0.0	21.02160139317547	0.018919997806033113	234.0,337.0,333.0,430.0	52.0,39.0,58.0,39.0
000052	48	154	TP	0.9956630306216323	0.0	62.824196780719966	0.021512833765755034	238.0,368.0,337.0,462.0	52.0,48.0,58.0,48.0
000052	52	155	TP	1.0	0.0	52.93509888869795	0.01976189388815213	223.0,361.0,324.0,456.0	52.0,52.0,58.0,52.0
000052	57	156	TP	0.9962195280928171	0.0	59.026154267036354	0.04041587377292306	230.0,342.0,331.0,436.0	52.0,57.0,58.0,57.0
000052	61	157	TP	1.0	0.0	46.7796845618076	0.012697362266422409	233.0,336.0,334.0,430.0	52.0,61.0,58.0,61.0
000052	65	158	TP	1.0	0.0	65.26980904108694	0.07554564363320102	228.0,339.0,328.0,432.0	52.0,65.0,58.0,65.0
000052	71	159	TP	1.0	0.0	51.58118251211646	0.03250911758424382	228.0,329.0,328.0,422.0	52.0,71.0,58.0,71.0
000052	80	160	TP	1.0	0.0	53.321874395274484	0.04206546094990101	205.0,343.0,306.0,436.0	52.0,80.0,58.0,80.0
000052	81	161	TP	1.0	0.0	49.77852541478731	0.04702432152045063	204.0,342.0,305.0,435.0	52.0,81.0,58.0,81.0
000052	84	162	TP	0.9967591392273788	0.0	44.367493279026995	0.04917147367505273	200.0,335.0,301.0,428.0	52.0,84.0,58.0,84.0
000052	88	163	TP	1.0	0.0	47.00409220439277	0.040063360404169066	199.0,329.0,300.0,422.0	52.0,88.0,58.0,88.0
000052	92	164	TP	1.0	0.0	39.456013283719905	0.02655603725652378	186.0,336.0,287.0,429.0	52.0,92.0,58.0,92.0
000052	97	165	TP	0.9998721227621483	0.0	74.65730794255528	0.07733569119010503	172.0,352.0,273.0,445.0	52.0,97.0,58.0,97.0
000052	98	166	TP	0.999616907163836	0.0	39.51918924465656	0.01903749352881265	171.0,352.0,272.0,445.0	52.0,98.0,58.0,98.0
000052	114	167	TP	0.998863349330639	0.0	47.547695474837134	0.05911023841316844	138.0,362.0,240.0,456.0	52.0,114.0,58.0,114.0
000052	116	168	TP	0.9959697732997481	0.0	72.60100117533364	0.06870300989313284	129.0,361.0,232.0,454.0	52.0,116.0,58.0,116.0
000052	121	169	TP	0.9989846427211575	0.0	37.223835268496124	0.00992620458637872	128.0,357.0,230.0,450.0	52.0,121.0,58.0,121.0
000052	127	170	TP	0.9994883601944231	0.0	33.29673945061038	0.045086728137931346	117.0,343.0,218.0,434.0	52.0,127.0,58.0,127.0
000052	132	171	TP	1.0	0.0	26.265537887882644	0.02517940398051158	110.0,337.0,211.0,428.0	52.0,132.0,58.0,132.0
000052	136	172	TP	0.9982935153583617	0.0	31.93964713718282	0.02716703450532883	100.0,337.0,201.0,427.0	52.0,136.0,58.0,136.0
000052	143	173	TP	1.0	0.0	17.221559449770858	0.018289172877454445	90.0,327.0,190.0,417.0	52.0,143.0,58.0,143.0
000052	150	174	TP	1.0	0.0	21.539532641315382	0.02833202592089876	112.0,316.0,212.0,404.0	52.0,150.0,58.0,150.0
000052	156	175	TP	0.9941280895807729	0.0	21.066661524743957	0.015334108778259827	118.0,307.0,217.0,395.0	52.0,156.0,58.0,156.0
000052	164	176	TP	1.0	0.0	23.478262322502985	0.03187472117133055	125.0,296.0,224.0,383.0	52.0,164.0,58.0,164.0
000052	165	177	TP	0.9995854635898853	0.0	21.67291264642083	0.02721903063880084	126.0,295.0,225.0,382.0	52.0,165.0,58.0,165.0
000052	167	178	TP	1.0	0.0	20.6778455978083	0.03225097341169671	128.0,293.0,227.0,380.0	52.0,167.0,58.0,167.0
000052	169	179	TP	1.0	0.0	21.85374214002752	0.020836841022441488	131.0,291.0,229.0,378.0	52.0,169.0,58.0,169.0
000052	170	180	TP	1.0	0.0	21.74255510733084	0.02467414295985861	133.0,289.0,231.0,375.0	52.0,170.0,58.0,170.0
000052	171	181	TP	0.9984626135569532	0.0	31.601133927755768	0.0249329928967257	134.0,289.0,232.0,374.0	52.0,171.0,58.0,171.0
000052	173	182	TP	0.9998602375960867	0.0	20.78721637864194	0.021769159228428092	135.0,288.0,233.0,374.0	52.0,173.0,58.0,173.0
000052	175	183	TP	0.9995804782547896	0.0	19.952301164276744	0.020156213125319306	136.0,289.0,234.0,375.0	52.0,175.0,58.0,175.0
000052	259	184	TP	1.0	0.0	11.522810905477753	0.026677630042013113	127.0,324.0,231.0,414.0	52.0,259.0,58.0,259.0
000052	388	185	TP	0.9997716373601279	0.0	11.069636434665481	0.008239226463997815	189.0,366.0,302.0,460.0	52.0,388.0,58.0,388.0
000052	516	186	TP	0.9997784424504265	0.0	8.934039075117004	0.006172137929949653	135.0,299.0,250.0,392.0	52.0,516.0,58.0,516.0
000052	520	187	TP	1.0	0.0	10.468787823921947	0.018787172283370946	141.0,297.0,255.0,390.0	52.0,520.0,58.0,520.0
000052	524	188	TP	0.9991070431967853	0.0	9.96136796635746	0.019306269671796928	156.0,295.0,270.0,387.0	52.0,524.0,58.0,524.0
000052	526	189	TP	0.9980924596050269	0.0	11.343919099319583	0.003059014701272368	168.0,297.0,282.0,389.0	52.0,526.0,58.0,526.0
000052	527	190	TP	0.9964165733482643	0.0	10.499819228563547	0.012108546212539482	170.0,299.0,285.0,392.0	52.0,527.0,58.0,527.0
000052	532	191	TP	1.0	0.0	10.430170749221123	0.012411029658579422	173.0,310.0,287.0,403.0	52.0,532.0,58.0,532.0
000052	537	192	TP	0.999661437760975	0.0	12.554733691881603	0.023273831404583032	165.0,311.0,279.0,403.0	52.0,537.0,58.0,537.0
000052	539	193	TP	1.0	0.0	10.647689431982545	0.02910349442157093	161.0,308.0,275.0,400.0	52.0,539.0,58.0,539.0
000052	543	194	TP	0.9994200208792483	0.0	10.313010028791437	0.019545044218760188	150.0,304.0,262.0,395.0	52.0,543.0,58.0,543.0
000052	544	195	TP	0.9990678163598229	0.0	10.341316994987876	0.022896177397349074	150.0,305.0,262.0,395.0	52.0,544.0,58.0,544.0
000052	550	196	TP	1.0	0.0	12.750761682406507	0.022236364571693	145.0,316.0,256.0,405.0	52.0,550.0,58.0,550.0
000052	556	197	TP	0.9991438356164384	0.0	12.574035005763674	0.020229595762601388	147.0,319.0,256.0,406.0	52.0,556.0,58.0,556.0
000052	561	198	TP	0.9982478097622027	0.0	12.475230196962508	0.02586002394252068	148.0,317.0,256.0,403.0	52.0,561.0,58.0,561.0
000052	567	199	TP	0.9980867346938775	0.0	11.913492036183834	0.01676413520347873	150.0,318.0,257.0,404.0	52.0,567.0,58.0,567.0
000052	574	200	TP	1.0	0.0	12.911443253461838	0.010162915211482099	161.0,322.0,267.0,407.0	52.0,574.0,58.0,574.0
000052	575	201	TP	1.0	0.0	13.835812811730854	0.023315516279436264	163.0,322.0,268.0,407.0	52.0,575.0,58.0,575.0
000052	582	202	TP	0.9769169540992305	0.0	14.177376753047877	0.028988339904289298	170.0,331.0,275.0,414.0	52.0,582.0,58.0,582.0
000052	587	203	TP	1.0	0.0	12.464077894772915	0.020058555792050913	179.0,324.0,283.0,407.0	52.0,587.0,58.0,587.0
000052	589	204	TP	1.0	0.0	13.953120615149937	0.019476220008216687	183.0,323.0,287.0,406.0	52.0,589.0,58.0,589.0
000052	593	205	TP	1.0	0.0	13.787047601465916	0.02555326958377456	186.0,327.0,290.0,410.0	52.0,593.0,58.0,593.0
000052	594	206	TP	0.9994591671173607	0.0	11.283653397864775	0.006419489153791912	183.0,328.0,287.0,410.0	52.0,594.0,58.0,594.0
000052	604	207	TP	1.0	0.0	12.719967141553912	0.018832472969212696	178.0,327.0,281.0,408.0	52.0,604.0,58.0,604.0
000052	608	208	TP	1.0	0.0	14.697556643565498	0.03925189365842067	171.0,344.0,272.0,424.0	52.0,608.0,58.0,608.0
000052	622	209	TP	0.9995672868887927	0.0	16.688843228410605	0.031719096163512844	180.0,350.0,280.0,430.0	52.0,622.0,58.0,622.0
000052	625	210	TP	0.9998557206752272	0.0	12.758002942083573	0.0336121580058515	184.0,357.0,284.0,436.0	52.0,625.0,58.0,625.0
000052	632	211	TP	0.999856548558313	0.0	12.864711855463927	0.032613600207596204	193.0,366.0,293.0,446.0	52.0,632.0,58.0,632.0
000052	638	212	TP	1.0	0.0	13.365071015265467	0.03898287313345337	197.0,383.0,298.0,464.0	52.0,638.0,58.0,638.0
000052	643	213	TP	1.0	0.0	12.864193015692448	0.0332191683022337	184.0,379.0,285.0,461.0	52.0,643.0,58.0,643.0
000052	650	214	TP	0.999195494770716	0.0	16.28194918474318	0.03882096969612877	158.0,378.0,261.0,462.0	52.0,650.0,58.0,650.0
000052	653	215	TP	0.9994797086368367	0.0	12.423131335623982	0.03432137101121987	153.0,380.0,258.0,465.0	52.0,653.0,58.0,653.0
000052	656	216	TP	0.9992387718853083	0.0	12.507689854279954	0.029158429027984278	158.0,368.0,264.0,455.0	52.0,656.0,58.0,656.0
000052	662	217	TP	1.0	0.0	13.290789982562664	0.03912946379816802	192.0,366.0,299.0,454.0	52.0,662.0,58.0,662.0
000052	666	218	TP	0.9995134411872035	0.0	16.701302154564086	0.045993065005718266	208.0,366.0,315.0,455.0	52.0,666.0,58.0,666.0
000052	669	219	TP	1.0	0.0	14.82308560553694	0.04332838100592877	225.0,365.0,334.0,455.0	52.0,669.0,58.0,669.0
000052	678	220	TP	1.0	0.0	12.832762710238482	0.023958637799009835	242.0,363.0,353.0,455.0	52.0,678.0,58.0,678.0
000052	688	221	TP	0.9993105825577387	0.0	12.78269156800061	0.038898737892083445	200.0,369.0,311.0,462.0	52.0,688.0,58.0,688.0
000052	742	222	TP	1.0	0.0	11.774744153595892	0.035638711026105115	123.0,304.0,231.0,389.0	52.0,742.0,58.0,742.0
000052	820	223	TP	1.0	0.0	13.487768247114717	0.05012935461862869	183.0,307.0,291.0,390.0	52.0,820.0,58.0,820.0
000052	886	224	TP	0.9990375360923965	0.0	10.178876520389938	0.03831956850087245	220.0,333.0,335.0,419.0	52.0,886.0,58.0,886.0
000059	1	225	TP	1.0	0.0	12.145944226854377	0.005522598936137501	320.0,281.0,418.0,362.0	59.0,1.0,65.0,1.0
000059	29	226	TP	0.999556803072832	0.0	12.575508803238291	0.008703509911249527	320.0,277.0,417.0,358.0	59.0,29.0,65.0,29.0
000059	37	227	TP	0.9995603107137623	0.0	15.626915526964035	0.016162282277788	302.0,280.0,399.0,361.0	59.0,37.0,65.0,37.0
000059	55	228	TP	0.9995745284356828	0.0	11.037994303808286	0.004703938915077663	328.0,295.0,427.0,378.0	59.0,55.0,65.0,55.0
000059	61	229	TP	0.9995815315943646	0.0	11.29035228731967	0.013271748584882889	315.0,284.0,415.0,367.0	59.0,61.0,65.0,61.0
000059	68	230	TP	0.9987611837577426	0.0	10.956397989250666	0.003729876933792196	302.0,275.0,402.0,359.0	59.0,68.0,65.0,68.0
000059	80	231	TP	0.9986227792315108	0.0	9.128586042252117	0.011418226211243603	312.0,273.0,413.0,357.0	59.0,80.0,65.0,80.0
000059	88	232	TP	1.0	0.0	12.912958477836975	0.011399922088617502	312.0,270.0,413.0,354.0	59.0,88.0,65.0,88.0
000059	99	233	TP	0.9992971605285352	0.0	7.847994022376032	0.006475384386018944	344.0,236.0,444.0,319.0	59.0,99.0,65.0,99.0
000059	114	234	TP	0.9983010052385671	0.0	11.082326074185954	0.004631639884997382	336.0,250.0,435.0,333.0	59.0,114.0,65.0,114.0
000059	120	235	TP	1.0	0.0	8.836492190385856	0.010061525482925859	333.0,262.0,432.0,344.0	59.0,120.0,65.0,120.0
000059	126	236	TP	1.0	0.0	11.14439417495069	0.01684970125134822	328.0,259.0,427.0,341.0	59.0,126.0,65.0,126.0
000059	127	237	TP	0.9995628733789887	0.0	8.324999048477512	0.019482705382653828	327.0,258.0,425.0,339.0	59.0,127.0,65.0,127.0
000059	132	238	TP	1.0	0.0	11.523840015609803	0.014987583559484497	320.0,251.0,417.0,332.0	59.0,132.0,65.0,132.0
000059	164	239	TP	0.9923495409724583	0.0	13.975811345547378	0.009320200125793064	314.0,236.0,406.0,310.0	59.0,164.0,65.0,164.0
000059	242	240	TP	0.9983488441909336	0.0	11.421505453205363	0.06396919927150194	422.0,313.0,520.0,393.0	59.0,242.0,65.0,242.0
000059	274	241	TP	0.9980966325036603	0.0	12.692533389536266	0.03801852205419673	423.0,320.0,523.0,401.0	59.0,274.0,65.0,274.0
000059	320	242	TP	0.9990241182211069	0.0	5.3002649929238865	0.0013078853201531546	406.0,321.0,509.0,405.0	59.0,320.0,65.0,320.0
000059	422	243	TP	0.9997822062506806	0.0	1.6291391467420668	0.005254032217952785	468.0,314.0,583.0,411.0	59.0,422.0,65.0,422.0
000059	455	244	TP	1.0	0.0	2.6454173059178427	0.016487214666362094	419.0,320.0,536.0,420.0	59.0,455.0,65.0,455.0
000059	492	245	TP	0.9998993052059209	0.0	3.5653892748161793	0.01944239472974606	402.0,336.0,518.0,437.0	59.0,492.0,65.0,492.0
000059	510	246	TP	0.9993106165058105	0.0	3.7947785105842757	0.014933701591531096	374.0,347.0,491.0,450.0	59.0,510.0,65.0,510.0
000059	514	247	TP	0.9997075453304738	0.0	3.6707262669902643	0.005388233623496063	369.0,341.0,487.0,445.0	59.0,514.0,65.0,514.0
000059	515	248	TP	0.9988316619608607	0.0	2.7633206241720614	0.00610705440604441	372.0,340.0,489.0,444.0	59.0,515.0,65.0,515.0
000059	523	249	TP	0.9990389235944258	0.0	2.6845336640198108	0.00675000954928744	372.0,341.0,491.0,446.0	59.0,523.0,65.0,523.0
000059	525	250	TP	0.9994251221615407	0.0	3.5671312043878465	0.013242874386909935	374.0,345.0,492.0,451.0	59.0,525.0,65.0,525.0
000059	530	251	TP	0.9998087954110899	0.0	4.386418294076595	0.006039560652635794	368.0,350.0,486.0,455.0	59.0,530.0,65.0,530.0
000059	535	252	TP	1.0	0.0	8.025573789481841	0.006629924410258227	359.0,350.0,477.0,455.0	59.0,535.0,65.0,535.0
000059	545	253	TP	0.9979508196721312	0.0	5.471979994432073	0.0017021517128895482	384.0,348.0,501.0,452.0	59.0,545.0,65.0,545.0
000059	561	254	TP	1.0	0.0	3.244892391210165	0.016042420060588636	379.0,328.0,497.0,431.0	59.0,561.0,65.0,561.0
000059	567	255	TP	0.9986628462273162	0.0	4.560654164679374	0.009527403624962412	389.0,323.0,508.0,428.0	59.0,567.0,65.0,567.0
000059	615	256	TP	0.99933818663137	0.0	2.8682505260047826	0.00256411167477764	406.0,312.0,526.0,417.0	59.0,615.0,65.0,615.0
000059	629	257	TP	1.0	0.0	3.199362859715344	0.004484719386582264	389.0,312.0,508.0,416.0	59.0,629.0,65.0,629.0
000059	636	258	TP	1.0	0.0	3.4205082331893113	0.0028341130585426153	376.0,314.0,495.0,419.0	59.0,636.0,65.0,636.0
000059	637	259	TP	1.0	0.0	4.371112494250067	0.0030154443131950592	376.0,314.0,494.0,418.0	59.0,637.0,65.0,637.0
000059	648	260	TP	0.9991399904443383	0.0	5.775119502370659	0.0039015780752304336	365.0,314.0,483.0,419.0	59.0,648.0,65.0,648.0
000059	710	261	TP	0.9992504450482526	0.0	7.225582817977851	0.004237736578729701	341.0,331.0,460.0,438.0	59.0,710.0,65.0,710.0
000059	801	262	TP	0.9996296296296296	0.0	4.806344222614141	0.005143976973392971	300.0,338.0,420.0,446.0	59.0,801.0,65.0,801.0
000059	908	263	TP	1.0	0.0	3.6680916011576827	0.013719860634048738	260.0,318.0,383.0,430.0	59.0,908.0,65.0,908.0
000059	1026	264	TP	0.9991685912240185	0.0	6.256687099921771	0.024300201178287153	253.0,328.0,373.0,436.0	59.0,1026.0,65.0,1026.0
000059	1027	265	TP	0.999630621479361	0.0	3.9745571206758967	0.027787140001402134	249.0,328.0,368.0,436.0	59.0,1027.0,65.0,1027.0
000059	1032	266	TP	1.0	0.0	6.471156945565489	0.011863950278140929	232.0,329.0,351.0,436.0	59.0,1032.0,65.0,1032.0
000059	1034	267	TP	1.0	0.0	5.88129310401883	0.013624813241346954	232.0,330.0,350.0,437.0	59.0,1034.0,65.0,1034.0
000059	1039	268	TP	0.9992357661444402	0.0	5.177093103262535	0.016024663309363422	240.0,333.0,358.0,439.0	59.0,1039.0,65.0,1039.0
000059	1044	269	TP	0.9980698706813357	0.0	5.2511743995645315	0.012972105995604766	246.0,332.0,363.0,437.0	59.0,1044.0,65.0,1044.0
000059	1048	270	TP	0.999709499370582	0.0	7.341722198412279	0.02373259218901145	240.0,330.0,357.0,435.0	59.0,1048.0,65.0,1048.0
000059	1054	271	TP	0.9775302663438257	0.0	4.85571926757339	0.02358108052045911	230.0,331.0,347.0,436.0	59.0,1054.0,65.0,1054.0
000059	1060	272	TP	0.999903790648451	0.0	7.0755002176386865	0.027263230294598238	221.0,328.0,338.0,434.0	59.0,1060.0,65.0,1060.0
000059	1063	273	TP	0.999712698716721	0.0	4.412586513835312	0.01988025580922563	220.0,327.0,337.0,433.0	59.0,1063.0,65.0,1063.0
000059	1064	274	TP	1.0	0.0	6.407657480135748	0.011165333064098606	219.0,326.0,337.0,431.0	59.0,1064.0,65.0,1064.0
000059	1068	275	TP	1.0	0.0	7.637724395468537	0.03668475683733533	215.0,329.0,333.0,435.0	59.0,1068.0,65.0,1068.0
000059	1070	276	TP	1.0	0.0	8.204243070066338	0.01689090207970029	215.0,333.0,332.0,439.0	59.0,1070.0,65.0,1070.0
000059	1071	277	TP	0.9999049881235155	0.0	8.669171849908274	0.024882816119450958	216.0,335.0,334.0,442.0	59.0,1071.0,65.0,1071.0
000059	1073	278	TP	0.9997152078982343	0.0	6.643258295908902	0.025170049590173844	213.0,335.0,331.0,442.0	59.0,1073.0,65.0,1073.0
000059	1074	279	TP	1.0	0.0	5.554678180429811	0.01814513044574929	210.0,334.0,328.0,440.0	59.0,1074.0,65.0,1074.0
000059	1075	280	TP	0.999715126768588	0.0	7.643535793927262	0.027400105082766087	209.0,329.0,327.0,436.0	59.0,1075.0,65.0,1075.0
000059	1076	281	TP	0.9995257516835815	0.0	8.003286768803141	0.015707799011363512	206.0,326.0,324.0,432.0	59.0,1076.0,65.0,1076.0
000059	1078	282	TP	1.0	0.0	6.732677254926014	0.011782150124715741	200.0,321.0,318.0,427.0	59.0,1078.0,65.0,1078.0
000059	1081	283	TP	0.9994321945679947	0.0	6.573769058063608	0.02342681663219321	195.0,316.0,313.0,422.0	59.0,1081.0,65.0,1081.0
000059	1090	284	TP	0.9999054105183504	0.0	6.625080011786122	0.03703290431843213	195.0,314.0,313.0,420.0	59.0,1090.0,65.0,1090.0
000059	1093	285	TP	0.9999054820415879	0.0	9.052433576008022	0.0341293629137852	194.0,311.0,312.0,417.0	59.0,1093.0,65.0,1093.0
000059	1103	286	TP	0.9999049248906636	0.0	6.599299594344772	0.039001487903183786	214.0,321.0,331.0,427.0	59.0,1103.0,65.0,1103.0
000059	1110	287	TP	0.9955233831793504	0.0	5.962050327534928	0.03991456638480323	206.0,317.0,324.0,423.0	59.0,1110.0,65.0,1110.0
000059	1124	288	TP	0.9998064640990904	0.0	7.252877342269754	0.03313376375172436	227.0,331.0,343.0,436.0	59.0,1124.0,65.0,1124.0
000059	1129	289	TP	0.9994180971777713	0.0	5.6946446082630295	0.029374441295738976	226.0,333.0,342.0,438.0	59.0,1129.0,65.0,1129.0
000059	1131	290	TP	0.9995154569241206	0.0	7.5245722763027105	0.04667316222142759	224.0,335.0,340.0,440.0	59.0,1131.0,65.0,1131.0
000059	1132	291	TP	1.0	0.0	4.578082771085976	0.019739786027815703	223.0,336.0,339.0,441.0	59.0,1132.0,65.0,1132.0
000059	1148	292	TP	0.9967092528068138	0.0	8.24733890281041	0.03411776158021093	226.0,337.0,343.0,443.0	59.0,1148.0,65.0,1148.0
000059	1152	293	TP	0.9997101169195092	0.0	8.69912108610741	0.02875272784743101	229.0,337.0,346.0,442.0	59.0,1152.0,65.0,1152.0
000059	1251	294	TP	0.9999048887198022	0.0	2.32605916906756	0.011736362862988493	252.0,309.0,370.0,415.0	59.0,1251.0,65.0,1251.0
000059	1490	295	TP	0.9978176934698674	0.0	25.949064900773216	0.08160545890720347	262.0,292.0,386.0,407.0	59.0,1490.0,65.0,1490.0
000059	1539	296	TP	0.9994740071885684	0.0	20.55487397529628	0.030246919937289403	216.0,307.0,338.0,419.0	59.0,1539.0,65.0,1539.0
000059	1541	297	TP	1.0	0.0	32.46845219679609	0.04101501448712924	217.0,311.0,339.0,423.0	59.0,1541.0,65.0,1541.0
000059	1544	298	TP	0.9991211881536163	0.0	29.590595795410465	0.08092244031970182	221.0,314.0,343.0,426.0	59.0,1544.0,65.0,1544.0
000059	1546	299	TP	0.9998235709244884	0.0	21.89390646078836	0.08179760106267712	225.0,314.0,346.0,426.0	59.0,1546.0,65.0,1546.0
