#  Index into NumPy file "pose_data_ycbv-4-ncf.npz".
#  Created at  7:13PM EDT on Sep 12, 2023
#    DATASET:   ycbv
#    OBJECT:    4
#    ESTIMATOR: ncf
#  The errors reported in this file have taken discrete and continuous object symmetries into account.
#  Bounding boxes are recorded in pixel coordinates as ((upper-left x, y), (lower-right x, y)) with the origin in the upper-left.
#
#  When a row is marked as a TP, it does not necessarily mean that the bounding boxes overlap.
#  For each ground-truth instance, the prediction best overlapping that instance belongs to that ground-truth.
#  All TPs are in the corresponding *.npz file.
#
#  When a row is marked as a FN, it means that there is a ground-truth but the predictor failed to make a prediction at all.
#  FNs are NOT recorded in the *.npz at all.
#
#  When a row is marked as a FP, it means the predictor hallucinated; there is no corresponding ground-truth instance.
#  FPs are NOT recorded in the *.npz at all.
#
#  Scene  <t>  Frame  <t>  Index  <t>  Error cat.  <t>  Visibility ratio  <t>  Score  <t>  R_err(degrees)  <t>  t_err(meters)  <t>  Gr.Tr.BBox  <t>  Pred.BBox
000050	620	0	TP	0.16643683038082105	1.0	98.70656264480579	0.040600499416114724	396.0,156.0,472.0,288.0	50.0,620.0,54.0,621.0
000050	623	1	TP	0.11432492346669482	1.0	140.2698671275798	0.19354544258749765	396.0,153.0,473.0,285.0	50.0,623.0,54.0,624.0
000050	629	2	TP	0.12768634028724185	1.0	158.14503112200327	0.0918024301238577	399.0,147.0,476.0,279.0	50.0,629.0,54.0,630.0
000050	633	3	TP	0.1192890747516989	1.0	174.35655519199412	0.31364696369988815	405.0,143.0,482.0,275.0	50.0,633.0,54.0,634.0
000050	640	4	TP	0.09450457951706911	1.0	156.01242804952807	0.26949532488325684	415.0,144.0,493.0,277.0	50.0,640.0,54.0,641.0
000050	642	5	TP	0.11944646758922069	1.0	176.42587108642536	0.4791418011056535	417.0,143.0,495.0,276.0	50.0,642.0,54.0,643.0
000050	644	6	TP	0.13555093555093556	1.0	138.1297871680044	0.2525862357999781	417.0,142.0,495.0,275.0	50.0,644.0,54.0,645.0
000050	651	7	TP	0.10496439261017648	1.0	171.4704431496396	0.1662621218068843	423.0,137.0,502.0,270.0	50.0,651.0,54.0,652.0
000050	653	8	TP	0.07539191419141915	1.0	148.76005999242648	0.26580626818981784	426.0,137.0,504.0,270.0	50.0,653.0,54.0,654.0
000050	660	9	TP	0.11800986842105263	1.0	179.19548331542632	0.20880745663583514	433.0,140.0,512.0,273.0	50.0,660.0,54.0,661.0
000050	662	10	TP	0.10473251028806585	1.0	60.78800924579076	0.552432679227299	432.0,142.0,511.0,275.0	50.0,662.0,54.0,663.0
000050	671	11	TP	0.11027979911858153	1.0	147.67890682953157	0.3325621093078571	438.0,141.0,518.0,274.0	50.0,671.0,54.0,672.0
000050	681	12	TP	0.12726347914547304	1.0	75.71714807672168	0.438774749160381	446.0,139.0,525.0,273.0	50.0,681.0,54.0,682.0
000050	682	13	TP	0.1373486621222912	1.0	172.10137489126845	0.2489482284340814	447.0,140.0,526.0,273.0	50.0,682.0,54.0,683.0
000050	701	14	TP	0.14966470229628123	1.0	140.02731207920053	0.45456135488535926	447.0,151.0,526.0,285.0	50.0,701.0,54.0,702.0
000050	712	15	TP	0.16764945099634	1.0	139.94742870709	0.4157153693188957	460.0,160.0,539.0,294.0	50.0,712.0,54.0,713.0
000050	721	16	TP	0.1434769448087983	1.0	141.80002095016494	0.2334120515910312	472.0,159.0,552.0,293.0	50.0,721.0,54.0,722.0
000050	722	17	TP	0.17551473556721842	1.0	117.88094172603708	0.3861787878508253	473.0,159.0,553.0,293.0	50.0,722.0,54.0,723.0
000050	735	18	TP	0.18248321475097706	1.0	123.58151437562412	0.19987384065051012	483.0,159.0,563.0,294.0	50.0,735.0,54.0,736.0
000050	737	19	TP	0.212333566923616	1.0	171.88606776793068	0.3807193427290074	484.0,158.0,564.0,293.0	50.0,737.0,54.0,738.0
000050	751	20	TP	0.2302703781303003	1.0	119.72544690155948	0.14800845445936409	490.0,162.0,571.0,296.0	50.0,751.0,54.0,752.0
000050	757	21	TP	0.1951704263142204	1.0	145.60462976321094	0.4993866706751887	491.0,161.0,572.0,295.0	50.0,757.0,54.0,758.0
000050	769	22	TP	0.22250765734611205	1.0	130.49599331972584	0.5103383397687457	494.0,160.0,574.0,295.0	50.0,769.0,54.0,770.0
000050	923	23	TP	0.3948770683369169	1.0	22.165726655555858	0.05232439999809568	496.0,130.0,578.0,269.0	50.0,923.0,54.0,924.0
000050	1026	24	TP	0.504027206013961	1.0	15.137144156872473	0.025367271765477154	456.0,129.0,540.0,272.0	50.0,1026.0,54.0,1027.0
000050	1044	25	TP	0.519372940233366	1.0	15.904794792678985	0.025582681770290553	440.0,128.0,526.0,273.0	50.0,1044.0,54.0,1045.0
000050	1052	26	TP	0.5360424028268551	1.0	20.709411817472212	0.02974851688530486	436.0,125.0,522.0,270.0	50.0,1052.0,54.0,1053.0
000050	1058	27	TP	0.5650188778646063	1.0	13.043798860683198	0.029335628276765155	436.0,124.0,522.0,269.0	50.0,1058.0,54.0,1059.0
000050	1066	28	TP	0.560958605664488	1.0	16.18057741679877	0.033285315952447145	435.0,121.0,521.0,267.0	50.0,1066.0,54.0,1067.0
000050	1077	29	TP	0.5614690050355965	1.0	14.584097117053302	0.025579937479631967	435.0,122.0,521.0,269.0	50.0,1077.0,54.0,1078.0
000050	1094	30	TP	0.5604032678602469	1.0	10.830562252060112	0.02460824971893638	434.0,138.0,521.0,284.0	50.0,1094.0,54.0,1095.0
000050	1098	31	TP	0.5434443288241415	1.0	7.919969765776038	0.025639295741693702	433.0,139.0,519.0,285.0	50.0,1098.0,54.0,1099.0
000050	1105	32	TP	0.5305204910945875	1.0	10.025511461680319	0.024890231498013563	433.0,140.0,520.0,287.0	50.0,1105.0,54.0,1106.0
000050	1113	33	TP	0.5587853620555412	1.0	10.5679618975148	0.02733457317197526	435.0,148.0,521.0,295.0	50.0,1113.0,54.0,1114.0
000050	1125	34	TP	0.5526564243412583	1.0	17.70487102294672	0.030867300833723625	432.0,146.0,518.0,293.0	50.0,1125.0,54.0,1126.0
000050	1130	35	TP	0.5813119234711308	1.0	18.6117122895121	0.03416480951791017	429.0,145.0,515.0,292.0	50.0,1130.0,54.0,1131.0
000050	1145	36	TP	0.5984058339693038	1.0	15.06138581746801	0.02992497783359635	428.0,139.0,514.0,287.0	50.0,1145.0,54.0,1146.0
000050	1150	37	TP	0.5998816468002367	1.0	18.0629005319253	0.029438518732131453	428.0,136.0,515.0,284.0	50.0,1150.0,54.0,1151.0
000050	1169	38	TP	0.6178501406529707	1.0	19.779034184691618	0.031098959587944133	426.0,132.0,513.0,279.0	50.0,1169.0,54.0,1170.0
000050	1189	39	TP	0.6210508241758241	1.0	16.13497647697041	0.02973946522226033	425.0,134.0,511.0,281.0	50.0,1189.0,54.0,1190.0
000050	1192	40	TP	0.5876609349347619	1.0	13.113649791776206	0.02831952798534287	426.0,138.0,512.0,285.0	50.0,1192.0,54.0,1193.0
000050	1209	41	TP	0.6090570612174214	1.0	12.973669525246462	0.028775823912792833	417.0,147.0,503.0,294.0	50.0,1209.0,54.0,1210.0
000050	1216	42	TP	0.6107469380714162	1.0	9.872891748217997	0.03964392989910454	416.0,146.0,502.0,293.0	50.0,1216.0,54.0,1217.0
000050	1242	43	TP	0.6370898471053084	1.0	15.348426550883998	0.022769904520167982	404.0,151.0,491.0,298.0	50.0,1242.0,54.0,1243.0
000050	1246	44	TP	0.6189822363339913	1.0	15.040342645505792	0.028727068424802393	401.0,152.0,488.0,299.0	50.0,1246.0,54.0,1247.0
000050	1263	45	TP	0.6442953020134228	1.0	8.222597096676935	0.028346886085678875	398.0,139.0,486.0,287.0	50.0,1263.0,54.0,1264.0
000050	1266	46	TP	0.66270783847981	1.0	15.227723002660653	0.03735049964243447	398.0,137.0,486.0,285.0	50.0,1266.0,54.0,1267.0
000050	1280	47	TP	0.6646944467923253	1.0	18.54296926274622	0.029984449303731342	395.0,130.0,484.0,279.0	50.0,1280.0,54.0,1281.0
000050	1284	48	TP	0.6626036905366515	1.0	15.81898096504261	0.03629403855773806	397.0,129.0,485.0,277.0	50.0,1284.0,54.0,1285.0
000050	1324	49	TP	0.6751985132623755	1.0	12.586481288824112	0.03179851337302614	374.0,115.0,463.0,264.0	50.0,1324.0,54.0,1325.0
000050	1480	50	TP	0.6979253112033195	1.0	12.876840430528796	0.04339197297306104	380.0,175.0,462.0,309.0	50.0,1480.0,54.0,1481.0
000050	1542	51	TP	0.7425691658952998	1.0	17.786246378204833	0.049044035262597575	376.0,115.0,457.0,249.0	50.0,1542.0,54.0,1543.0
000050	1564	52	TP	0.7507139942880457	1.0	15.127168364185698	0.0436494793080065	374.0,111.0,455.0,245.0	50.0,1564.0,54.0,1565.0
000050	1592	53	TP	0.7591047812817905	1.0	14.983834614858505	0.05104070953385452	375.0,115.0,457.0,249.0	50.0,1592.0,54.0,1593.0
000050	1593	54	TP	0.7641739483844747	1.0	11.513837039315412	0.014706913996164509	376.0,115.0,458.0,250.0	50.0,1593.0,54.0,1594.0
000050	1613	55	TP	0.7805150040551501	1.0	9.689840567318955	0.003870296566739831	369.0,121.0,451.0,255.0	50.0,1613.0,54.0,1614.0
000050	1629	56	TP	0.7775565070198148	1.0	8.649433615031821	0.03490341177573227	364.0,120.0,447.0,256.0	50.0,1629.0,54.0,1630.0
000050	1656	57	TP	0.7949573236534877	1.0	16.90389639129093	0.04439064039374941	363.0,107.0,446.0,244.0	50.0,1656.0,54.0,1657.0
000050	1658	58	TP	0.8076772424598512	1.0	11.217013357770016	0.03914890998128111	364.0,104.0,447.0,242.0	50.0,1658.0,54.0,1659.0
000050	1669	59	TP	0.8214802663321432	1.0	15.966799131203215	0.0052182493102905965	358.0,107.0,442.0,246.0	50.0,1669.0,54.0,1670.0
000050	1678	60	TP	0.8198804894242625	1.0	12.31991242301004	0.009301753233523093	347.0,111.0,433.0,251.0	50.0,1678.0,54.0,1679.0
000050	1695	61	TP	0.811464731062721	1.0	14.740734520560343	0.041431012622295094	341.0,106.0,426.0,247.0	50.0,1695.0,54.0,1696.0
000050	1708	62	TP	0.8051025056947608	1.0	11.773136600314972	0.007794009990494878	334.0,104.0,421.0,246.0	50.0,1708.0,54.0,1709.0
000050	1711	63	TP	0.8060715903942003	1.0	11.956416416349368	0.03810290839188	333.0,104.0,419.0,247.0	50.0,1711.0,54.0,1712.0
000050	1713	64	TP	0.812997107736804	1.0	8.45539922240508	0.035018608206483004	334.0,104.0,421.0,247.0	50.0,1713.0,54.0,1714.0
000050	1714	65	TP	0.8129684818928926	1.0	13.45058580561305	0.010082308699316046	335.0,103.0,421.0,246.0	50.0,1714.0,54.0,1715.0
000050	1718	66	TP	0.7996412556053811	1.0	6.993573911303042	0.006641724982305224	340.0,95.0,426.0,239.0	50.0,1718.0,54.0,1719.0
000050	1719	67	TP	0.8120025042482784	1.0	10.669934876326813	0.006331430310497413	340.0,94.0,426.0,238.0	50.0,1719.0,54.0,1720.0
000050	1733	68	TP	0.8141912736888497	1.0	10.276949012477255	0.03646193680861687	337.0,108.0,425.0,253.0	50.0,1733.0,54.0,1734.0
000050	1743	69	TP	0.8352544777442809	1.0	6.770596506045817	0.03662397823832293	348.0,109.0,435.0,253.0	50.0,1743.0,54.0,1744.0
000050	1745	70	TP	0.8208769749689331	1.0	12.343265404744981	0.044530506895950096	353.0,108.0,439.0,252.0	50.0,1745.0,54.0,1746.0
000050	1756	71	TP	0.8500619578686494	1.0	8.93982274848597	0.04006775536928005	351.0,106.0,436.0,251.0	50.0,1756.0,54.0,1757.0
000050	1778	72	TP	0.8514842632331903	1.0	10.815889214329642	0.01404892116080191	364.0,106.0,448.0,249.0	50.0,1778.0,54.0,1779.0
000050	1782	73	TP	0.8617077933605539	1.0	10.11498464648161	0.04396058332887715	360.0,103.0,445.0,246.0	50.0,1782.0,54.0,1783.0
000050	1874	74	TP	0.9390705679862307	1.0	8.452535756999838	0.0339928250128322	338.0,123.0,424.0,269.0	50.0,1874.0,54.0,1875.0
000051	1	75	TP	1.0	1.0	7.3790969976882	0.010900313538026122	368.0,252.0,501.0,359.0	51.0,1.0,55.0,2.0
000051	35	76	TP	1.0	1.0	4.97789607197232	0.04547890461996777	376.0,269.0,508.0,375.0	51.0,35.0,55.0,36.0
000051	56	77	TP	0.99978184991274	1.0	4.258716722844986	0.04824436276273949	365.0,271.0,497.0,377.0	51.0,56.0,55.0,57.0
000051	83	78	TP	1.0	1.0	5.40449549157387	0.012994426566158611	357.0,258.0,489.0,364.0	51.0,83.0,55.0,84.0
000051	100	79	TP	1.0	1.0	2.0590675880045697	0.0508631236719557	359.0,247.0,491.0,353.0	51.0,100.0,55.0,101.0
000051	116	80	TP	1.0	1.0	2.76897623397907	0.05010532172991785	367.0,237.0,499.0,343.0	51.0,116.0,55.0,117.0
000051	138	81	TP	1.0	1.0	1.7835603753976297	0.04774697930151489	381.0,214.0,513.0,321.0	51.0,138.0,55.0,139.0
000051	169	82	TP	1.0	1.0	3.0005310351469783	0.0480658157070237	383.0,220.0,516.0,329.0	51.0,169.0,55.0,170.0
000051	240	83	TP	1.0	1.0	2.3629821015185	0.048915672081339734	405.0,259.0,534.0,371.0	51.0,240.0,55.0,241.0
000051	407	84	TP	1.0	1.0	1.5172967013876992	0.049383168578009076	384.0,257.0,507.0,372.0	51.0,407.0,55.0,408.0
000051	515	85	TP	1.0	1.0	3.1307612329048475	0.04738547741513636	389.0,272.0,509.0,387.0	51.0,515.0,55.0,516.0
000051	520	86	TP	0.999884805897938	1.0	4.684427218351013	0.04706583760725041	394.0,271.0,513.0,387.0	51.0,520.0,55.0,521.0
000051	532	87	TP	1.0	1.0	4.301403844879428	0.04916721490419045	396.0,275.0,516.0,392.0	51.0,532.0,55.0,533.0
000051	546	88	TP	0.9997723392145703	1.0	3.2659865767605365	0.04509743396109839	405.0,276.0,524.0,393.0	51.0,546.0,55.0,547.0
000051	553	89	TP	1.0	1.0	7.166475676367947	0.04504297142856189	400.0,278.0,519.0,395.0	51.0,553.0,55.0,554.0
000051	571	90	TP	1.0	1.0	4.77301985512721	0.042031846668929555	403.0,284.0,522.0,403.0	51.0,571.0,55.0,572.0
000051	582	91	TP	0.9991093297706524	1.0	4.723412719813354	0.0469309107616148	403.0,305.0,522.0,424.0	51.0,582.0,55.0,583.0
000051	601	92	TP	0.9998897342595655	1.0	4.514062957666788	0.04418008235212635	406.0,299.0,525.0,420.0	51.0,601.0,55.0,602.0
000051	611	93	TP	0.9997810858143608	1.0	5.111391589843524	0.04400905931786783	405.0,297.0,524.0,418.0	51.0,611.0,55.0,612.0
000051	618	94	TP	1.0	1.0	3.380067073994405	0.04102904606531292	402.0,291.0,521.0,413.0	51.0,618.0,55.0,619.0
000051	636	95	TP	0.9993624481989162	1.0	3.328951401314153	0.04398213151096997	406.0,305.0,526.0,429.0	51.0,636.0,55.0,637.0
000051	637	96	TP	0.9990466101694915	1.0	2.5952208386674167	0.04192774797988703	407.0,305.0,527.0,429.0	51.0,637.0,55.0,638.0
000051	649	97	TP	0.9994698897370653	1.0	5.942520594150282	0.04438473119261351	391.0,299.0,511.0,423.0	51.0,649.0,55.0,650.0
000051	654	98	TP	0.9998943810730883	1.0	4.9196277659378	0.039825660836661024	394.0,298.0,513.0,423.0	51.0,654.0,55.0,655.0
000051	669	99	TP	1.0	1.0	9.791279283177062	0.04100651291585793	397.0,311.0,517.0,437.0	51.0,669.0,55.0,670.0
000051	672	100	TP	1.0	1.0	7.702087146163214	0.04207001527295942	401.0,312.0,522.0,438.0	51.0,672.0,55.0,673.0
000051	675	101	TP	1.0	1.0	3.268508006136565	0.04093361056126876	404.0,309.0,524.0,435.0	51.0,675.0,55.0,676.0
000051	681	102	TP	1.0	1.0	2.5098368985945823	0.03646223805060283	405.0,308.0,526.0,435.0	51.0,681.0,55.0,682.0
000051	685	103	TP	1.0	1.0	4.0416945875796495	0.032506051521856545	403.0,309.0,524.0,436.0	51.0,685.0,55.0,686.0
000051	694	104	TP	1.0	1.0	6.567167014158734	0.03346439262535959	399.0,309.0,520.0,437.0	51.0,694.0,55.0,695.0
000051	698	105	TP	1.0	1.0	7.021520818389027	0.03824608322940241	398.0,304.0,519.0,431.0	51.0,698.0,55.0,699.0
000051	780	106	TP	1.0	1.0	3.743456871739241	0.036639659155881174	390.0,306.0,513.0,437.0	51.0,780.0,55.0,781.0
000051	946	107	TP	0.9999153618281845	1.0	6.610584600981243	0.028421671959456548	404.0,297.0,530.0,436.0	51.0,946.0,55.0,947.0
000051	1038	108	TP	0.9999198332531666	1.0	7.468340785461614	0.02445613416766752	417.0,298.0,545.0,441.0	51.0,1038.0,55.0,1039.0
000051	1045	109	TP	0.999839897534422	1.0	4.976359117173087	0.026269193285329822	416.0,296.0,544.0,440.0	51.0,1045.0,55.0,1046.0
000051	1057	110	TP	0.9998399231631183	1.0	15.387944981061246	0.015026977611085483	416.0,288.0,544.0,432.0	51.0,1057.0,55.0,1058.0
000051	1063	111	TP	1.0	1.0	8.453535106771719	0.020517381308603623	417.0,289.0,545.0,432.0	51.0,1063.0,55.0,1064.0
000051	1076	112	TP	0.9993706238690898	1.0	6.40046630081005	0.022792100488126743	420.0,300.0,549.0,445.0	51.0,1076.0,55.0,1077.0
000051	1080	113	TP	0.9996852128747934	1.0	7.538676061547855	0.020999158102794048	419.0,296.0,548.0,440.0	51.0,1080.0,55.0,1081.0
000051	1091	114	TP	0.9999204834605598	1.0	11.912475616044942	0.015209628637796893	404.0,288.0,532.0,431.0	51.0,1091.0,55.0,1092.0
000051	1092	115	TP	0.9995228628230616	1.0	5.924663019011203	0.024168060068504034	404.0,286.0,532.0,429.0	51.0,1092.0,55.0,1093.0
000051	1110	116	TP	0.9999204961043091	1.0	8.970155135492027	0.01793081024942475	393.0,283.0,520.0,427.0	51.0,1110.0,55.0,1111.0
000051	1111	117	TP	1.0	1.0	4.972466125338255	0.03938334150398756	393.0,282.0,520.0,425.0	51.0,1111.0,55.0,1112.0
000051	1149	118	TP	0.9997594419052201	1.0	11.80246142628519	0.01544260997656432	383.0,275.0,508.0,418.0	51.0,1149.0,55.0,1150.0
000051	1150	119	TP	0.9997591715501325	1.0	7.958125977540397	0.022871122781476013	383.0,276.0,508.0,418.0	51.0,1150.0,55.0,1151.0
000051	1160	120	TP	0.9998393058010606	1.0	5.697198075225454	0.016906135889305767	380.0,276.0,505.0,419.0	51.0,1160.0,55.0,1161.0
000051	1182	121	TP	0.9999209736051842	1.0	7.878957593938957	0.01858538366137531	405.0,281.0,531.0,425.0	51.0,1182.0,55.0,1183.0
000051	1220	122	TP	0.999921519384712	1.0	8.091591515797719	0.014775387773363312	403.0,298.0,529.0,442.0	51.0,1220.0,55.0,1221.0
000051	1528	123	TP	1.0	1.0	6.419673352945544	0.044361979540699696	379.0,279.0,493.0,427.0	51.0,1528.0,55.0,1529.0
000051	1536	124	TP	0.9882670783481281	1.0	1.2522741153928274	0.018378369293647497	380.0,279.0,495.0,428.0	51.0,1536.0,55.0,1537.0
000051	1545	125	TP	1.0	1.0	15.657759198738733	0.017292585548038125	384.0,294.0,500.0,445.0	51.0,1545.0,55.0,1546.0
000051	1566	126	TP	0.999852267690944	1.0	5.672895196292597	0.03400082738865466	390.0,293.0,507.0,446.0	51.0,1566.0,55.0,1567.0
000051	1571	127	TP	1.0	1.0	9.393640108015886	0.020100119163625006	392.0,297.0,508.0,451.0	51.0,1571.0,55.0,1572.0
000051	1584	128	TP	0.9944263481722765	1.0	4.304631309571931	0.018425185634178665	395.0,291.0,511.0,446.0	51.0,1584.0,55.0,1585.0
000051	1588	129	TP	0.9979091564527758	1.0	2.766574438917802	0.018761827387171588	394.0,283.0,511.0,439.0	51.0,1588.0,55.0,1589.0
000051	1603	130	TP	0.9996506916305715	1.0	2.137256795950826	0.017754868396224654	407.0,269.0,525.0,427.0	51.0,1603.0,55.0,1604.0
000051	1611	131	TP	1.0	1.0	6.052691137376627	0.01905465627284065	401.0,265.0,519.0,425.0	51.0,1611.0,55.0,1612.0
000051	1617	132	TP	1.0	1.0	8.96195056828411	0.02119713182036624	399.0,263.0,517.0,423.0	51.0,1617.0,55.0,1618.0
000051	1628	133	TP	0.9995295382754217	1.0	3.7834857010158327	0.020038006783583837	413.0,278.0,533.0,440.0	51.0,1628.0,55.0,1629.0
000051	1629	134	TP	0.9998657177386867	1.0	6.360113789452876	0.023086559354205723	414.0,280.0,534.0,442.0	51.0,1629.0,55.0,1630.0
000051	1645	135	TP	0.9988195947275231	1.0	5.068780764789543	0.017504115986653974	427.0,281.0,549.0,445.0	51.0,1645.0,55.0,1646.0
000051	1650	136	TP	0.9999349466562582	1.0	0.9483391076081754	0.020762930816722723	430.0,280.0,552.0,444.0	51.0,1650.0,55.0,1651.0
000051	1673	137	TP	1.0	1.0	0.6113118912810134	0.019367041422432774	466.0,280.0,594.0,448.0	51.0,1673.0,55.0,1674.0
000051	1674	138	TP	0.999938256359595	1.0	4.984520876573162	0.022168616559555487	469.0,281.0,597.0,450.0	51.0,1674.0,55.0,1675.0
000051	1687	139	TP	0.999698031163184	1.0	7.069591359492046	0.021375127473816362	471.0,278.0,600.0,448.0	51.0,1687.0,55.0,1688.0
000051	1693	140	TP	0.9998201977824394	1.0	1.9763483377609583	0.018829373389720364	472.0,283.0,602.0,454.0	51.0,1693.0,55.0,1694.0
000051	1698	141	TP	0.9995239512049985	1.0	2.666607803004015	0.028786422732180933	473.0,286.0,603.0,459.0	51.0,1698.0,55.0,1699.0
000051	1699	142	TP	0.9995254197069466	1.0	6.581067575953817	0.02138027802200021	474.0,287.0,604.0,459.0	51.0,1699.0,55.0,1700.0
000051	1700	143	TP	0.99893383877273	1.0	2.1689113428201887	0.029995889077709354	474.0,289.0,604.0,462.0	51.0,1700.0,55.0,1701.0
000051	1708	144	TP	0.9996514059958169	1.0	2.752340654729954	0.021619582389443486	479.0,284.0,611.0,459.0	51.0,1708.0,55.0,1709.0
000051	1709	145	TP	0.9939133963248508	1.0	4.619471932105755	0.024080487120538632	479.0,284.0,611.0,458.0	51.0,1709.0,55.0,1710.0
000051	1715	146	TP	0.9998273281915506	1.0	1.0854785016645523	0.028870761036012976	478.0,286.0,610.0,462.0	51.0,1715.0,55.0,1716.0
000051	1717	147	TP	1.0	1.0	6.433527662483976	0.01954666222133256	476.0,288.0,608.0,464.0	51.0,1717.0,55.0,1718.0
000051	1729	148	TP	0.9990373725934315	1.0	6.05286862943997	0.02327184227211743	477.0,303.0,610.0,480.0	51.0,1729.0,55.0,1730.0
000051	1927	149	TP	1.0	1.0	2.160455877800011	0.021266373430877367	404.0,280.0,567.0,472.0	51.0,1927.0,55.0,1928.0
000053	1	150	TP	0.9992978623810267	1.0	3.5239103421792883	0.02736388958581335	229.0,258.0,330.0,415.0	53.0,1.0,57.0,2.0
000053	14	151	TP	0.9983006334002781	1.0	6.659214875110568	0.040776074331375825	200.0,285.0,300.0,443.0	53.0,14.0,57.0,15.0
000053	33	152	TP	0.9985796516408761	1.0	5.4419202719800905	0.03675711822161363	163.0,297.0,268.0,457.0	53.0,33.0,57.0,34.0
000053	43	153	TP	0.9972920114337295	1.0	4.247443540098595	0.039038565470564564	155.0,296.0,259.0,456.0	53.0,43.0,57.0,44.0
000053	52	154	TP	0.9973935061066428	1.0	6.425201701700934	0.0375292797864909	133.0,303.0,239.0,464.0	53.0,52.0,57.0,53.0
000053	61	155	TP	0.999261938150417	1.0	6.012835318041495	0.029867988336718335	119.0,310.0,227.0,472.0	53.0,61.0,57.0,62.0
000053	75	156	TP	0.9986622073578595	1.0	8.296558297227767	0.039370395993300736	134.0,315.0,242.0,476.0	53.0,75.0,57.0,76.0
000053	84	157	TP	0.9983595555886958	1.0	3.4096154154822895	0.03789071109646929	130.0,310.0,238.0,471.0	53.0,84.0,57.0,85.0
000053	93	158	TP	0.9981323771104139	1.0	6.086381484735954	0.03608596741754903	140.0,299.0,247.0,460.0	53.0,93.0,57.0,94.0
000053	103	159	TP	0.9968861547808916	1.0	3.070839240812293	0.03488897827904251	167.0,277.0,273.0,437.0	53.0,103.0,57.0,104.0
000053	111	160	TP	0.9972481271976762	1.0	7.367635119920072	0.03597724184150326	154.0,288.0,259.0,448.0	53.0,111.0,57.0,112.0
000053	118	161	TP	0.9989139709875107	1.0	10.911549029859449	0.03365298463226838	153.0,282.0,257.0,441.0	53.0,118.0,57.0,119.0
000053	123	162	TP	0.9975627014702414	1.0	6.191257381603667	0.03526157460696305	166.0,277.0,269.0,435.0	53.0,123.0,57.0,124.0
000053	126	163	TP	0.9976220672162334	1.0	10.691430041303796	0.03596828237867113	167.0,277.0,269.0,434.0	53.0,126.0,57.0,127.0
000053	131	164	TP	0.9981445627621813	1.0	9.960963356783662	0.03914697442568553	170.0,290.0,271.0,446.0	53.0,131.0,57.0,132.0
000053	135	165	TP	0.9986142810564069	1.0	7.118510836650598	0.03887269120268567	169.0,292.0,269.0,447.0	53.0,135.0,57.0,136.0
000053	138	166	TP	0.9994233462393937	1.0	15.295583138052029	0.03575347565380262	169.0,285.0,269.0,439.0	53.0,138.0,57.0,139.0
000053	139	167	TP	0.997769332452082	1.0	9.85641680245657	0.03878992723657113	172.0,282.0,272.0,436.0	53.0,139.0,57.0,140.0
000053	142	168	TP	0.9993332777731477	1.0	12.123052575873066	0.04036587459055984	175.0,281.0,274.0,434.0	53.0,142.0,57.0,143.0
000053	145	169	TP	0.9997490799598528	1.0	11.563163360275826	0.028303320124085908	167.0,282.0,265.0,434.0	53.0,145.0,57.0,146.0
000053	147	170	TP	0.9979860703197113	1.0	5.786537807523793	0.03965715921046683	164.0,281.0,261.0,434.0	53.0,147.0,57.0,148.0
000053	152	171	TP	0.9991544770440517	1.0	11.27140921646357	0.03746091773544081	154.0,278.0,250.0,430.0	53.0,152.0,57.0,153.0
000053	153	172	TP	0.9999153976311337	1.0	11.772572669574139	0.03588074190796766	152.0,278.0,248.0,429.0	53.0,153.0,57.0,154.0
000053	155	173	TP	1.0	1.0	9.39476814366701	0.036177652456744744	152.0,277.0,248.0,429.0	53.0,155.0,57.0,156.0
000053	158	174	TP	0.9989751473225724	1.0	7.927604556591523	0.03575672939117232	154.0,278.0,250.0,429.0	53.0,158.0,57.0,159.0
000053	162	175	TP	0.9999141630901287	1.0	7.772031104065891	0.03348101883289539	158.0,276.0,252.0,426.0	53.0,162.0,57.0,163.0
000053	164	176	TP	0.999483204134367	1.0	7.389361807385134	0.032701123593816564	159.0,275.0,253.0,425.0	53.0,164.0,57.0,165.0
000053	165	177	TP	0.9993964996982498	1.0	6.764620489381322	0.039044828686211536	159.0,275.0,254.0,425.0	53.0,165.0,57.0,166.0
000053	167	178	TP	0.9987061157595101	1.0	7.147656990275906	0.03316052277476557	161.0,273.0,255.0,423.0	53.0,167.0,57.0,168.0
000053	168	179	TP	0.9992229321360733	1.0	8.80691193641246	0.03399993807924927	161.0,274.0,255.0,424.0	53.0,168.0,57.0,169.0
000053	171	180	TP	0.999827258593885	1.0	8.313887192775635	0.03665232596714402	161.0,271.0,254.0,421.0	53.0,171.0,57.0,172.0
000053	176	181	TP	0.9992244722102542	1.0	13.153861698144961	0.036238679616270725	156.0,271.0,249.0,421.0	53.0,176.0,57.0,177.0
000053	179	182	TP	0.9993967597380213	1.0	8.671713087885886	0.029311624961525125	151.0,268.0,244.0,418.0	53.0,179.0,57.0,180.0
000053	247	183	TP	0.9994917407878018	1.0	14.441543060847566	0.03974081264054719	165.0,272.0,259.0,423.0	53.0,247.0,57.0,248.0
000053	316	184	TP	0.9998492840994725	1.0	9.940580694429373	0.03482351590174213	242.0,251.0,345.0,411.0	53.0,316.0,57.0,317.0
000053	434	185	TP	0.9998559492941516	1.0	4.963685158527861	0.03957658656809752	130.0,227.0,230.0,389.0	53.0,434.0,57.0,435.0
000053	479	186	TP	0.9997522708505368	1.0	11.21201388768392	0.025766091699765292	102.0,254.0,194.0,405.0	53.0,479.0,57.0,480.0
000053	513	187	TP	1.0	1.0	11.88549837959684	0.04673886616252645	195.0,247.0,286.0,394.0	53.0,513.0,57.0,514.0
000053	519	188	TP	1.0	1.0	9.976406377984002	0.04579582845827877	195.0,244.0,288.0,393.0	53.0,519.0,57.0,520.0
000053	523	189	TP	0.999163739755812	1.0	10.3220260050192	0.039853762724119786	191.0,246.0,284.0,396.0	53.0,523.0,57.0,524.0
000053	526	190	TP	0.9999182939782661	1.0	16.192617879642878	0.03151695303086487	191.0,240.0,284.0,392.0	53.0,526.0,57.0,527.0
000053	533	191	TP	0.9987196927262543	1.0	7.133850621743586	0.04035148925676087	188.0,230.0,282.0,384.0	53.0,533.0,57.0,534.0
000053	534	192	TP	1.0	1.0	11.511003658607052	0.04229696283784694	189.0,232.0,284.0,386.0	53.0,534.0,57.0,535.0
000053	538	193	TP	0.9997632202052091	1.0	9.214025928666862	0.021046225822906387	197.0,229.0,292.0,383.0	53.0,538.0,57.0,539.0
000053	539	194	TP	0.9995283389670624	1.0	6.046603890369866	0.033054615686492546	198.0,226.0,295.0,380.0	53.0,539.0,57.0,540.0
000053	542	195	TP	0.9999218444704963	1.0	7.145236526006001	0.04165314960351171	197.0,232.0,293.0,388.0	53.0,542.0,57.0,543.0
000053	545	196	TP	1.0	1.0	8.247126077984802	0.026120845031530854	199.0,233.0,296.0,389.0	53.0,545.0,57.0,546.0
000053	547	197	TP	0.9995427874723768	1.0	6.231892851630051	0.03970500623081449	201.0,229.0,299.0,386.0	53.0,547.0,57.0,548.0
000053	550	198	TP	0.9998489996224991	1.0	2.5380969956662276	0.020741363461802515	204.0,227.0,303.0,385.0	53.0,550.0,57.0,551.0
000053	551	199	TP	1.0	1.0	13.159481878536033	0.031228614273701636	210.0,224.0,310.0,383.0	53.0,551.0,57.0,552.0
000053	552	200	TP	0.9998509464897898	1.0	4.237932552821348	0.035522300799104525	211.0,223.0,311.0,382.0	53.0,552.0,57.0,553.0
000053	555	201	TP	0.9999265947295016	1.0	15.200512676259267	0.02637554180412659	213.0,225.0,315.0,385.0	53.0,555.0,57.0,556.0
000053	556	202	TP	0.999926873857404	1.0	12.367071521284247	0.01975638663572135	215.0,224.0,317.0,384.0	53.0,556.0,57.0,557.0
000053	567	203	TP	1.0	1.0	15.172992296423896	0.029414188750863875	219.0,212.0,322.0,373.0	53.0,567.0,57.0,568.0
000053	569	204	TP	1.0	1.0	9.486901686877816	0.028251194581611294	225.0,207.0,328.0,369.0	53.0,569.0,57.0,570.0
000053	576	205	TP	1.0	1.0	9.982460167958056	0.01521553799996976	222.0,205.0,326.0,368.0	53.0,576.0,57.0,577.0
000053	579	206	TP	1.0	1.0	5.90818730250374	0.011236712000553544	219.0,211.0,323.0,374.0	53.0,579.0,57.0,580.0
000053	583	207	TP	0.9998604326587579	1.0	9.400003930534051	0.012666998301522238	212.0,209.0,318.0,373.0	53.0,583.0,57.0,584.0
000053	587	208	TP	0.9995828698553949	1.0	5.399593056642653	0.012790435912036508	208.0,206.0,314.0,371.0	53.0,587.0,57.0,588.0
000053	591	209	TP	1.0	1.0	7.799820137844386	0.026302726999267084	198.0,207.0,306.0,372.0	53.0,591.0,57.0,592.0
000053	592	210	TP	1.0	1.0	8.644418976016285	0.03425134844900736	192.0,209.0,301.0,374.0	53.0,592.0,57.0,593.0
000053	602	211	TP	0.9993175458950385	1.0	13.345643948448348	0.027012461927026384	178.0,213.0,288.0,379.0	53.0,602.0,57.0,603.0
000053	604	212	TP	1.0	1.0	8.057047534257967	0.011590380512358505	184.0,214.0,293.0,380.0	53.0,604.0,57.0,605.0
000053	610	213	TP	1.0	1.0	8.634243101591744	0.031467581352199875	196.0,210.0,305.0,376.0	53.0,610.0,57.0,611.0
000053	616	214	TP	1.0	1.0	13.292000333504111	0.028136403212942463	202.0,214.0,312.0,380.0	53.0,616.0,57.0,617.0
000053	628	215	TP	1.0	1.0	9.231689096524253	0.017864044874369277	209.0,213.0,320.0,380.0	53.0,628.0,57.0,629.0
000053	638	216	TP	0.9999329578975596	1.0	9.066997878257103	0.029767430641475447	231.0,221.0,343.0,389.0	53.0,638.0,57.0,639.0
000053	647	217	TP	0.9997343781127564	1.0	13.122423100308374	0.02159936841215774	247.0,231.0,359.0,399.0	53.0,647.0,57.0,648.0
000053	655	218	TP	1.0	1.0	13.1187027277446	0.027824229235385488	239.0,239.0,352.0,408.0	53.0,655.0,57.0,656.0
000053	665	219	TP	0.9996074582924436	1.0	10.691049619910931	0.04094573118790583	238.0,218.0,353.0,388.0	53.0,665.0,57.0,666.0
000053	677	220	TP	1.0	1.0	14.43162637232762	0.021061091354507473	227.0,228.0,344.0,398.0	53.0,677.0,57.0,678.0
000053	686	221	TP	0.9999356995884774	1.0	15.84504143239187	0.026864529384475734	214.0,242.0,332.0,413.0	53.0,686.0,57.0,687.0
000053	687	222	TP	1.0	1.0	12.93443114222469	0.0300918457931254	210.0,250.0,327.0,422.0	53.0,687.0,57.0,688.0
000053	692	223	TP	0.9999364918074432	1.0	16.18963390354925	0.021612388459040927	201.0,254.0,319.0,426.0	53.0,692.0,57.0,693.0
000053	716	224	TP	0.9993762085958455	1.0	13.900236995222805	0.022903034280447297	191.0,233.0,313.0,406.0	53.0,716.0,57.0,717.0
000055	22	225	TP	0.8624510201324146	1.0	17.559668652865675	0.06003244386847842	90.0,204.0,162.0,322.0	55.0,22.0,59.0,23.0
000055	42	226	TP	0.8806979575273908	1.0	14.087227647004749	0.05835132098727575	116.0,214.0,187.0,331.0	55.0,42.0,59.0,43.0
000055	49	227	TP	0.8909657320872274	1.0	14.485201128166372	0.05572254358296379	122.0,202.0,192.0,320.0	55.0,49.0,59.0,50.0
000055	62	228	TP	0.8971375066880685	1.0	17.96680101995564	0.055121395242171786	116.0,177.0,185.0,295.0	55.0,62.0,59.0,63.0
000055	89	229	TP	0.9038435603506406	1.0	15.149493090150823	0.06509278672976716	84.0,196.0,153.0,313.0	55.0,89.0,59.0,90.0
000055	100	230	TP	0.92103153393907	1.0	12.000428088787437	0.06084777649823349	74.0,202.0,143.0,320.0	55.0,100.0,59.0,101.0
000055	128	231	TP	0.8605871330418489	1.0	10.745636859614748	0.04998598461302142	-10.0,204.0,68.0,325.0	55.0,128.0,59.0,129.0
000055	205	232	TP	0.9060259152094603	1.0	12.110523370614436	0.06331219796471252	23.0,201.0,98.0,322.0	55.0,205.0,59.0,206.0
000055	360	233	TP	0.9736842105263158	1.0	14.504232692153463	0.049096572813562826	92.0,208.0,159.0,323.0	55.0,360.0,59.0,361.0
000055	454	234	TP	0.9730713245997089	1.0	12.55831028838836	0.0641131877438336	127.0,246.0,192.0,359.0	55.0,454.0,59.0,455.0
000055	512	235	TP	0.9676190476190476	1.0	10.607819743781032	0.05341188720096614	105.0,239.0,170.0,351.0	55.0,512.0,59.0,513.0
000055	513	236	TP	0.9689650124432733	1.0	12.983048893443241	0.06928014738296819	106.0,238.0,171.0,350.0	55.0,513.0,59.0,514.0
000055	526	237	TP	0.9750474244856268	1.0	8.733858775165915	0.04287828105707547	106.0,235.0,172.0,347.0	55.0,526.0,59.0,527.0
000055	530	238	TP	0.9693475405050358	1.0	11.163113876073488	0.07020215704563178	100.0,231.0,166.0,344.0	55.0,530.0,59.0,531.0
000055	546	239	TP	0.9713669064748202	1.0	11.540399076781805	0.057646875557418195	77.0,226.0,143.0,339.0	55.0,546.0,59.0,547.0
000055	562	240	TP	0.9684452094090649	1.0	12.666407294467794	0.06694526302997707	86.0,231.0,151.0,344.0	55.0,562.0,59.0,563.0
000055	563	241	TP	0.9778830963665087	1.0	10.75303108316818	0.05495821588310794	89.0,229.0,155.0,343.0	55.0,563.0,59.0,564.0
000055	588	242	TP	0.9746294184720639	1.0	13.493104507481801	0.047142840633550044	62.0,239.0,129.0,353.0	55.0,588.0,59.0,589.0
000055	598	243	TP	0.9738047523618666	1.0	11.679991863581714	0.05041840295056134	70.0,235.0,136.0,348.0	55.0,598.0,59.0,599.0
000055	603	244	TP	0.9777106701179178	1.0	14.061721471822814	0.07215119791350406	71.0,234.0,137.0,347.0	55.0,603.0,59.0,604.0
000055	610	245	TP	0.9757183908045977	1.0	18.78541125268539	0.06977534372218415	75.0,234.0,141.0,347.0	55.0,610.0,59.0,611.0
000055	612	246	TP	0.9683108689417838	1.0	8.109075386522461	0.054717299641766276	76.0,234.0,143.0,347.0	55.0,612.0,59.0,613.0
000055	618	247	TP	0.9782701929949964	1.0	9.918758148218409	0.0498917219262283	77.0,242.0,143.0,356.0	55.0,618.0,59.0,619.0
000055	621	248	TP	0.9760826493065383	1.0	12.029659591288974	0.04570716283567075	71.0,249.0,137.0,363.0	55.0,621.0,59.0,622.0
000055	622	249	TP	0.97309544038516	1.0	8.864217619965208	0.04323992274121635	71.0,250.0,138.0,364.0	55.0,622.0,59.0,623.0
000055	638	250	TP	0.9805661174482467	1.0	5.988514929107523	0.050280496089338864	56.0,250.0,123.0,364.0	55.0,638.0,59.0,639.0
000055	641	251	TP	0.9769598201742062	1.0	12.486115327522612	0.05869999752814866	53.0,249.0,120.0,363.0	55.0,641.0,59.0,642.0
000055	649	252	TP	0.9749929755549311	1.0	14.460576367244817	0.06557433006868202	54.0,251.0,121.0,365.0	55.0,649.0,59.0,650.0
000055	654	253	TP	0.9656821378340366	1.0	8.35376001201431	0.05087855128741669	56.0,255.0,123.0,369.0	55.0,654.0,59.0,655.0
000055	663	254	TP	0.9673405909797823	1.0	13.660025024296733	0.06590042110520695	67.0,250.0,134.0,364.0	55.0,663.0,59.0,664.0
000055	793	255	TP	0.9886589169265665	1.0	15.085425030405833	0.07062593958001655	139.0,254.0,208.0,369.0	55.0,793.0,59.0,794.0
000055	920	256	TP	0.975638322792223	1.0	16.63081627477983	0.05641190758799836	112.0,233.0,189.0,360.0	55.0,920.0,59.0,921.0
000055	1025	257	TP	0.9944450873741465	1.0	10.419029054672585	0.031954747510870164	76.0,232.0,152.0,358.0	55.0,1025.0,59.0,1026.0
000055	1038	258	TP	0.991174079665544	1.0	19.685577874062922	0.06150515957264912	87.0,229.0,163.0,355.0	55.0,1038.0,59.0,1039.0
000055	1040	259	TP	0.9865147640083701	1.0	10.89618041924472	0.025440013318801424	91.0,229.0,166.0,356.0	55.0,1040.0,59.0,1041.0
000055	1041	260	TP	0.9898754800418945	1.0	9.239997681175554	0.018166737592645418	92.0,230.0,167.0,356.0	55.0,1041.0,59.0,1042.0
000055	1042	261	TP	0.9908150215091268	1.0	16.387925985160916	0.05649778217027599	93.0,230.0,168.0,356.0	55.0,1042.0,59.0,1043.0
000055	1044	262	TP	0.9896619816471135	1.0	10.847558764161166	0.038264244753709896	94.0,231.0,169.0,357.0	55.0,1044.0,59.0,1045.0
000055	1046	263	TP	0.9957175925925926	1.0	14.192398694633548	0.058777552097730064	94.0,233.0,169.0,360.0	55.0,1046.0,59.0,1047.0
000055	1048	264	TP	0.9945564049108176	1.0	15.656560834630124	0.05435384207932285	94.0,234.0,170.0,361.0	55.0,1048.0,59.0,1049.0
000055	1049	265	TP	0.9936364688186972	1.0	13.005810883111863	0.05740455601149863	95.0,234.0,170.0,361.0	55.0,1049.0,59.0,1050.0
000055	1053	266	TP	0.9966616783699781	1.0	12.927877263524119	0.06121337956471441	94.0,235.0,169.0,362.0	55.0,1053.0,59.0,1054.0
000055	1055	267	TP	0.9945902394106814	1.0	14.817372452959162	0.05301724582094601	95.0,235.0,170.0,362.0	55.0,1055.0,59.0,1056.0
000055	1064	268	TP	0.994956441999083	1.0	18.805536190474008	0.05179566695964168	98.0,230.0,174.0,358.0	55.0,1064.0,59.0,1065.0
000055	1068	269	TP	0.9949610627576729	1.0	18.557887235787742	0.05582149267161791	98.0,230.0,174.0,357.0	55.0,1068.0,59.0,1069.0
000055	1088	270	TP	0.9967996342439136	1.0	16.404885531999508	0.055497620885946626	97.0,231.0,172.0,358.0	55.0,1088.0,59.0,1089.0
000055	1100	271	TP	0.9915621436716078	1.0	14.990476160431545	0.04415243845195117	93.0,226.0,168.0,354.0	55.0,1100.0,59.0,1101.0
000055	1103	272	TP	0.9830373406193078	1.0	10.213810591047723	0.047221014306833044	93.0,226.0,168.0,354.0	55.0,1103.0,59.0,1104.0
000055	1115	273	TP	0.9973931769239488	1.0	17.16789644087702	0.05134895759092562	91.0,222.0,167.0,350.0	55.0,1115.0,59.0,1116.0
000055	1120	274	TP	0.9958243990520257	1.0	18.7739175934681	0.05345916570018567	90.0,223.0,165.0,351.0	55.0,1120.0,59.0,1121.0
000055	1132	275	TP	0.9953968788593242	1.0	19.208411364027018	0.04442669505254135	87.0,226.0,162.0,355.0	55.0,1132.0,59.0,1133.0
000055	1136	276	TP	0.9962837837837838	1.0	16.685627518360874	0.04983442601631444	88.0,224.0,163.0,352.0	55.0,1136.0,59.0,1137.0
000055	1147	277	TP	0.9996654772524531	1.0	15.148641319609386	0.052454374881628685	82.0,220.0,157.0,349.0	55.0,1147.0,59.0,1148.0
000055	1151	278	TP	0.9952206290985884	1.0	9.907879624508334	0.04012846674410618	81.0,219.0,156.0,348.0	55.0,1151.0,59.0,1152.0
000055	1161	279	TP	0.9996714489103056	1.0	15.371380228264847	0.05153892818145743	75.0,221.0,151.0,351.0	55.0,1161.0,59.0,1162.0
000055	1164	280	TP	0.9985765903865105	1.0	14.056147076000164	0.05131029719834629	76.0,223.0,152.0,353.0	55.0,1164.0,59.0,1165.0
000055	1176	281	TP	0.9990092470277411	1.0	16.74840102537975	0.04804046653014389	75.0,224.0,151.0,354.0	55.0,1176.0,59.0,1177.0
000055	1177	282	TP	0.9975789589523495	1.0	16.23079212271555	0.05089869356893418	75.0,224.0,151.0,354.0	55.0,1177.0,59.0,1178.0
000055	1189	283	TP	0.9977003942181341	1.0	17.062523608970057	0.04993714284304122	71.0,225.0,147.0,355.0	55.0,1189.0,59.0,1190.0
000055	1347	284	TP	0.9997990151743543	1.0	18.78173786492199	0.04355328449680035	66.0,225.0,148.0,361.0	55.0,1347.0,59.0,1348.0
000055	1520	285	TP	0.9978414442700158	1.0	13.948440183212403	0.03986904408676797	93.0,238.0,174.0,375.0	55.0,1520.0,59.0,1521.0
000055	1543	286	TP	0.9982857142857143	1.0	19.198169995061292	0.04612592666714267	64.0,260.0,148.0,400.0	55.0,1543.0,59.0,1544.0
000055	1563	287	TP	0.998857686815802	1.0	16.90126628910916	0.04308317357519669	68.0,255.0,151.0,394.0	55.0,1563.0,59.0,1564.0
000055	1567	288	TP	0.9961052531585447	1.0	14.516585648660207	0.04638606560631978	67.0,258.0,151.0,398.0	55.0,1567.0,59.0,1568.0
000055	1585	289	TP	0.9986620795107034	1.0	21.618705055927407	0.04723823501365101	77.0,250.0,160.0,390.0	55.0,1585.0,59.0,1586.0
000055	1592	290	TP	0.9978803352924174	1.0	16.676711692700728	0.04004185162448663	86.0,242.0,167.0,380.0	55.0,1592.0,59.0,1593.0
000055	1603	291	TP	0.9978490418459132	1.0	14.230458569705364	0.04760876718065748	102.0,234.0,183.0,371.0	55.0,1603.0,59.0,1604.0
000055	1604	292	TP	0.9978418677653522	1.0	10.944623427268166	0.0481839195142733	105.0,233.0,185.0,370.0	55.0,1604.0,59.0,1605.0
000055	1609	293	TP	0.9962365058928394	1.0	12.964569482949184	0.047859100809782826	117.0,229.0,197.0,366.0	55.0,1609.0,59.0,1610.0
000055	1612	294	TP	0.9979160464423936	1.0	13.546734336419002	0.01341711160159268	120.0,232.0,200.0,368.0	55.0,1612.0,59.0,1613.0
000055	1625	295	TP	0.9818960482772046	1.0	16.838832233029972	0.04397294478262996	110.0,239.0,191.0,376.0	55.0,1625.0,59.0,1626.0
000055	1632	296	TP	0.9979601748421564	1.0	12.825732214752474	0.04177178254030019	113.0,241.0,194.0,379.0	55.0,1632.0,59.0,1633.0
000055	1643	297	TP	0.9973806752037253	1.0	16.867288071208073	0.045591154628999035	112.0,241.0,193.0,378.0	55.0,1643.0,59.0,1644.0
000055	1666	298	TP	0.9966206430433523	1.0	14.357094551194322	0.046504985593806385	119.0,249.0,203.0,388.0	55.0,1666.0,59.0,1667.0
000055	1717	299	TP	0.9955223880597015	1.0	18.494797099994834	0.03688439573629629	116.0,256.0,202.0,397.0	55.0,1717.0,59.0,1718.0
000057	1	300	TP	0.9994770421504027	1.0	18.521952888130723	0.04891960619357466	232.0,247.0,315.0,383.0	57.0,1.0,61.0,2.0
000057	24	301	TP	0.999158337716991	1.0	17.203449335541077	0.05258843818535352	232.0,252.0,313.0,388.0	57.0,24.0,61.0,25.0
000057	38	302	TP	0.9991520932697403	1.0	15.383420380373312	0.016192952407861422	231.0,257.0,311.0,392.0	57.0,38.0,61.0,39.0
000057	49	303	TP	0.999259494340421	1.0	18.4142386214713	0.05292260939815126	219.0,267.0,299.0,403.0	57.0,49.0,61.0,50.0
000057	61	304	TP	0.9997875504567665	1.0	19.471400376866423	0.048220041306191896	217.0,272.0,297.0,408.0	57.0,61.0,61.0,62.0
000057	74	305	TP	0.9995765403345331	1.0	18.867634008373106	0.019648798713714714	214.0,283.0,294.0,419.0	57.0,74.0,61.0,75.0
000057	81	306	TP	0.9998950902224087	1.0	20.157246987928584	0.051270906877096796	203.0,266.0,282.0,402.0	57.0,81.0,61.0,82.0
000057	88	307	TP	1.0	1.0	15.969509445466104	0.020743575943555605	189.0,263.0,268.0,399.0	57.0,88.0,61.0,89.0
000057	119	308	TP	0.9990650322044463	1.0	21.351739638061154	0.016009583225447738	180.0,255.0,260.0,392.0	57.0,119.0,61.0,120.0
000057	246	309	TP	1.0	1.0	16.892924129504866	0.02090242092708585	160.0,215.0,242.0,357.0	57.0,246.0,61.0,247.0
000057	483	310	TP	1.0	1.0	19.030303241041974	0.032325902235671757	149.0,266.0,236.0,415.0	57.0,483.0,61.0,484.0
000057	518	311	TP	1.0	1.0	19.54895060720897	0.03342053099404343	127.0,274.0,215.0,426.0	57.0,518.0,61.0,519.0
000057	526	312	TP	1.0	1.0	14.65887745555609	0.026020250917533735	116.0,277.0,204.0,430.0	57.0,526.0,61.0,527.0
000057	528	313	TP	1.0	1.0	11.225533357930392	0.02430443705248031	113.0,279.0,201.0,432.0	57.0,528.0,61.0,529.0
000057	537	314	TP	1.0	1.0	17.66944570501618	0.03639096182675881	108.0,274.0,197.0,427.0	57.0,537.0,61.0,538.0
000057	541	315	TP	1.0	1.0	13.135817668758492	0.026778672022102608	112.0,270.0,201.0,423.0	57.0,541.0,61.0,542.0
000057	553	316	TP	1.0	1.0	14.383982883035697	0.022245086041751842	114.0,258.0,203.0,412.0	57.0,553.0,61.0,554.0
000057	554	317	TP	1.0	1.0	14.27424340425772	0.024474094893457313	113.0,258.0,203.0,411.0	57.0,554.0,61.0,555.0
000057	565	318	TP	1.0	1.0	15.818677296443484	0.018681766257559646	107.0,257.0,197.0,412.0	57.0,565.0,61.0,566.0
000057	574	319	TP	1.0	1.0	12.707701988980917	0.022503348680250595	110.0,251.0,201.0,407.0	57.0,574.0,61.0,575.0
000057	575	320	TP	0.9997661001091532	1.0	13.732694618758602	0.027257212002983363	111.0,250.0,202.0,407.0	57.0,575.0,61.0,576.0
000057	584	321	TP	1.0	1.0	15.139805630080819	0.016839187185325604	105.0,252.0,197.0,410.0	57.0,584.0,61.0,585.0
000057	592	322	TP	1.0	1.0	17.08406602409554	0.026052193457510895	100.0,267.0,193.0,426.0	57.0,592.0,61.0,593.0
000057	597	323	TP	1.0	1.0	16.529682152986148	0.021683126911805906	102.0,267.0,195.0,427.0	57.0,597.0,61.0,598.0
000057	606	324	TP	1.0	1.0	15.766887762152999	0.01985033164295554	100.0,264.0,194.0,424.0	57.0,606.0,61.0,607.0
000057	610	325	TP	1.0	1.0	12.3590803076719	0.023289168941193428	103.0,259.0,198.0,421.0	57.0,610.0,61.0,611.0
000057	613	326	TP	1.0	1.0	14.078578640316842	0.027618410157636292	103.0,260.0,198.0,422.0	57.0,613.0,61.0,614.0
000057	621	327	TP	1.0	1.0	12.805544014947886	0.016043682291645985	106.0,261.0,201.0,426.0	57.0,621.0,61.0,622.0
000057	790	328	TP	1.0	1.0	16.985655501710383	0.024583631908516486	125.0,256.0,230.0,438.0	57.0,790.0,61.0,791.0
000057	844	329	TP	1.0	1.0	13.125842080064679	0.03799260682221318	52.0,266.0,160.0,444.0	57.0,844.0,61.0,845.0
000057	978	330	TP	1.0	1.0	12.427978571487392	0.029882501839156545	116.0,208.0,216.0,378.0	57.0,978.0,61.0,979.0
000057	1026	331	TP	1.0	1.0	13.883866704026119	0.037780451291548355	79.0,232.0,186.0,403.0	57.0,1026.0,61.0,1027.0
000057	1028	332	TP	1.0	1.0	15.681113195169267	0.03881959885850167	78.0,233.0,186.0,404.0	57.0,1028.0,61.0,1029.0
000057	1035	333	TP	0.9998724408444416	1.0	21.238075244558193	0.026634053566755682	62.0,231.0,173.0,403.0	57.0,1035.0,61.0,1036.0
000057	1040	334	TP	0.9999363746262009	1.0	17.781265513707734	0.027836889335444523	54.0,229.0,166.0,401.0	57.0,1040.0,61.0,1041.0
000057	1046	335	TP	0.999936816831996	1.0	17.64723467020372	0.03078122103799046	54.0,226.0,167.0,399.0	57.0,1046.0,61.0,1047.0
000057	1054	336	TP	1.0	1.0	14.205576554263816	0.036731928205861665	59.0,224.0,173.0,398.0	57.0,1054.0,61.0,1055.0
000057	1057	337	TP	1.0	1.0	8.187876291286685	0.03127138995515247	57.0,224.0,172.0,398.0	57.0,1057.0,61.0,1058.0
000057	1066	338	TP	1.0	1.0	10.70137186511564	0.03143598551372562	83.0,219.0,195.0,393.0	57.0,1066.0,61.0,1067.0
000057	1071	339	TP	0.9998721636305529	1.0	10.244410758831979	0.03300422645390947	90.0,220.0,200.0,392.0	57.0,1071.0,61.0,1072.0
000057	1073	340	TP	1.0	1.0	13.825378424500865	0.032268138463545655	89.0,223.0,199.0,395.0	57.0,1073.0,61.0,1074.0
000057	1076	341	TP	1.0	1.0	13.379041218737337	0.031021408967985054	90.0,229.0,199.0,400.0	57.0,1076.0,61.0,1077.0
000057	1078	342	TP	0.9999349466562582	1.0	15.493008283710369	0.030913408759229592	87.0,231.0,196.0,402.0	57.0,1078.0,61.0,1079.0
000057	1081	343	TP	1.0	1.0	16.085852986265685	0.036778160603408334	79.0,234.0,188.0,405.0	57.0,1081.0,61.0,1082.0
000057	1082	344	TP	1.0	1.0	20.212365113179125	0.027320811556817218	76.0,234.0,185.0,404.0	57.0,1082.0,61.0,1083.0
000057	1083	345	TP	1.0	1.0	14.953400704066036	0.02641916342367754	72.0,233.0,182.0,404.0	57.0,1083.0,61.0,1084.0
000057	1086	346	TP	1.0	1.0	10.760569839016053	0.03472692619639037	63.0,233.0,173.0,403.0	57.0,1086.0,61.0,1087.0
000057	1087	347	TP	1.0	1.0	21.586225320713798	0.02915842791243865	61.0,233.0,171.0,403.0	57.0,1087.0,61.0,1088.0
000057	1092	348	TP	1.0	1.0	10.337474318804222	0.031173242710630766	58.0,232.0,168.0,401.0	57.0,1092.0,61.0,1093.0
000057	1093	349	TP	1.0	1.0	10.6185664859464	0.029428737048677926	58.0,232.0,168.0,401.0	57.0,1093.0,61.0,1094.0
000057	1099	350	TP	1.0	1.0	17.62897984053789	0.034210648266584515	65.0,236.0,174.0,404.0	57.0,1099.0,61.0,1100.0
000057	1101	351	TP	1.0	1.0	16.434886959115676	0.03980372174822879	70.0,237.0,178.0,405.0	57.0,1101.0,61.0,1102.0
000057	1108	352	TP	1.0	1.0	16.766499735993758	0.03880245530346742	77.0,240.0,183.0,407.0	57.0,1108.0,61.0,1109.0
000057	1116	353	TP	1.0	1.0	14.959932477372044	0.03830675583033339	76.0,238.0,182.0,405.0	57.0,1116.0,61.0,1117.0
000057	1118	354	TP	1.0	1.0	12.543030055179953	0.035129293512517354	77.0,237.0,182.0,404.0	57.0,1118.0,61.0,1119.0
000057	1159	355	TP	0.9993573723670118	1.0	17.312176920739017	0.039384772322028035	88.0,237.0,189.0,400.0	57.0,1159.0,61.0,1160.0
000057	1290	356	TP	0.9998501535925676	1.0	20.841585458254308	0.03024684599262341	59.0,189.0,158.0,347.0	57.0,1290.0,61.0,1291.0
000057	1440	357	TP	0.9998418847339711	1.0	16.219900727685257	0.04041266210093939	37.0,154.0,135.0,308.0	57.0,1440.0,61.0,1441.0
000057	1527	358	TP	0.9967614249730119	1.0	21.95204115138131	0.03672748200918239	117.0,172.0,204.0,317.0	57.0,1527.0,61.0,1528.0
000057	1538	359	TP	0.9968570402298851	1.0	13.886181485650447	0.030709795420327868	112.0,161.0,200.0,306.0	57.0,1538.0,61.0,1539.0
000057	1539	360	TP	0.9959572365465816	1.0	17.560942357678805	0.02729068741088085	111.0,162.0,200.0,307.0	57.0,1539.0,61.0,1540.0
000057	1549	361	TP	0.9960734179526984	1.0	9.723498414319785	0.049768187085596535	116.0,161.0,205.0,305.0	57.0,1549.0,61.0,1550.0
000057	1560	362	TP	0.996455223880597	1.0	5.919028084151053	0.022050636640975813	126.0,152.0,212.0,294.0	57.0,1560.0,61.0,1561.0
000057	1563	363	TP	0.9932101093926821	1.0	9.445281113709314	0.0502983046872836	133.0,152.0,218.0,294.0	57.0,1563.0,61.0,1564.0
000057	1566	364	TP	0.9929409520175523	1.0	15.863337918413748	0.033593743764040784	139.0,156.0,222.0,297.0	57.0,1566.0,61.0,1567.0
000057	1570	365	TP	0.9928736517719569	1.0	5.3371577278801565	0.019370943958523446	145.0,158.0,228.0,299.0	57.0,1570.0,61.0,1571.0
000057	1585	366	TP	0.9890986957368114	1.0	9.489086843448801	0.049486302322265086	158.0,155.0,239.0,294.0	57.0,1585.0,61.0,1586.0
000057	1589	367	TP	0.9904427540472011	1.0	5.98932057035803	0.0451348555180889	150.0,156.0,232.0,295.0	57.0,1589.0,61.0,1590.0
000057	1593	368	TP	0.9917032698877501	1.0	5.0441632715060525	0.0515021941629676	141.0,157.0,223.0,296.0	57.0,1593.0,61.0,1594.0
000057	1602	369	TP	0.9937579245098995	1.0	9.901570332977672	0.030814295758714236	137.0,150.0,219.0,289.0	57.0,1602.0,61.0,1603.0
000057	1612	370	TP	0.9899148144521688	1.0	16.3329210739897	0.03548313842357579	162.0,127.0,243.0,266.0	57.0,1612.0,61.0,1613.0
000057	1621	371	TP	0.986076329760593	1.0	9.981289704752152	0.025802591040497466	206.0,119.0,286.0,256.0	57.0,1621.0,61.0,1622.0
000057	1628	372	TP	0.9888494678155094	1.0	7.393320618916053	0.050023454527199585	237.0,113.0,316.0,250.0	57.0,1628.0,61.0,1629.0
000057	1712	373	TP	0.9780365426488687	1.0	11.954227063199674	0.02703806138192514	228.0,64.0,309.0,205.0	57.0,1712.0,61.0,1713.0
000057	1827	374	TP	0.9705056179775281	1.0	3.7464967850741107	0.01075344085987854	184.0,96.0,272.0,238.0	57.0,1827.0,61.0,1828.0
000059	1	375	TP	0.9936518543267624	1.0	16.30159749281976	0.05162447628920939	186.0,275.0,279.0,428.0	59.0,1.0,63.0,2.0
000059	29	376	TP	0.9950037471896078	1.0	20.304244154530366	0.047459533129818994	184.0,270.0,277.0,422.0	59.0,29.0,63.0,30.0
000059	37	377	TP	0.9948726430697982	1.0	13.48408782417759	0.03620678757085259	164.0,272.0,257.0,425.0	59.0,37.0,63.0,38.0
000059	55	378	TP	0.9954776710005653	1.0	18.517990148276507	0.039941756202167146	188.0,285.0,281.0,440.0	59.0,55.0,63.0,56.0
000059	61	379	TP	0.9959642320170926	1.0	16.78051840812661	0.0303581491226553	172.0,274.0,267.0,430.0	59.0,61.0,63.0,62.0
000059	68	380	TP	0.9974242897283796	1.0	15.90630453687929	0.01590082162752119	156.0,265.0,252.0,422.0	59.0,68.0,63.0,69.0
000059	80	381	TP	0.997804093796565	1.0	18.16898711128338	0.03227433614593794	165.0,262.0,261.0,419.0	59.0,80.0,63.0,81.0
000059	88	382	TP	0.997632015155103	1.0	9.294724616175078	0.03830392448857141	164.0,258.0,260.0,414.0	59.0,88.0,63.0,89.0
000059	99	383	TP	0.9978018399413824	1.0	14.479071256480502	0.01706593864003407	198.0,219.0,290.0,373.0	59.0,99.0,63.0,100.0
000059	114	384	TP	0.9977814297452753	1.0	15.412292106497375	0.008379030705303601	188.0,234.0,281.0,387.0	59.0,114.0,63.0,115.0
000059	120	385	TP	0.998419695583465	1.0	15.892445247443687	0.04845469983907044	186.0,245.0,278.0,397.0	59.0,120.0,63.0,121.0
000059	126	386	TP	0.9984808844628239	1.0	18.39632389934954	0.048501413571446925	181.0,243.0,273.0,394.0	59.0,126.0,63.0,127.0
000059	127	387	TP	0.9980551327583291	1.0	18.068796060587292	0.042455372087230055	180.0,241.0,272.0,392.0	59.0,127.0,63.0,128.0
000059	132	388	TP	0.9989706639217705	1.0	13.464105723814413	0.012648703649559539	172.0,235.0,264.0,385.0	59.0,132.0,63.0,133.0
000059	164	389	TP	1.0	1.0	15.022296076789148	0.011379297712581957	171.0,211.0,256.0,351.0	59.0,164.0,63.0,165.0
000059	242	390	TP	0.9987689393939394	1.0	23.307792230208676	0.04845203084347426	269.0,274.0,351.0,417.0	59.0,242.0,63.0,243.0
000059	274	391	TP	0.9997137950772753	1.0	17.191237493781173	0.05316822950269877	267.0,266.0,348.0,408.0	59.0,274.0,63.0,275.0
000059	320	392	TP	0.9996253629296619	1.0	11.706683253798076	0.05280573923222736	248.0,253.0,330.0,395.0	59.0,320.0,63.0,321.0
000059	422	393	TP	1.0	1.0	11.983014826828134	0.04058512016613012	291.0,237.0,381.0,393.0	59.0,422.0,63.0,423.0
000059	455	394	TP	0.998935199269851	1.0	10.113675666789405	0.0463257121498658	238.0,232.0,329.0,390.0	59.0,455.0,63.0,456.0
000059	492	395	TP	0.9997639839509087	1.0	16.552784356394085	0.02811204208299239	229.0,236.0,319.0,392.0	59.0,492.0,63.0,493.0
000059	510	396	TP	0.9995274846432509	1.0	17.353948221041804	0.032528824099669236	205.0,241.0,294.0,397.0	59.0,510.0,63.0,511.0
000059	514	397	TP	0.9990630124150855	1.0	17.181605882653592	0.030600265086595937	200.0,235.0,290.0,391.0	59.0,514.0,63.0,515.0
000059	515	398	TP	0.9995311401109636	1.0	17.21926095069154	0.024947797147894565	202.0,234.0,293.0,390.0	59.0,515.0,63.0,516.0
000059	523	399	TP	0.9980617149945729	1.0	17.69155735777622	0.032519416042189726	204.0,231.0,295.0,388.0	59.0,523.0,63.0,524.0
000059	525	400	TP	0.9990665836963286	1.0	18.676909568492835	0.035088629459830094	207.0,235.0,297.0,392.0	59.0,525.0,63.0,526.0
000059	530	401	TP	0.9981311322223952	1.0	18.154391022479714	0.03245192877609907	202.0,238.0,292.0,395.0	59.0,530.0,63.0,531.0
000059	535	402	TP	0.9996088555112258	1.0	13.306194442335118	0.03084047905119824	193.0,239.0,284.0,395.0	59.0,535.0,63.0,536.0
000059	545	403	TP	0.9996794101146109	1.0	16.086237810760284	0.02931516973767257	220.0,238.0,309.0,393.0	59.0,545.0,63.0,546.0
000059	561	404	TP	0.9995264030310206	1.0	23.02710534189896	0.03194161577006011	213.0,218.0,303.0,373.0	59.0,561.0,63.0,562.0
000059	567	405	TP	0.9996115297956647	1.0	17.91522997410657	0.03299818878506694	222.0,212.0,312.0,369.0	59.0,567.0,63.0,568.0
000059	615	406	TP	0.9989901343898081	1.0	16.27125127699147	0.03496024286758188	239.0,199.0,329.0,356.0	59.0,615.0,63.0,616.0
000059	629	407	TP	0.999452911293474	1.0	18.796803507429836	0.0345651168095077	223.0,201.0,314.0,357.0	59.0,629.0,63.0,630.0
000059	636	408	TP	0.998431495568975	1.0	17.883972646083926	0.0331685126554147	209.0,204.0,302.0,360.0	59.0,636.0,63.0,637.0
000059	637	409	TP	0.99858934169279	1.0	18.76280167526993	0.048699232582935965	209.0,204.0,301.0,360.0	59.0,637.0,63.0,638.0
000059	648	410	TP	0.9985138834571764	1.0	23.326290213718774	0.034432873693351164	198.0,203.0,291.0,359.0	59.0,648.0,63.0,649.0
000059	710	411	TP	0.9992059080441515	1.0	15.287730229684621	0.0314647446343957	187.0,210.0,278.0,365.0	59.0,710.0,63.0,711.0
000059	801	412	TP	0.9989455754724633	1.0	17.133416540240905	0.03675074026527062	164.0,208.0,255.0,361.0	59.0,801.0,63.0,802.0
000059	908	413	TP	0.9955367629786235	1.0	16.867075306763482	0.03309767296958739	142.0,174.0,234.0,330.0	59.0,908.0,63.0,909.0
000059	1026	414	TP	0.9964794635373009	1.0	7.777136902068995	0.0389025322070833	147.0,186.0,236.0,337.0	59.0,1026.0,63.0,1027.0
000059	1027	415	TP	0.9967290111549106	1.0	18.350602849209245	0.032394725823894806	142.0,186.0,231.0,337.0	59.0,1027.0,63.0,1028.0
000059	1032	416	TP	0.9967144060657119	1.0	22.111453391584778	0.031588124780265146	125.0,188.0,216.0,338.0	59.0,1032.0,63.0,1033.0
000059	1034	417	TP	0.9977947413061917	1.0	20.69599455845543	0.03601457456246831	126.0,190.0,216.0,340.0	59.0,1034.0,63.0,1035.0
000059	1039	418	TP	0.9980115846805567	1.0	13.353270438727192	0.03729060418116797	136.0,193.0,225.0,342.0	59.0,1039.0,63.0,1040.0
000059	1044	419	TP	0.998162890385793	1.0	13.762701210957182	0.05005761040118447	143.0,193.0,232.0,341.0	59.0,1044.0,63.0,1045.0
000059	1048	420	TP	0.9972828468752739	1.0	22.505529283188867	0.03790273503170985	138.0,192.0,227.0,339.0	59.0,1048.0,63.0,1049.0
000059	1054	421	TP	0.9983377077865266	1.0	17.34023633100992	0.050729387564251605	129.0,192.0,219.0,340.0	59.0,1054.0,63.0,1055.0
000059	1060	422	TP	0.9963417820747321	1.0	20.296628209497577	0.03417198253421929	121.0,189.0,211.0,337.0	59.0,1060.0,63.0,1061.0
000059	1063	423	TP	0.9981767667997916	1.0	21.716799850444392	0.03330401598174945	121.0,187.0,211.0,335.0	59.0,1063.0,63.0,1064.0
000059	1064	424	TP	0.9975717630734542	1.0	20.273245548730863	0.030059729953385236	120.0,186.0,211.0,334.0	59.0,1064.0,63.0,1065.0
000059	1068	425	TP	0.9976633491994807	1.0	17.09744447766661	0.03087918784808326	117.0,188.0,208.0,336.0	59.0,1068.0,63.0,1069.0
000059	1070	426	TP	0.9980924304170641	1.0	17.570209802108902	0.03125275900683549	118.0,192.0,208.0,340.0	59.0,1070.0,63.0,1071.0
000059	1071	427	TP	0.9986981426835618	1.0	18.08947471922137	0.035219057985554504	119.0,194.0,210.0,342.0	59.0,1071.0,63.0,1072.0
000059	1073	428	TP	0.9984393965666725	1.0	11.341390932738992	0.03753599559168973	116.0,195.0,208.0,343.0	59.0,1073.0,63.0,1074.0
000059	1074	429	TP	0.9957550030321407	1.0	19.973491075322777	0.034567593099549966	114.0,193.0,206.0,341.0	59.0,1074.0,63.0,1075.0
000059	1075	430	TP	0.9976627423822715	1.0	8.351509640367691	0.04002535454531403	112.0,189.0,204.0,337.0	59.0,1075.0,63.0,1076.0
000059	1076	431	TP	0.9981860585643949	1.0	20.474702156541007	0.03302698353353497	109.0,185.0,202.0,333.0	59.0,1076.0,63.0,1077.0
000059	1078	432	TP	0.998019801980198	1.0	21.051962473887254	0.034070759720951485	103.0,180.0,196.0,329.0	59.0,1078.0,63.0,1079.0
000059	1081	433	TP	0.996654657745754	1.0	18.816978695057283	0.03725958554237405	99.0,175.0,193.0,324.0	59.0,1081.0,63.0,1082.0
000059	1090	434	TP	0.9982838510382701	1.0	13.431597005079437	0.04171646574340922	100.0,173.0,194.0,322.0	59.0,1090.0,63.0,1091.0
000059	1093	435	TP	0.9976831989016647	1.0	25.138216396333164	0.03275392921594749	100.0,169.0,193.0,318.0	59.0,1093.0,63.0,1094.0
000059	1103	436	TP	0.9989538837067388	1.0	21.093166884429813	0.028956142311383735	122.0,179.0,215.0,327.0	59.0,1103.0,63.0,1104.0
000059	1110	437	TP	0.9971281872769994	1.0	20.291575652601118	0.03279124553631555	115.0,176.0,208.0,324.0	59.0,1110.0,63.0,1111.0
000059	1124	438	TP	0.9973185555952807	1.0	19.42360695649636	0.031555541782246684	143.0,187.0,231.0,333.0	59.0,1124.0,63.0,1125.0
000059	1129	439	TP	0.9977540203036565	1.0	22.000554684994043	0.03498845131336282	143.0,190.0,232.0,335.0	59.0,1129.0,63.0,1130.0
000059	1131	440	TP	0.9987429289754871	1.0	18.739321330321523	0.03509959023398146	141.0,191.0,230.0,337.0	59.0,1131.0,63.0,1132.0
000059	1132	441	TP	0.997305792546026	1.0	18.06639552824916	0.03370982862053102	140.0,192.0,229.0,338.0	59.0,1132.0,63.0,1133.0
000059	1148	442	TP	0.9972948602344455	1.0	12.107240040974041	0.04318175449862042	147.0,193.0,235.0,338.0	59.0,1148.0,63.0,1149.0
000059	1152	443	TP	0.9971142573721706	1.0	18.79875098391609	0.03360898419357232	150.0,192.0,238.0,337.0	59.0,1152.0,63.0,1153.0
000059	1251	444	TP	0.9987478758608354	1.0	19.63006174290012	0.03453752201420578	184.0,159.0,271.0,305.0	59.0,1251.0,63.0,1252.0
000059	1490	445	TP	0.9979573494566549	1.0	11.532212358436844	0.0329431520607935	215.0,126.0,306.0,279.0	59.0,1490.0,63.0,1491.0
000059	1539	446	TP	0.9981308411214953	1.0	10.526235190353594	0.034457605853768	180.0,144.0,271.0,294.0	59.0,1539.0,63.0,1540.0
000059	1541	447	TP	0.9975291812217773	1.0	17.56436310279927	0.01216708196039934	181.0,148.0,273.0,297.0	59.0,1541.0,63.0,1542.0
000059	1544	448	TP	0.9951277886998888	1.0	20.30406121752295	0.034474157877587785	186.0,151.0,277.0,301.0	59.0,1544.0,63.0,1545.0
000059	1546	449	TP	0.99854264894985	1.0	18.750106363985633	0.0337598430300708	190.0,151.0,281.0,301.0	59.0,1546.0,63.0,1547.0
