#  Index into NumPy file "pose_data_ycbv-6-epos.npz".
#  Created at  6:49PM EDT on Sep 11, 2023
#    DATASET:   ycbv
#    OBJECT:    6
#    ESTIMATOR: epos
#  The errors reported in this file have taken discrete and continuous object symmetries into account.
#  Bounding boxes are recorded in pixel coordinates as ((upper-left x, y), (lower-right x, y)) with the origin in the upper-left.
#
#  When a row is marked as a TP, it does not necessarily mean that the bounding boxes overlap.
#  For each ground-truth instance, the prediction best overlapping that instance belongs to that ground-truth.
#  All TPs are in the corresponding *.npz file.
#
#  When a row is marked as a FN, it means that there is a ground-truth but the predictor failed to make a prediction at all.
#  FNs are NOT recorded in the *.npz at all.
#
#  When a row is marked as a FP, it means the predictor hallucinated; there is no corresponding ground-truth instance.
#  FPs are NOT recorded in the *.npz at all.
#
#  Scene  <t>  Frame  <t>  Index  <t>  Error cat.  <t>  Visibility ratio  <t>  Score  <t>  R_err(degrees)  <t>  t_err(meters)  <t>  Gr.Tr.BBox  <t>  Pred.BBox
000048	1	0	TP	0.9974096796182685	0.0	3.0736964891662	0.0027005938728995775	282.0,280.0,394.0,353.0	48.0,1.0,54.0,1.0
000048	36	1	TP	1.0	0.0	3.603131507782642	0.0019311656106703603	260.0,277.0,373.0,350.0	48.0,36.0,54.0,36.0
000048	47	2	TP	1.0	0.0	13.764163637653391	0.05007409575032209	289.0,275.0,401.0,348.0	48.0,47.0,54.0,47.0
000048	83	3	TP	0.999438832772166	0.0	3.5275860385333613	0.002769060523262928	315.0,285.0,426.0,356.0	48.0,83.0,54.0,83.0
000048	112	4	TP	0.9988641204032372	0.0	24.14440155392968	0.012152634292067381	327.0,272.0,438.0,343.0	48.0,112.0,54.0,112.0
000048	1024	5	TP	0.9935562521769419	0.0	5.475281365492361	0.031044399250863136	341.0,292.0,438.0,358.0	48.0,1024.0,54.0,1024.0
000048	1027	6	TP	1.0	0.0	3.4675773089109523	0.03518060605456745	352.0,298.0,450.0,364.0	48.0,1027.0,54.0,1027.0
000048	1059	7	TP	0.9987682562027098	0.0	10.136933287333148	0.013303250583143455	359.0,281.0,456.0,346.0	48.0,1059.0,54.0,1059.0
000048	1074	8	TP	0.9990877577084474	0.0	8.161308354878791	0.023061924056690972	338.0,310.0,433.0,374.0	48.0,1074.0,54.0,1074.0
000048	1075	9	TP	0.9994549418604651	0.0	2.839089405969575	0.04506722778751185	336.0,305.0,431.0,370.0	48.0,1075.0,54.0,1075.0
000048	1083	10	TP	0.9948444117105505	0.0	15.708919504964532	0.6213521869555669	344.0,304.0,438.0,368.0	48.0,1083.0,54.0,1083.0
000048	1087	11	TP	0.9992584352984798	0.0	20.08975196469751	0.1391132312090123	342.0,309.0,436.0,373.0	48.0,1087.0,54.0,1087.0
000048	1090	12	TP	0.9938028169014085	0.0	82.18599234470327	0.10938858771546515	336.0,308.0,430.0,372.0	48.0,1090.0,54.0,1090.0
000048	1094	13	TP	0.996565540927304	0.0	7.49463853503916	0.04685020945514679	326.0,307.0,420.0,370.0	48.0,1094.0,54.0,1094.0
000048	1097	14	TP	0.9978862413528056	0.0	9.27498325714307	0.07054432360899922	329.0,304.0,422.0,366.0	48.0,1097.0,54.0,1097.0
000048	1103	15	TP	1.0	0.0	3.5973618062520534	0.012417662487668301	340.0,299.0,433.0,361.0	48.0,1103.0,54.0,1103.0
000048	1104	16	TP	0.9998083189572551	0.0	14.069193535503766	0.00603572835619201	339.0,297.0,432.0,360.0	48.0,1104.0,54.0,1104.0
000048	1107	17	TP	0.9984547034962333	0.0	24.951880848530173	0.03853151084387197	336.0,294.0,429.0,356.0	48.0,1107.0,54.0,1107.0
000048	1113	18	TP	0.9992239037640668	0.0	3.684208929589715	0.025287418681033035	347.0,301.0,440.0,363.0	48.0,1113.0,54.0,1113.0
000048	1119	19	TP	0.9929147805550088	0.0	9.143502302836932	0.028744111713043752	352.0,297.0,444.0,359.0	48.0,1119.0,54.0,1119.0
000048	1120	20	TP	0.9976279897212887	0.0	7.602877915699197	0.05255578822068773	352.0,297.0,444.0,358.0	48.0,1120.0,54.0,1120.0
000048	1122	21	TP	0.9968216130313866	0.0	12.54476148271877	0.06538140879502921	353.0,296.0,444.0,358.0	48.0,1122.0,54.0,1122.0
000048	1124	22	TP	0.9975874547647768	0.0	4.682044097932191	0.05537049736226509	352.0,294.0,443.0,355.0	48.0,1124.0,54.0,1124.0
000048	1126	23	TP	0.9961436979906637	0.0	30.344691198251574	0.025964198723547976	351.0,295.0,442.0,355.0	48.0,1126.0,54.0,1126.0
000048	1128	24	TP	0.9989841527834213	0.0	5.145930495755893	0.03353151895639514	351.0,294.0,441.0,355.0	48.0,1128.0,54.0,1128.0
000048	1132	25	TP	0.9983566146261298	0.0	8.58623414751198	0.02657493050460005	349.0,300.0,439.0,360.0	48.0,1132.0,54.0,1132.0
000048	1133	26	TP	0.9962878944112188	0.0	3.2008238816442005	0.044882611924455855	348.0,300.0,438.0,360.0	48.0,1133.0,54.0,1133.0
000048	1137	27	TP	0.9882992060175512	0.0	3.5517084232255907	0.014673818411282409	341.0,302.0,430.0,362.0	48.0,1137.0,54.0,1137.0
000048	1540	28	TP	0.9957081545064378	0.0	158.77883502737362	0.03821825193938258	328.0,314.0,423.0,379.0	48.0,1540.0,54.0,1540.0
000048	1542	29	TP	0.9958978183852322	0.0	11.316077984079582	0.034224183222646976	328.0,315.0,424.0,380.0	48.0,1542.0,54.0,1542.0
000048	1543	30	TP	0.9977645305514158	0.0	12.33239595931199	0.014859748279190094	327.0,318.0,422.0,383.0	48.0,1543.0,54.0,1543.0
000048	1568	31	TP	0.9986869255299193	0.0	8.790532332114132	0.026363987685915333	315.0,337.0,411.0,402.0	48.0,1568.0,54.0,1568.0
000048	1569	32	TP	0.9979334961487882	0.0	6.343691965272033	0.031532702219469654	314.0,337.0,410.0,402.0	48.0,1569.0,54.0,1569.0
000048	1571	33	TP	1.0	0.0	8.528567866308867	0.03259393013674402	317.0,340.0,412.0,405.0	48.0,1571.0,54.0,1571.0
000048	1572	34	TP	0.9969919157736417	0.0	13.220833624949314	0.021570197605928872	318.0,338.0,413.0,403.0	48.0,1572.0,54.0,1572.0
000048	1576	35	TP	1.0	0.0	9.60958087974942	0.005704259921552957	325.0,348.0,420.0,414.0	48.0,1576.0,54.0,1576.0
000048	1577	36	TP	0.9984942593638246	0.0	10.449909332628723	0.017322744683750217	323.0,350.0,419.0,415.0	48.0,1577.0,54.0,1577.0
000048	1579	37	TP	0.9981185324553151	0.0	10.142856789994674	0.019725263092774777	324.0,349.0,419.0,414.0	48.0,1579.0,54.0,1579.0
000048	1580	38	TP	0.9896324222431668	0.0	16.809872036970862	0.008749578128854902	323.0,349.0,418.0,414.0	48.0,1580.0,54.0,1580.0
000048	1583	39	TP	0.9994337485843715	0.0	4.7876550008542464	0.026389520730685474	325.0,351.0,420.0,416.0	48.0,1583.0,54.0,1583.0
000048	1586	40	TP	0.999054462934947	0.0	9.39801713368789	0.005748047284653424	327.0,351.0,422.0,416.0	48.0,1586.0,54.0,1586.0
000048	1587	41	TP	0.9986772486772487	0.0	9.192125682183566	0.0501467588999995	326.0,350.0,421.0,415.0	48.0,1587.0,54.0,1587.0
000048	1588	42	TP	0.9996213555471413	0.0	12.13221077189324	0.03762149699086752	323.0,352.0,418.0,417.0	48.0,1588.0,54.0,1588.0
000048	1589	43	TP	0.9977345667358882	0.0	15.249739747579518	0.023370808540930297	323.0,353.0,418.0,418.0	48.0,1589.0,54.0,1589.0
000048	1597	44	TP	0.9994313874147082	0.0	9.085088823010143	0.009002157811664007	316.0,369.0,412.0,435.0	48.0,1597.0,54.0,1597.0
000048	1605	45	TP	0.9990474376071633	0.0	31.102151695406736	0.017243405369436728	330.0,354.0,425.0,419.0	48.0,1605.0,54.0,1605.0
000048	1608	46	TP	0.9979007633587786	0.0	9.86394347060245	0.004216695026297352	334.0,351.0,429.0,416.0	48.0,1608.0,54.0,1608.0
000048	1609	47	TP	0.9984700707592273	0.0	34.257397763746205	0.02886332390149443	333.0,349.0,428.0,414.0	48.0,1609.0,54.0,1609.0
000048	1611	48	TP	0.9988479262672811	0.0	38.558153654754584	0.05588857472027527	330.0,349.0,424.0,413.0	48.0,1611.0,54.0,1611.0
000048	1619	49	TP	0.9994220766711617	0.0	12.638470735608799	0.016255626815394913	325.0,344.0,419.0,407.0	48.0,1619.0,54.0,1619.0
000048	1622	50	TP	0.9986535872283131	0.0	15.11135244345119	0.014889641217959696	328.0,343.0,422.0,406.0	48.0,1622.0,54.0,1622.0
000048	1624	51	TP	0.9990369799691834	0.0	11.762395684555488	0.004583361642002788	329.0,343.0,423.0,406.0	48.0,1624.0,54.0,1624.0
000048	1626	52	TP	0.9990349353406678	0.0	10.052560605778915	0.024530257351908735	328.0,343.0,422.0,405.0	48.0,1626.0,54.0,1626.0
000048	1631	53	TP	0.9980820866896817	0.0	11.059910797794153	0.04789628627393607	333.0,341.0,428.0,405.0	48.0,1631.0,54.0,1631.0
000048	1639	54	TP	0.9976971790443293	0.0	9.264497155772057	0.05607019583046325	337.0,346.0,432.0,409.0	48.0,1639.0,54.0,1639.0
000048	1641	55	TP	0.9977199315979479	0.0	8.796035109548052	0.00739193438376233	337.0,348.0,432.0,412.0	48.0,1641.0,54.0,1641.0
000048	1643	56	TP	0.9898739014138326	0.0	8.06906462741838	0.04216910563335749	334.0,348.0,429.0,412.0	48.0,1643.0,54.0,1643.0
000048	1644	57	TP	0.9915966386554622	0.0	7.814676427258351	0.031137120737775744	332.0,349.0,428.0,413.0	48.0,1644.0,54.0,1644.0
000048	1645	58	TP	0.9955930254838091	0.0	8.954314703565977	0.013460169255875367	331.0,348.0,426.0,411.0	48.0,1645.0,54.0,1645.0
000048	1648	59	TP	0.9940476190476191	0.0	8.915069074867068	0.018485914956911074	328.0,348.0,423.0,412.0	48.0,1648.0,54.0,1648.0
000048	1649	60	TP	0.9990404912684705	0.0	17.394435044741282	0.008873464616115176	328.0,346.0,423.0,409.0	48.0,1649.0,54.0,1649.0
000048	1724	61	TP	0.9990582030514221	0.0	11.361316336114307	0.018069686602215432	317.0,323.0,413.0,385.0	48.0,1724.0,54.0,1724.0
000048	1874	62	TP	0.9962277091906722	0.0	7.999329333501462	0.006854520679897571	279.0,297.0,380.0,361.0	48.0,1874.0,54.0,1874.0
000048	2040	63	TP	0.994824450972164	0.0	10.620365883897277	0.009006711821016332	294.0,305.0,407.0,375.0	48.0,2040.0,54.0,2040.0
000048	2050	64	TP	0.990887753693221	0.0	8.19686449225207	0.0026340974143778486	293.0,313.0,406.0,384.0	48.0,2050.0,54.0,2050.0
000048	2051	65	TP	0.9969423210562891	0.0	10.307031592632304	0.004538784099653414	292.0,314.0,405.0,384.0	48.0,2051.0,54.0,2051.0
000048	2066	66	TP	0.993735530437151	0.0	9.699772453312775	0.012344892961042337	290.0,307.0,403.0,378.0	48.0,2066.0,54.0,2066.0
000048	2069	67	TP	0.995931099959311	0.0	7.222122184348306	0.01399570192373912	287.0,304.0,401.0,375.0	48.0,2069.0,54.0,2069.0
000048	2070	68	TP	0.9873297002724796	0.0	9.27959912632011	0.021342601635159584	287.0,303.0,401.0,375.0	48.0,2070.0,54.0,2070.0
000048	2083	69	TP	0.9969414893617021	0.0	9.482802751100564	0.005322154891418772	291.0,303.0,407.0,375.0	48.0,2083.0,54.0,2083.0
000048	2090	70	TP	0.9981459409349756	0.0	10.063983725207777	0.010360757297718218	283.0,300.0,398.0,372.0	48.0,2090.0,54.0,2090.0
000048	2104	71	TP	0.992585848074922	0.0	8.097003116329264	0.016896781032311438	284.0,297.0,401.0,370.0	48.0,2104.0,54.0,2104.0
000048	2133	72	TP	0.9983733733733734	0.0	8.827562551645821	0.0077755570471593335	292.0,299.0,411.0,374.0	48.0,2133.0,54.0,2133.0
000048	2144	73	TP	0.9950829748002459	0.0	9.461154586825208	0.005056720436757948	288.0,303.0,408.0,379.0	48.0,2144.0,54.0,2144.0
000048	2160	74	TP	0.997820823244552	0.0	8.354622708967149	0.0027567580790750644	293.0,299.0,414.0,375.0	48.0,2160.0,54.0,2160.0
000049	1	75	TP	0.9995778809624314	0.0	3.771056228147912	0.006143891835509145	433.0,88.0,530.0,173.0	49.0,1.0,55.0,1.0
000049	36	76	TP	0.9991384261918438	0.0	3.6573738180062425	0.022933253495334316	428.0,93.0,525.0,177.0	49.0,36.0,55.0,36.0
000049	47	77	TP	0.9997076878105817	0.0	6.252202743311158	0.004938232797292748	423.0,94.0,520.0,178.0	49.0,47.0,55.0,47.0
000049	58	78	TP	0.9996991576413959	0.0	1.7190339031093242	0.008726827108886863	411.0,104.0,507.0,187.0	49.0,58.0,55.0,58.0
000049	65	79	TP	0.9977004445807144	0.0	2.391049259470293	0.031323047156779235	417.0,114.0,512.0,195.0	49.0,65.0,55.0,65.0
000049	73	80	TP	0.9937830276655268	0.0	5.3597323292858565	0.033507050140688305	407.0,120.0,502.0,201.0	49.0,73.0,55.0,73.0
000049	91	81	TP	1.0	0.0	9.005549830517028	0.024588961007725653	400.0,116.0,495.0,197.0	49.0,91.0,55.0,91.0
000049	109	82	TP	0.9990471653168176	0.0	4.766304602599287	0.05542979924350174	398.0,131.0,493.0,211.0	49.0,109.0,55.0,109.0
000049	125	83	TP	0.9979226589964845	0.0	5.843272158010981	0.007387257359102188	379.0,145.0,473.0,225.0	49.0,125.0,55.0,125.0
000049	148	84	TP	0.998108448928121	0.0	3.4124919261406945	0.014084641008781828	385.0,129.0,480.0,209.0	49.0,148.0,55.0,148.0
000049	231	85	TP	0.9995475113122172	0.0	3.333945670126788	0.010420114384096063	403.0,155.0,499.0,235.0	49.0,231.0,55.0,231.0
000049	357	86	TP	1.0	0.0	3.6833643333964297	0.006967139978499504	415.0,208.0,515.0,287.0	49.0,357.0,55.0,357.0
000049	521	87	TP	0.9976567076742824	0.0	3.856635564746549	0.011555372548750338	475.0,207.0,578.0,285.0	49.0,521.0,55.0,521.0
000049	526	88	TP	0.9972144846796658	0.0	5.905991329619791	0.009078786734720531	469.0,212.0,572.0,290.0	49.0,526.0,55.0,526.0
000049	537	89	TP	0.9957421817647922	0.0	4.728555198421414	0.011621483973539442	469.0,218.0,572.0,296.0	49.0,537.0,55.0,537.0
000049	542	90	TP	0.9995605683316244	0.0	4.580443031219225	0.007693194511697613	470.0,220.0,573.0,298.0	49.0,542.0,55.0,542.0
000049	552	91	TP	0.9985384390529085	0.0	1.397174120890054	0.023949672501246418	476.0,221.0,580.0,299.0	49.0,552.0,55.0,552.0
000049	558	92	TP	1.0	0.0	9.274372614768248	0.017888287089792804	476.0,227.0,580.0,305.0	49.0,558.0,55.0,558.0
000049	564	93	TP	0.9992663242846662	0.0	3.8959752150109086	0.0271493852554106	474.0,227.0,578.0,305.0	49.0,564.0,55.0,564.0
000049	570	94	TP	0.9995590180802587	0.0	4.0032270413341084	0.02370026826421115	472.0,225.0,576.0,302.0	49.0,570.0,55.0,570.0
000049	576	95	TP	0.9982451009066978	0.0	3.6733528984273787	0.005616752616913202	476.0,225.0,580.0,303.0	49.0,576.0,55.0,576.0
000049	591	96	TP	0.9975102519039251	0.0	0.9356253548940356	0.010067544623612765	474.0,232.0,578.0,310.0	49.0,591.0,55.0,591.0
000049	594	97	TP	0.9975182481751825	0.0	4.940261302106267	0.009701400137012721	481.0,235.0,585.0,313.0	49.0,594.0,55.0,594.0
000049	617	98	TP	0.9992688989618366	0.0	1.9791402547154608	0.01764255960190282	475.0,241.0,579.0,318.0	49.0,617.0,55.0,617.0
000049	629	99	TP	0.9979559059716747	0.0	5.576935244772003	0.017356724861426046	467.0,237.0,571.0,314.0	49.0,629.0,55.0,629.0
000049	631	100	TP	0.9991244710345834	0.0	3.8803259498215525	0.014152191889131882	464.0,238.0,569.0,316.0	49.0,631.0,55.0,631.0
000049	651	101	TP	0.9970947123765252	0.0	2.4753692356027788	0.008228876772140948	465.0,247.0,571.0,325.0	49.0,651.0,55.0,651.0
000049	669	102	TP	0.997993119266055	0.0	7.251411142535634	0.02952932030410185	466.0,240.0,572.0,318.0	49.0,669.0,55.0,669.0
000049	762	103	TP	0.9980563654033042	0.0	5.069788090970329	0.036385024609378175	474.0,259.0,583.0,337.0	49.0,762.0,55.0,762.0
000049	1024	104	TP	0.9976482884766136	0.0	5.273087198410281	0.04077144145869892	489.0,252.0,602.0,331.0	49.0,1024.0,55.0,1024.0
000049	1036	105	TP	0.9992094861660079	0.0	3.4025705419446486	0.03387261732378199	481.0,258.0,593.0,335.0	49.0,1036.0,55.0,1036.0
000049	1052	106	TP	0.9984266421922119	0.0	3.0967113418111762	0.03981296287687848	476.0,256.0,588.0,334.0	49.0,1052.0,55.0,1052.0
000049	1067	107	TP	0.9866387215090385	0.0	5.197122022153837	0.03508380105614769	466.0,259.0,578.0,336.0	49.0,1067.0,55.0,1067.0
000049	1095	108	TP	0.9998679867986798	0.0	2.3113586068838967	0.04633006499572963	451.0,257.0,563.0,335.0	49.0,1095.0,55.0,1095.0
000049	1102	109	TP	0.9992064541727285	0.0	6.551630156835422	0.04674062905746451	449.0,257.0,560.0,335.0	49.0,1102.0,55.0,1102.0
000049	1130	110	TP	0.9998698255662588	0.0	5.170649723435657	0.04230633898475214	452.0,260.0,564.0,338.0	49.0,1130.0,55.0,1130.0
000049	1144	111	TP	1.0	0.0	8.61085910524871	0.02533510796069056	458.0,264.0,571.0,343.0	49.0,1144.0,55.0,1144.0
000049	1150	112	TP	0.9997465788139889	0.0	6.166755638891416	0.06309056490653184	457.0,266.0,571.0,346.0	49.0,1150.0,55.0,1150.0
000049	1157	113	TP	0.999748047367095	0.0	7.160495503898189	0.0666490849156776	454.0,268.0,568.0,348.0	49.0,1157.0,55.0,1157.0
000049	1168	114	TP	0.9998745609633718	0.0	19.073714943730142	0.05464221808441109	450.0,278.0,563.0,357.0	49.0,1168.0,55.0,1168.0
000049	1172	115	TP	0.9986246561640411	0.0	4.231665008654229	0.03716569963464915	446.0,276.0,560.0,356.0	49.0,1172.0,55.0,1172.0
000049	1179	116	TP	0.9997519225998511	0.0	8.532761871629189	0.053445950482797926	448.0,278.0,562.0,358.0	49.0,1179.0,55.0,1179.0
000049	1269	117	TP	0.9988767831068179	0.0	4.076941770237749	0.034230453887496334	457.0,268.0,575.0,354.0	49.0,1269.0,55.0,1269.0
000049	1491	118	TP	0.9976328814288788	0.0	9.660873068137294	0.04784737468049072	465.0,290.0,585.0,380.0	49.0,1491.0,55.0,1491.0
000049	1554	119	TP	0.9996817988969029	0.0	139.0545233296937	0.057765717704708515	465.0,275.0,587.0,366.0	49.0,1554.0,55.0,1554.0
000049	1557	120	TP	0.9983013058711115	0.0	3.8835303141346307	0.0356142893021178	458.0,269.0,580.0,359.0	49.0,1557.0,55.0,1557.0
000049	1565	121	TP	0.9996789727126806	0.0	15.819201491159836	0.08299763581833759	448.0,260.0,569.0,351.0	49.0,1565.0,55.0,1565.0
000049	1568	122	TP	0.9977441185949082	0.0	5.650822590429488	0.03363243629436856	442.0,258.0,562.0,349.0	49.0,1568.0,55.0,1568.0
000049	1575	123	TP	0.9996769330174456	0.0	132.83241787899001	0.033287220682829854	433.0,261.0,553.0,351.0	49.0,1575.0,55.0,1575.0
000049	1582	124	TP	0.9988186016539576	0.0	6.889422418477667	0.034131577051557505	435.0,267.0,555.0,358.0	49.0,1582.0,55.0,1582.0
000049	1587	125	TP	0.9949597855227882	0.0	136.67305229404442	0.06715814008626154	437.0,268.0,557.0,358.0	49.0,1587.0,55.0,1587.0
000049	1592	126	TP	0.9987157534246576	0.0	10.390013372028157	0.03864428308131492	437.0,268.0,557.0,359.0	49.0,1592.0,55.0,1592.0
000049	1595	127	TP	0.9995701697829358	0.0	118.33834228286976	0.14833060116529023	436.0,268.0,555.0,358.0	49.0,1595.0,55.0,1595.0
000049	1614	128	TP	1.0	0.0	6.7040577410258475	0.018570482126242974	458.0,255.0,579.0,346.0	49.0,1614.0,55.0,1614.0
000049	1615	129	TP	1.0	0.0	6.825861009285871	0.039240410538314674	458.0,255.0,580.0,346.0	49.0,1615.0,55.0,1615.0
000049	1618	130	TP	1.0	0.0	134.4828640116211	0.04391788336628778	459.0,256.0,580.0,347.0	49.0,1618.0,55.0,1618.0
000049	1631	131	TP	0.9996850724333404	0.0	3.722973375977935	0.02165258633565465	457.0,264.0,578.0,356.0	49.0,1631.0,55.0,1631.0
000049	1641	132	TP	0.9990499313839333	0.0	134.30865129188243	0.06616039113965208	460.0,273.0,581.0,364.0	49.0,1641.0,55.0,1641.0
000049	1644	133	TP	0.9928133586979497	0.0	9.16331032084175	0.02481703297712862	462.0,276.0,582.0,367.0	49.0,1644.0,55.0,1644.0
000049	1655	134	TP	0.9996788696210661	0.0	19.557884370004054	0.08375108585462127	451.0,267.0,571.0,358.0	49.0,1655.0,55.0,1655.0
000049	1671	135	TP	0.9998938766847076	0.0	4.689881116239754	0.05227860366076692	456.0,274.0,576.0,366.0	49.0,1671.0,55.0,1671.0
000049	1677	136	TP	0.9998922994076468	0.0	136.1046390221518	0.07341084969588896	447.0,272.0,566.0,363.0	49.0,1677.0,55.0,1677.0
000049	1682	137	TP	0.999562650338946	0.0	131.89569938813148	0.061372723311934656	433.0,270.0,551.0,360.0	49.0,1682.0,55.0,1682.0
000049	1688	138	TP	0.999889758571271	0.0	18.033801772575686	0.07727585748002933	425.0,270.0,543.0,360.0	49.0,1688.0,55.0,1688.0
000049	1881	139	TP	0.9998169168802636	0.0	4.771669991858147	0.012172167042974403	446.0,277.0,572.0,377.0	49.0,1881.0,55.0,1881.0
000049	2061	140	TP	0.9989063683015058	0.0	3.5155532235524687	0.003669845185121379	435.0,258.0,567.0,361.0	49.0,2061.0,55.0,2061.0
000049	2064	141	TP	0.9977286110877429	0.0	132.6856708461107	0.046217353868218014	435.0,258.0,566.0,361.0	49.0,2064.0,55.0,2064.0
000049	2089	142	TP	0.9989834815756036	0.0	10.609431575812852	0.007067147341966424	430.0,265.0,562.0,368.0	49.0,2089.0,55.0,2089.0
000049	2097	143	TP	1.0	0.0	22.679613238430637	0.04064008340042369	433.0,272.0,565.0,375.0	49.0,2097.0,55.0,2097.0
000049	2119	144	TP	0.9997513880832021	0.0	2.815215698981781	0.006661876525150425	447.0,269.0,581.0,372.0	49.0,2119.0,55.0,2119.0
000049	2123	145	TP	0.9992508739803563	0.0	5.5895938357161565	0.006821150911097886	446.0,269.0,580.0,372.0	49.0,2123.0,55.0,2123.0
000049	2146	146	TP	0.9999157965644998	0.0	4.594684842661959	0.007964225064013968	441.0,271.0,573.0,374.0	49.0,2146.0,55.0,2146.0
000049	2151	147	TP	0.9991517516328781	0.0	6.754765558586195	0.004188880496120149	432.0,267.0,564.0,369.0	49.0,2151.0,55.0,2151.0
000049	2173	148	TP	0.9997460209955977	0.0	130.75291307176437	0.04767390606501947	433.0,259.0,565.0,361.0	49.0,2173.0,55.0,2173.0
000049	2196	149	TP	0.9995886466474702	0.0	5.382907173234749	0.0028948812875311107	439.0,250.0,573.0,353.0	49.0,2196.0,55.0,2196.0
000052	1	150	TP	0.9998665955176094	0.0	88.95194842993551	0.01337786723671748	228.0,333.0,327.0,427.0	52.0,1.0,58.0,1.0
000052	21	151	TP	1.0	0.0	86.84324849279184	0.010419968272494874	215.0,339.0,315.0,432.0	52.0,21.0,58.0,21.0
000052	34	152	TP	1.0	0.0	88.2385678511492	0.038657898388081514	226.0,335.0,326.0,428.0	52.0,34.0,58.0,34.0
000052	39	153	TP	1.0	0.0	88.24400149619476	0.00633620976387025	234.0,337.0,333.0,430.0	52.0,39.0,58.0,39.0
000052	48	154	TP	0.9956630306216323	0.0	57.14139402957736	0.05142870529460731	238.0,368.0,337.0,462.0	52.0,48.0,58.0,48.0
000052	52	155	TP	1.0	0.0	87.37794142492426	0.008852478612544607	223.0,361.0,324.0,456.0	52.0,52.0,58.0,52.0
000052	57	156	TP	0.9962195280928171	0.0	91.4785139834949	0.006202202528209123	230.0,342.0,331.0,436.0	52.0,57.0,58.0,57.0
000052	61	157	TP	1.0	0.0	8.991617444284275	0.038384428975817245	233.0,336.0,334.0,430.0	52.0,61.0,58.0,61.0
000052	65	158	TP	1.0	0.0	10.046796349396528	0.044760654892804716	228.0,339.0,328.0,432.0	52.0,65.0,58.0,65.0
000052	71	159	TP	1.0	0.0	87.37918775762928	0.016314740760492573	228.0,329.0,328.0,422.0	52.0,71.0,58.0,71.0
000052	80	160	TP	1.0	0.0	12.593989603071387	0.036302624812904936	205.0,343.0,306.0,436.0	52.0,80.0,58.0,80.0
000052	81	161	TP	1.0	0.0	10.835518563649096	0.04079140238209422	204.0,342.0,305.0,435.0	52.0,81.0,58.0,81.0
000052	84	162	TP	0.9967591392273788	0.0	97.36358002364204	0.00523893413646499	200.0,335.0,301.0,428.0	52.0,84.0,58.0,84.0
000052	88	163	TP	1.0	0.0	25.34602058256218	0.04656232487547655	199.0,329.0,300.0,422.0	52.0,88.0,58.0,88.0
000052	92	164	TP	1.0	0.0	61.326623035592576	0.14231814333220932	186.0,336.0,287.0,429.0	52.0,92.0,58.0,92.0
000052	97	165	TP	0.9998721227621483	0.0	11.286128567555547	0.011630992358272918	172.0,352.0,273.0,445.0	52.0,97.0,58.0,97.0
000052	98	166	TP	0.999616907163836	0.0	26.943998865534112	0.03137578208107128	171.0,352.0,272.0,445.0	52.0,98.0,58.0,98.0
000052	114	167	TP	0.998863349330639	0.0	10.259996841156806	0.03324897254200349	138.0,362.0,240.0,456.0	52.0,114.0,58.0,114.0
000052	116	168	TP	0.9959697732997481	0.0	178.58360146883263	0.026308162374539673	129.0,361.0,232.0,454.0	52.0,116.0,58.0,116.0
000052	121	169	TP	0.9989846427211575	0.0	9.83869287345239	0.06583373109398037	128.0,357.0,230.0,450.0	52.0,121.0,58.0,121.0
000052	127	170	TP	0.9994883601944231	0.0	70.78891151243093	0.2189481588735895	117.0,343.0,218.0,434.0	52.0,127.0,58.0,127.0
000052	132	171	TP	1.0	0.0	7.747261634188577	0.04674702527376278	110.0,337.0,211.0,428.0	52.0,132.0,58.0,132.0
000052	136	172	TP	0.9982935153583617	0.0	11.896441884838826	0.049071580748934494	100.0,337.0,201.0,427.0	52.0,136.0,58.0,136.0
000052	143	173	TP	1.0	0.0	11.261155145737344	0.08300759540583372	90.0,327.0,190.0,417.0	52.0,143.0,58.0,143.0
000052	150	174	TP	1.0	0.0	13.161514282072858	0.04906528518645438	112.0,316.0,212.0,404.0	52.0,150.0,58.0,150.0
000052	156	175	TP	0.9941280895807729	0.0	9.624050156676494	0.06354322964409508	118.0,307.0,217.0,395.0	52.0,156.0,58.0,156.0
000052	164	176	TP	1.0	0.0	15.399766549890233	0.017005090632395265	125.0,296.0,224.0,383.0	52.0,164.0,58.0,164.0
000052	165	177	TP	0.9995854635898853	0.0	13.1741656618225	0.022794527084582506	126.0,295.0,225.0,382.0	52.0,165.0,58.0,165.0
000052	167	178	TP	1.0	0.0	6.416540149713432	0.04579885904207683	128.0,293.0,227.0,380.0	52.0,167.0,58.0,167.0
000052	169	179	TP	1.0	0.0	14.894918741963593	0.05089939812290445	131.0,291.0,229.0,378.0	52.0,169.0,58.0,169.0
000052	170	180	TP	1.0	0.0	11.396386936717589	0.05529430258544944	133.0,289.0,231.0,375.0	52.0,170.0,58.0,170.0
000052	171	181	TP	0.9984626135569532	0.0	10.225321982423756	0.009987154456904478	134.0,289.0,232.0,374.0	52.0,171.0,58.0,171.0
000052	173	182	TP	0.9998602375960867	0.0	14.590168255763317	0.045849195633061	135.0,288.0,233.0,374.0	52.0,173.0,58.0,173.0
000052	175	183	TP	0.9995804782547896	0.0	8.737522733969769	0.04759449189352236	136.0,289.0,234.0,375.0	52.0,175.0,58.0,175.0
000052	259	184	TP	1.0	0.0	11.983024752614257	0.015036969847968684	127.0,324.0,231.0,414.0	52.0,259.0,58.0,259.0
000052	388	185	TP	0.9997716373601279	0.0	108.98362482893806	0.019634570855462784	189.0,366.0,302.0,460.0	52.0,388.0,58.0,388.0
000052	516	186	TP	0.9997784424504265	0.0	6.550333388702501	0.002138470713550107	135.0,299.0,250.0,392.0	52.0,516.0,58.0,516.0
000052	520	187	TP	1.0	0.0	12.018113334700105	0.06963578059983945	141.0,297.0,255.0,390.0	52.0,520.0,58.0,520.0
000052	524	188	TP	0.9991070431967853	0.0	115.65836605124274	0.04481173758610919	156.0,295.0,270.0,387.0	52.0,524.0,58.0,524.0
000052	526	189	TP	0.9980924596050269	0.0	6.959322951600745	0.03304447269579232	168.0,297.0,282.0,389.0	52.0,526.0,58.0,526.0
000052	527	190	TP	0.9964165733482643	0.0	113.81893169460778	0.011572641626713998	170.0,299.0,285.0,392.0	52.0,527.0,58.0,527.0
000052	532	191	TP	1.0	0.0	11.464963774679196	0.017801922665366215	173.0,310.0,287.0,403.0	52.0,532.0,58.0,532.0
000052	537	192	TP	0.999661437760975	0.0	14.575598624237529	0.05255234427352524	165.0,311.0,279.0,403.0	52.0,537.0,58.0,537.0
000052	539	193	TP	1.0	0.0	5.176643139275744	0.10229263291524199	161.0,308.0,275.0,400.0	52.0,539.0,58.0,539.0
000052	543	194	TP	0.9994200208792483	0.0	10.805567662478976	0.05124876042343225	150.0,304.0,262.0,395.0	52.0,543.0,58.0,543.0
000052	544	195	TP	0.9990678163598229	0.0	10.283154412189454	0.028922789005977396	150.0,305.0,262.0,395.0	52.0,544.0,58.0,544.0
000052	550	196	TP	1.0	0.0	8.667926320126899	0.026948745538855297	145.0,316.0,256.0,405.0	52.0,550.0,58.0,550.0
000052	556	197	TP	0.9991438356164384	0.0	8.940048096924349	0.019484379837621815	147.0,319.0,256.0,406.0	52.0,556.0,58.0,556.0
000052	561	198	TP	0.9982478097622027	0.0	12.257933606185603	0.024332133461216234	148.0,317.0,256.0,403.0	52.0,561.0,58.0,561.0
000052	567	199	TP	0.9980867346938775	0.0	8.62642760778497	0.024333142306053105	150.0,318.0,257.0,404.0	52.0,567.0,58.0,567.0
000052	574	200	TP	1.0	0.0	88.33182071135275	0.0557844672939907	161.0,322.0,267.0,407.0	52.0,574.0,58.0,574.0
000052	575	201	TP	1.0	0.0	11.750739404675878	0.04322828461984347	163.0,322.0,268.0,407.0	52.0,575.0,58.0,575.0
000052	582	202	TP	0.9769169540992305	0.0	13.672060823008811	0.03225058716482617	170.0,331.0,275.0,414.0	52.0,582.0,58.0,582.0
000052	587	203	TP	1.0	0.0	16.75729080308869	0.006020944196364009	179.0,324.0,283.0,407.0	52.0,587.0,58.0,587.0
000052	589	204	TP	1.0	0.0	12.898753511428483	0.009920999493519482	183.0,323.0,287.0,406.0	52.0,589.0,58.0,589.0
000052	593	205	TP	1.0	0.0	11.572990296363374	0.013221737255017501	186.0,327.0,290.0,410.0	52.0,593.0,58.0,593.0
000052	594	206	TP	0.9994591671173607	0.0	13.630266137447297	0.0066605073000328115	183.0,328.0,287.0,410.0	52.0,594.0,58.0,594.0
000052	604	207	TP	1.0	0.0	9.033499079567502	0.010916331247123847	178.0,327.0,281.0,408.0	52.0,604.0,58.0,604.0
000052	608	208	TP	1.0	0.0	13.399656123920176	0.023567414030316775	171.0,344.0,272.0,424.0	52.0,608.0,58.0,608.0
000052	622	209	TP	0.9995672868887927	0.0	14.301815908223416	0.008671056256179942	180.0,350.0,280.0,430.0	52.0,622.0,58.0,622.0
000052	625	210	TP	0.9998557206752272	0.0	12.171968665065084	0.03206804624215788	184.0,357.0,284.0,436.0	52.0,625.0,58.0,625.0
000052	632	211	TP	0.999856548558313	0.0	30.219001528373703	0.028861287082693827	193.0,366.0,293.0,446.0	52.0,632.0,58.0,632.0
000052	638	212	TP	1.0	0.0	12.959552092905184	0.026196847194741777	197.0,383.0,298.0,464.0	52.0,638.0,58.0,638.0
000052	643	213	TP	1.0	0.0	25.23504465203111	0.10310198105765557	184.0,379.0,285.0,461.0	52.0,643.0,58.0,643.0
000052	650	214	TP	0.999195494770716	0.0	28.756444419401888	0.04237227456223708	158.0,378.0,261.0,462.0	52.0,650.0,58.0,650.0
000052	653	215	TP	0.9994797086368367	0.0	13.610849360445055	0.010362144904832431	153.0,380.0,258.0,465.0	52.0,653.0,58.0,653.0
000052	656	216	TP	0.9992387718853083	0.0	117.70741006201308	0.044317777384608764	158.0,368.0,264.0,455.0	52.0,656.0,58.0,656.0
000052	662	217	TP	1.0	0.0	10.635829361387625	0.003375233191964334	192.0,366.0,299.0,454.0	52.0,662.0,58.0,662.0
000052	666	218	TP	0.9995134411872035	0.0	8.200852338029511	0.011960114710043537	208.0,366.0,315.0,455.0	52.0,666.0,58.0,666.0
000052	669	219	TP	1.0	0.0	94.56399047643875	0.014207135117504963	225.0,365.0,334.0,455.0	52.0,669.0,58.0,669.0
000052	678	220	TP	1.0	0.0	9.143646096449329	0.008941337609618152	242.0,363.0,353.0,455.0	52.0,678.0,58.0,678.0
000052	688	221	TP	0.9993105825577387	0.0	84.7278704989534	0.0242060762145543	200.0,369.0,311.0,462.0	52.0,688.0,58.0,688.0
000052	742	222	TP	1.0	0.0	122.10549607977843	0.033399874445428746	123.0,304.0,231.0,389.0	52.0,742.0,58.0,742.0
000052	820	223	TP	1.0	0.0	123.07474580928589	0.016080141070922257	183.0,307.0,291.0,390.0	52.0,820.0,58.0,820.0
000052	886	224	TP	0.9990375360923965	0.0	129.961295149298	0.028562061359316708	220.0,333.0,335.0,419.0	52.0,886.0,58.0,886.0
000059	1	225	TP	1.0	0.0	11.479458596576473	0.10636389523518736	320.0,281.0,418.0,362.0	59.0,1.0,65.0,1.0
000059	29	226	TP	0.999556803072832	0.0	14.345188145829491	0.07747761161571055	320.0,277.0,417.0,358.0	59.0,29.0,65.0,29.0
000059	37	227	TP	0.9995603107137623	0.0	115.49418200181744	0.14743611856359148	302.0,280.0,399.0,361.0	59.0,37.0,65.0,37.0
000059	55	228	TP	0.9995745284356828	0.0	26.030903771772973	0.015455729292321968	328.0,295.0,427.0,378.0	59.0,55.0,65.0,55.0
000059	61	229	TP	0.9995815315943646	0.0	13.389957097352816	0.03847211989563596	315.0,284.0,415.0,367.0	59.0,61.0,65.0,61.0
000059	68	230	TP	0.9987611837577426	0.0	13.821647352682652	0.049147293069379684	302.0,275.0,402.0,359.0	59.0,68.0,65.0,68.0
000059	80	231	TP	0.9986227792315108	0.0	14.999302593922364	0.03833477367151856	312.0,273.0,413.0,357.0	59.0,80.0,65.0,80.0
000059	88	*	FN	1.0	*	*	*	312.0,270.0,413.0,354.0	*
000059	99	232	TP	0.9992971605285352	0.0	110.9261887218146	0.0017863905519707956	344.0,236.0,444.0,319.0	59.0,99.0,65.0,99.0
000059	114	233	TP	0.9983010052385671	0.0	9.029541693981882	0.1502239260067981	336.0,250.0,435.0,333.0	59.0,114.0,65.0,114.0
000059	120	*	FN	1.0	*	*	*	333.0,262.0,432.0,344.0	*
000059	126	234	TP	1.0	0.0	13.04203058118136	0.14685040489480697	328.0,259.0,427.0,341.0	59.0,126.0,65.0,126.0
000059	127	235	TP	0.9995628733789887	0.0	113.20252707110077	0.09999001283733001	327.0,258.0,425.0,339.0	59.0,127.0,65.0,127.0
000059	132	236	TP	1.0	0.0	8.912224283877585	0.22311167568553184	320.0,251.0,417.0,332.0	59.0,132.0,65.0,132.0
000059	164	237	TP	0.9923495409724583	0.0	71.5103684019634	0.5691644653069545	314.0,236.0,406.0,310.0	59.0,164.0,65.0,164.0
000059	242	238	TP	0.9983488441909336	0.0	5.686770872988319	0.08778854020890645	422.0,313.0,520.0,393.0	59.0,242.0,65.0,242.0
000059	274	239	TP	0.9980966325036603	0.0	115.9243489239009	0.7797265899190786	423.0,320.0,523.0,401.0	59.0,274.0,65.0,274.0
000059	320	240	TP	0.9990241182211069	0.0	35.611414423287854	0.5016325803993759	406.0,321.0,509.0,405.0	59.0,320.0,65.0,320.0
000059	422	241	TP	0.9997822062506806	0.0	31.754542099231614	0.027041359900530214	468.0,314.0,583.0,411.0	59.0,422.0,65.0,422.0
000059	455	242	TP	1.0	0.0	13.170866362033209	0.011538365180552507	419.0,320.0,536.0,420.0	59.0,455.0,65.0,455.0
000059	492	243	TP	0.9998993052059209	0.0	20.902203198583155	0.00713565881017757	402.0,336.0,518.0,437.0	59.0,492.0,65.0,492.0
000059	510	244	TP	0.9993106165058105	0.0	26.861052415851912	0.02568936523876396	374.0,347.0,491.0,450.0	59.0,510.0,65.0,510.0
000059	514	245	TP	0.9997075453304738	0.0	21.57469038514621	0.03881247546707806	369.0,341.0,487.0,445.0	59.0,514.0,65.0,514.0
000059	515	246	TP	0.9988316619608607	0.0	29.239807380337613	0.005115700519599971	372.0,340.0,489.0,444.0	59.0,515.0,65.0,515.0
000059	523	247	TP	0.9990389235944258	0.0	113.13395461853457	0.09020746395708253	372.0,341.0,491.0,446.0	59.0,523.0,65.0,523.0
000059	525	248	TP	0.9994251221615407	0.0	78.67254186250808	0.19817495296972373	374.0,345.0,492.0,451.0	59.0,525.0,65.0,525.0
000059	530	249	TP	0.9998087954110899	0.0	144.53046682283227	0.21652465935014897	368.0,350.0,486.0,455.0	59.0,530.0,65.0,530.0
000059	535	250	TP	1.0	0.0	17.23205614752589	0.0030668589835591855	359.0,350.0,477.0,455.0	59.0,535.0,65.0,535.0
000059	545	251	TP	0.9979508196721312	0.0	165.32984010756627	0.37823211681892493	384.0,348.0,501.0,452.0	59.0,545.0,65.0,545.0
000059	561	252	TP	1.0	0.0	27.553810498963177	0.018223793449179793	379.0,328.0,497.0,431.0	59.0,561.0,65.0,561.0
000059	567	253	TP	0.9986628462273162	0.0	148.2252673043098	0.33546662769076036	389.0,323.0,508.0,428.0	59.0,567.0,65.0,567.0
000059	615	254	TP	0.99933818663137	0.0	72.90956705671466	0.052817116336786846	406.0,312.0,526.0,417.0	59.0,615.0,65.0,615.0
000059	629	255	TP	1.0	0.0	92.5409294772818	0.11062193944047082	389.0,312.0,508.0,416.0	59.0,629.0,65.0,629.0
000059	636	256	TP	1.0	0.0	137.96417980737078	0.3062607426871174	376.0,314.0,495.0,419.0	59.0,636.0,65.0,636.0
000059	637	257	TP	1.0	0.0	127.7909223037175	0.03482450769161843	376.0,314.0,494.0,418.0	59.0,637.0,65.0,637.0
000059	648	258	TP	0.9991399904443383	0.0	145.18453375010407	0.3297072964112449	365.0,314.0,483.0,419.0	59.0,648.0,65.0,648.0
000059	710	259	TP	0.9992504450482526	0.0	87.3556537285236	0.09436089310998806	341.0,331.0,460.0,438.0	59.0,710.0,65.0,710.0
000059	801	260	TP	0.9996296296296296	0.0	173.4865698198578	0.24814152865981964	300.0,338.0,420.0,446.0	59.0,801.0,65.0,801.0
000059	908	261	TP	1.0	0.0	157.96618390470712	0.18710462175776899	260.0,318.0,383.0,430.0	59.0,908.0,65.0,908.0
000059	1026	262	TP	0.9991685912240185	0.0	140.0612134115091	0.16527236368950296	253.0,328.0,373.0,436.0	59.0,1026.0,65.0,1026.0
000059	1027	263	TP	0.999630621479361	0.0	25.976386106623163	0.13543574534254316	249.0,328.0,368.0,436.0	59.0,1027.0,65.0,1027.0
000059	1032	264	TP	1.0	0.0	164.97732040219023	0.14546389280708766	232.0,329.0,351.0,436.0	59.0,1032.0,65.0,1032.0
000059	1034	265	TP	1.0	0.0	88.10970539111061	0.04691419370485661	232.0,330.0,350.0,437.0	59.0,1034.0,65.0,1034.0
000059	1039	266	TP	0.9992357661444402	0.0	140.80384993836347	0.021997224083310996	240.0,333.0,358.0,439.0	59.0,1039.0,65.0,1039.0
000059	1044	267	TP	0.9980698706813357	0.0	167.1171385661281	0.21872983138446916	246.0,332.0,363.0,437.0	59.0,1044.0,65.0,1044.0
000059	1048	268	TP	0.999709499370582	0.0	86.25885315867109	0.013820609986330739	240.0,330.0,357.0,435.0	59.0,1048.0,65.0,1048.0
000059	1054	269	TP	0.9775302663438257	0.0	74.38487396305297	0.029008014706451302	230.0,331.0,347.0,436.0	59.0,1054.0,65.0,1054.0
000059	1060	270	TP	0.999903790648451	0.0	174.11947935285775	0.3471037997725517	221.0,328.0,338.0,434.0	59.0,1060.0,65.0,1060.0
000059	1063	271	TP	0.999712698716721	0.0	140.52084349781208	0.20440065649038291	220.0,327.0,337.0,433.0	59.0,1063.0,65.0,1063.0
000059	1064	272	TP	1.0	0.0	156.43622863284173	0.1416703908889506	219.0,326.0,337.0,431.0	59.0,1064.0,65.0,1064.0
000059	1068	273	TP	1.0	0.0	6.702269622519785	0.03206850120404271	215.0,329.0,333.0,435.0	59.0,1068.0,65.0,1068.0
000059	1070	274	TP	1.0	0.0	158.17931048020054	0.02998280917345379	215.0,333.0,332.0,439.0	59.0,1070.0,65.0,1070.0
000059	1071	275	TP	0.9999049881235155	0.0	75.93671279600983	0.08599766632445247	216.0,335.0,334.0,442.0	59.0,1071.0,65.0,1071.0
000059	1073	276	TP	0.9997152078982343	0.0	75.6937660301894	0.018804513724337762	213.0,335.0,331.0,442.0	59.0,1073.0,65.0,1073.0
000059	1074	277	TP	1.0	0.0	172.6724873644237	0.21451513779110654	210.0,334.0,328.0,440.0	59.0,1074.0,65.0,1074.0
000059	1075	278	TP	0.999715126768588	0.0	141.3263337201366	0.10279446764981734	209.0,329.0,327.0,436.0	59.0,1075.0,65.0,1075.0
000059	1076	279	TP	0.9995257516835815	0.0	85.24246741712173	0.01448407268059319	206.0,326.0,324.0,432.0	59.0,1076.0,65.0,1076.0
000059	1078	280	TP	1.0	0.0	176.26267202340674	0.06986074288895436	200.0,321.0,318.0,427.0	59.0,1078.0,65.0,1078.0
000059	1081	281	TP	0.9994321945679947	0.0	108.21192390689693	0.09751366080861439	195.0,316.0,313.0,422.0	59.0,1081.0,65.0,1081.0
000059	1090	282	TP	0.9999054105183504	0.0	77.98861938610816	0.03422068603900466	195.0,314.0,313.0,420.0	59.0,1090.0,65.0,1090.0
000059	1093	283	TP	0.9999054820415879	0.0	166.71418383270657	0.2267818240643479	194.0,311.0,312.0,417.0	59.0,1093.0,65.0,1093.0
000059	1103	284	TP	0.9999049248906636	0.0	156.19585301840377	0.021163494604432762	214.0,321.0,331.0,427.0	59.0,1103.0,65.0,1103.0
000059	1110	285	TP	0.9955233831793504	0.0	101.70293400162639	0.005728618513139649	206.0,317.0,324.0,423.0	59.0,1110.0,65.0,1110.0
000059	1124	286	TP	0.9998064640990904	0.0	100.20275326579444	0.019610249426780663	227.0,331.0,343.0,436.0	59.0,1124.0,65.0,1124.0
000059	1129	287	TP	0.9994180971777713	0.0	107.67940609442483	0.03584842554544069	226.0,333.0,342.0,438.0	59.0,1129.0,65.0,1129.0
000059	1131	288	TP	0.9995154569241206	0.0	157.30474347702082	0.11724460881501499	224.0,335.0,340.0,440.0	59.0,1131.0,65.0,1131.0
000059	1132	289	TP	1.0	0.0	97.82616529506836	0.016522155373368985	223.0,336.0,339.0,441.0	59.0,1132.0,65.0,1132.0
000059	1148	290	TP	0.9967092528068138	0.0	168.16629992494126	0.11579254131802072	226.0,337.0,343.0,443.0	59.0,1148.0,65.0,1148.0
000059	1152	291	TP	0.9997101169195092	0.0	86.04832938669749	0.022134636053153474	229.0,337.0,346.0,442.0	59.0,1152.0,65.0,1152.0
000059	1251	292	TP	0.9999048887198022	0.0	4.75456846413431	0.015102709354604721	252.0,309.0,370.0,415.0	59.0,1251.0,65.0,1251.0
000059	1490	293	TP	0.9978176934698674	0.0	165.22026099876487	0.17246964828213468	262.0,292.0,386.0,407.0	59.0,1490.0,65.0,1490.0
000059	1539	294	TP	0.9994740071885684	0.0	32.6878556141891	0.17831982729948168	216.0,307.0,338.0,419.0	59.0,1539.0,65.0,1539.0
000059	1541	295	TP	1.0	0.0	91.43552966550237	0.017476877912510493	217.0,311.0,339.0,423.0	59.0,1541.0,65.0,1541.0
000059	1544	296	TP	0.9991211881536163	0.0	6.05051122173994	0.0025395659778158696	221.0,314.0,343.0,426.0	59.0,1544.0,65.0,1544.0
000059	1546	297	TP	0.9998235709244884	0.0	79.83131895080906	0.036425814752480745	225.0,314.0,346.0,426.0	59.0,1546.0,65.0,1546.0
