#  Index into NumPy file "pose_data_ycbv-3-epos.npz".
#  Created at  6:49PM EDT on Sep 11, 2023
#    DATASET:   ycbv
#    OBJECT:    3
#    ESTIMATOR: epos
#  The errors reported in this file have taken discrete and continuous object symmetries into account.
#  Bounding boxes are recorded in pixel coordinates as ((upper-left x, y), (lower-right x, y)) with the origin in the upper-left.
#
#  When a row is marked as a TP, it does not necessarily mean that the bounding boxes overlap.
#  For each ground-truth instance, the prediction best overlapping that instance belongs to that ground-truth.
#  All TPs are in the corresponding *.npz file.
#
#  When a row is marked as a FN, it means that there is a ground-truth but the predictor failed to make a prediction at all.
#  FNs are NOT recorded in the *.npz at all.
#
#  When a row is marked as a FP, it means the predictor hallucinated; there is no corresponding ground-truth instance.
#  FPs are NOT recorded in the *.npz at all.
#
#  Scene  <t>  Frame  <t>  Index  <t>  Error cat.  <t>  Visibility ratio  <t>  Score  <t>  R_err(degrees)  <t>  t_err(meters)  <t>  Gr.Tr.BBox  <t>  Pred.BBox
000049	1	0	TP	0.9989705882352942	0.0	2.627199310110295	0.02186306179034872	232.0,131.0,429.0,339.0	49.0,1.0,52.0,1.0
000049	36	1	TP	0.9986489529385274	0.0	2.6297258509564383	0.022258770777039933	232.0,140.0,425.0,345.0	49.0,36.0,52.0,36.0
000049	47	2	TP	0.9993865971476767	0.0	2.601721776809396	0.02149249760043151	230.0,144.0,420.0,346.0	49.0,47.0,52.0,47.0
000049	58	3	TP	0.9992531446540881	0.0	2.4249382530497403	0.02168307811728259	222.0,156.0,408.0,354.0	49.0,58.0,52.0,58.0
000049	65	4	TP	0.9991945876288659	0.0	2.3329301668453777	0.022073423255298597	232.0,165.0,415.0,361.0	49.0,65.0,52.0,65.0
000049	73	5	TP	0.9950752950752951	0.0	2.083428978559793	0.021757641527960402	222.0,174.0,404.0,368.0	49.0,73.0,52.0,73.0
000049	91	6	TP	0.9995472133036963	0.0	1.9588673074705094	0.02337736518762196	217.0,172.0,398.0,364.0	49.0,91.0,52.0,91.0
000049	109	7	TP	0.9995853375352463	0.0	2.3107422608716335	0.02070866429877304	215.0,187.0,395.0,378.0	49.0,109.0,52.0,109.0
000049	125	8	TP	0.999050489204475	0.0	2.564488126693552	0.02773041493850763	189.0,198.0,373.0,389.0	49.0,125.0,52.0,125.0
000049	148	9	TP	0.9995915366391634	0.0	2.358058668975918	0.01936596917593943	190.0,178.0,379.0,370.0	49.0,148.0,52.0,148.0
000049	231	10	TP	1.0	0.0	1.8145723401857548	0.02682076372906417	173.0,184.0,385.0,379.0	49.0,231.0,52.0,231.0
000049	357	11	TP	1.0	0.0	2.190935684967865	0.01960415411631735	136.0,189.0,382.0,371.0	49.0,357.0,52.0,357.0
000049	521	12	TP	1.0	0.0	2.8469424353125	0.025978107291358972	182.0,174.0,434.0,338.0	49.0,521.0,52.0,521.0
000049	526	13	TP	1.0	0.0	3.2929461778096076	0.02321937341650326	176.0,179.0,428.0,343.0	49.0,526.0,52.0,526.0
000049	537	14	TP	0.9997182645093777	0.0	2.9777070099454424	0.02415500629571341	174.0,184.0,427.0,347.0	49.0,537.0,52.0,537.0
000049	542	15	TP	1.0	0.0	2.913501642214438	0.02688527394543248	174.0,185.0,427.0,347.0	49.0,542.0,52.0,542.0
000049	552	16	TP	1.0	0.0	3.357101332076836	0.023869544676922965	179.0,184.0,433.0,344.0	49.0,552.0,52.0,552.0
000049	558	17	TP	1.0	0.0	3.0936881108407746	0.020184920401760804	178.0,189.0,432.0,349.0	49.0,558.0,52.0,558.0
000049	564	18	TP	1.0	0.0	2.629862481030757	0.026098008269200425	176.0,189.0,430.0,348.0	49.0,564.0,52.0,564.0
000049	570	19	TP	1.0	0.0	3.111855724275908	0.02617521351878882	173.0,186.0,428.0,344.0	49.0,570.0,52.0,570.0
000049	576	20	TP	1.0	0.0	2.583948804399388	0.024824611566509835	176.0,186.0,431.0,344.0	49.0,576.0,52.0,576.0
000049	591	21	TP	0.9999186264138661	0.0	3.5257163386966375	0.023596492044651543	173.0,192.0,429.0,348.0	49.0,591.0,52.0,591.0
000049	594	22	TP	1.0	0.0	3.2126531643661536	0.028081715813152164	179.0,194.0,435.0,349.0	49.0,594.0,52.0,594.0
000049	617	23	TP	0.9998370937525454	0.0	2.485086248353879	0.029051089446433833	171.0,197.0,429.0,350.0	49.0,617.0,52.0,617.0
000049	629	24	TP	0.9974894719792678	0.0	3.280242916091008	0.02561651757103458	160.0,191.0,420.0,344.0	49.0,629.0,52.0,629.0
000049	631	25	TP	1.0	0.0	2.7187770910290276	0.02690345148048342	157.0,192.0,417.0,344.0	49.0,631.0,52.0,631.0
000049	651	26	TP	1.0	0.0	2.7426717812929318	0.029720702298991125	156.0,200.0,418.0,350.0	49.0,651.0,52.0,651.0
000049	669	27	TP	1.0	0.0	3.2635463037989303	0.02908590361452748	153.0,191.0,417.0,341.0	49.0,669.0,52.0,669.0
000049	762	28	TP	0.9999603583604217	0.0	3.078075288106349	0.02947265898335147	147.0,205.0,417.0,350.0	49.0,762.0,52.0,762.0
000049	1024	29	TP	0.9994403134244823	0.0	3.3000670300489645	0.021951104965099194	138.0,194.0,416.0,329.0	49.0,1024.0,52.0,1024.0
000049	1036	30	TP	0.9997188867916951	0.0	2.5011124077645586	0.026751130261504767	128.0,200.0,407.0,336.0	49.0,1036.0,52.0,1036.0
000049	1052	31	TP	1.0	0.0	2.784867997369328	0.02480058905529794	122.0,199.0,401.0,336.0	49.0,1052.0,52.0,1052.0
000049	1067	32	TP	0.9997610989448537	0.0	2.5601654472603412	0.02561975717481716	110.0,202.0,390.0,340.0	49.0,1067.0,52.0,1067.0
000049	1095	33	TP	0.9992429675671368	0.0	2.399860912418898	0.03233173187232397	95.0,200.0,375.0,336.0	49.0,1095.0,52.0,1095.0
000049	1102	34	TP	0.9998800863378368	0.0	2.76625256295476	0.02617691686199451	92.0,201.0,372.0,337.0	49.0,1102.0,52.0,1102.0
000049	1130	35	TP	1.0	0.0	2.6379527101195515	0.021960476319675643	93.0,202.0,374.0,340.0	49.0,1130.0,52.0,1130.0
000049	1144	36	TP	0.9998834544112505	0.0	2.379752210210512	0.024012006468879233	96.0,206.0,379.0,345.0	49.0,1144.0,52.0,1144.0
000049	1150	37	TP	0.9991484420359977	0.0	2.8906479900716167	0.024197818286542796	94.0,208.0,378.0,348.0	49.0,1150.0,52.0,1150.0
000049	1157	38	TP	0.9994226772380879	0.0	2.5338184817316787	0.023402850172131052	89.0,210.0,374.0,350.0	49.0,1157.0,52.0,1157.0
000049	1168	39	TP	0.9982353843793156	0.0	2.2070276249337857	0.025079797789392597	82.0,220.0,368.0,360.0	49.0,1168.0,52.0,1168.0
000049	1172	40	TP	0.9992732836106331	0.0	2.263889314037539	0.022317876470552635	78.0,219.0,364.0,360.0	49.0,1172.0,52.0,1172.0
000049	1179	41	TP	0.9990846681922196	0.0	2.2897677941813264	0.0273303682683705	78.0,220.0,365.0,362.0	49.0,1179.0,52.0,1179.0
000049	1269	42	TP	0.9993242281974676	0.0	2.4855386829176447	0.022156251045755897	73.0,204.0,367.0,350.0	49.0,1269.0,52.0,1269.0
000049	1491	43	TP	0.9974547941042394	0.0	2.1903014370085088	0.023004314886607317	85.0,215.0,365.0,348.0	49.0,1491.0,52.0,1491.0
000049	1554	44	TP	0.9945918993556305	0.0	1.961843262827533	0.02244572736032485	86.0,197.0,364.0,326.0	49.0,1554.0,52.0,1554.0
000049	1557	45	TP	0.9957132468327784	0.0	1.6497100104706244	0.02414350484758976	79.0,191.0,357.0,321.0	49.0,1557.0,52.0,1557.0
000049	1565	46	TP	0.997036067593056	0.0	2.116744345908179	0.02176315915366808	69.0,183.0,346.0,312.0	49.0,1565.0,52.0,1565.0
000049	1568	47	TP	0.9967622571692877	0.0	1.4547234132160758	0.02538607934645707	63.0,181.0,339.0,310.0	49.0,1568.0,52.0,1568.0
000049	1575	48	TP	0.9947049047269354	0.0	2.1472205217005826	0.022587684542542043	55.0,183.0,331.0,312.0	49.0,1575.0,52.0,1575.0
000049	1582	49	TP	0.9969360843934223	0.0	1.307498028571126	0.022719022475998014	58.0,189.0,332.0,317.0	49.0,1582.0,52.0,1582.0
000049	1587	50	TP	0.9960295834955235	0.0	2.110515326852974	0.02462949686416514	60.0,191.0,334.0,321.0	49.0,1587.0,52.0,1587.0
000049	1592	51	TP	0.996720927509076	0.0	1.9124381740783392	0.025183291293146774	60.0,191.0,334.0,320.0	49.0,1592.0,52.0,1592.0
000049	1595	52	TP	0.9967435655994978	0.0	1.1007207285048686	0.023570661638138486	59.0,190.0,332.0,319.0	49.0,1595.0,52.0,1595.0
000049	1614	53	TP	0.9987039000824791	0.0	2.1959386178931926	0.02461256748916549	81.0,177.0,353.0,305.0	49.0,1614.0,52.0,1614.0
000049	1615	54	TP	0.998310744450992	0.0	2.04947483335105	0.02724296490175407	82.0,176.0,354.0,305.0	49.0,1615.0,52.0,1615.0
000049	1618	55	TP	0.9981538944970344	0.0	1.6915447264155545	0.027872648325876024	82.0,177.0,354.0,305.0	49.0,1618.0,52.0,1618.0
000049	1631	56	TP	0.9966161715522329	0.0	1.9218864112001062	0.025689875190193792	82.0,184.0,352.0,311.0	49.0,1631.0,52.0,1631.0
000049	1641	57	TP	0.9974056038955855	0.0	1.9582939459825	0.027074294007971546	87.0,194.0,356.0,320.0	49.0,1641.0,52.0,1641.0
000049	1644	58	TP	0.9981906638253387	0.0	1.6425766424814603	0.02414421532752617	89.0,197.0,357.0,323.0	49.0,1644.0,52.0,1644.0
000049	1655	59	TP	0.9973676750496092	0.0	2.055205999932354	0.027913365604558635	83.0,185.0,348.0,308.0	49.0,1655.0,52.0,1655.0
000049	1671	60	TP	0.9986252072297925	0.0	1.6459271644386935	0.025015770086265047	89.0,192.0,352.0,314.0	49.0,1671.0,52.0,1671.0
000049	1677	61	TP	0.999057878998894	0.0	1.690337918138279	0.029968900651741678	80.0,190.0,343.0,313.0	49.0,1677.0,52.0,1677.0
000049	1682	62	TP	0.999214843588578	0.0	1.5666418020283317	0.029694766697701498	68.0,189.0,330.0,310.0	49.0,1682.0,52.0,1682.0
000049	1688	63	TP	0.9992541642496063	0.0	1.2517790546979968	0.023858117978047613	63.0,188.0,323.0,309.0	49.0,1688.0,52.0,1688.0
000049	1881	64	TP	1.0	0.0	1.1945230478009214	0.020535460640080803	59.0,191.0,330.0,323.0	49.0,1881.0,52.0,1881.0
000049	2061	65	TP	0.999816554153214	0.0	1.6273363090539514	0.02450731047720302	28.0,170.0,309.0,300.0	49.0,2061.0,52.0,2061.0
000049	2064	66	TP	1.0	0.0	1.0902938792454147	0.027372120682956715	27.0,169.0,309.0,299.0	49.0,2064.0,52.0,2064.0
000049	2089	67	TP	1.0	0.0	1.104468676351628	0.02326759191382059	26.0,173.0,305.0,297.0	49.0,2089.0,52.0,2089.0
000049	2097	68	TP	1.0	0.0	1.732785444061943	0.019815721307960315	31.0,180.0,309.0,302.0	49.0,2097.0,52.0,2097.0
000049	2119	69	TP	1.0	0.0	2.238966220015192	0.03010196833674281	44.0,174.0,322.0,295.0	49.0,2119.0,52.0,2119.0
000049	2123	70	TP	0.9999247412982126	0.0	2.3807126735035498	0.025948062387894596	43.0,175.0,321.0,295.0	49.0,2123.0,52.0,2123.0
000049	2146	71	TP	1.0	0.0	2.131975575295371	0.02688780045897292	41.0,177.0,316.0,296.0	49.0,2146.0,52.0,2146.0
000049	2151	72	TP	0.9998466963053809	0.0	1.492151782033803	0.028384476736446087	33.0,173.0,308.0,292.0	49.0,2151.0,52.0,2151.0
000049	2173	73	TP	0.9953837276399308	0.0	1.1322955633099803	0.02146076083628468	35.0,164.0,309.0,283.0	49.0,2173.0,52.0,2173.0
000049	2196	74	TP	0.9999621154720412	0.0	1.3510768210501602	0.025013241808227324	38.0,152.0,316.0,269.0	49.0,2196.0,52.0,2196.0
000051	1	75	TP	0.9984050159498405	0.0	3.1484062445513437	0.028197422501306347	195.0,286.0,330.0,453.0	51.0,1.0,54.0,1.0
000051	35	76	TP	1.0	0.0	3.514894103022501	0.017884518652430164	204.0,304.0,338.0,471.0	51.0,35.0,54.0,35.0
000051	56	77	TP	0.9991068438093111	0.0	3.364072255749406	0.030792783013387	193.0,307.0,327.0,474.0	51.0,56.0,54.0,56.0
000051	83	78	TP	1.0	0.0	3.957505021828908	0.024138611995487943	184.0,293.0,317.0,461.0	51.0,83.0,54.0,83.0
000051	100	79	TP	1.0	0.0	4.327170206656213	0.012888917891886438	187.0,283.0,318.0,451.0	51.0,100.0,54.0,100.0
000051	116	80	TP	0.9994824314221634	0.0	3.144564397676764	0.029088574212109884	197.0,272.0,324.0,438.0	51.0,116.0,54.0,116.0
000051	138	81	TP	0.9999419684308264	0.0	4.367528412317497	0.01836351467897117	210.0,248.0,335.0,413.0	51.0,138.0,54.0,138.0
000051	169	82	TP	1.0	0.0	3.2357603309491916	0.01745019631495982	212.0,253.0,334.0,419.0	51.0,169.0,54.0,169.0
000051	240	83	TP	1.0	0.0	3.250123688602922	0.027189513814747067	230.0,280.0,342.0,438.0	51.0,240.0,54.0,240.0
000051	407	84	TP	0.9931459473055398	0.0	4.91553693542092	0.0033038437270591593	191.0,262.0,317.0,420.0	51.0,407.0,54.0,407.0
000051	515	85	TP	0.9905348748570703	0.0	3.0472130370983272	0.07820728900163272	189.0,275.0,324.0,430.0	51.0,515.0,54.0,515.0
000051	520	86	TP	0.988136023347291	0.0	2.855166747860109	0.048416167897874014	193.0,273.0,329.0,428.0	51.0,520.0,54.0,520.0
000051	532	87	TP	0.9908332279681376	0.0	14.03324052723989	0.09153680072798184	193.0,275.0,331.0,431.0	51.0,532.0,54.0,532.0
000051	546	88	TP	0.9928143712574851	0.0	2.956895639516227	0.045571539230098275	200.0,273.0,340.0,429.0	51.0,546.0,54.0,546.0
000051	553	89	TP	0.9902175957860413	0.0	3.5559080326718777	0.034518737818579566	194.0,275.0,335.0,431.0	51.0,553.0,54.0,553.0
000051	571	90	TP	0.9927468848800446	0.0	3.0392094846321993	0.05015647534107742	195.0,280.0,338.0,437.0	51.0,571.0,54.0,571.0
000051	582	91	TP	0.9906754186859702	0.0	6.573907955531016	0.09189750544985544	193.0,299.0,339.0,457.0	51.0,582.0,54.0,582.0
000051	601	92	TP	0.9915280063387578	0.0	6.349509004236814	0.002341520435467282	193.0,290.0,342.0,449.0	51.0,601.0,54.0,601.0
000051	611	93	TP	0.9911665053242982	0.0	4.667382326442112	0.02392415679123984	190.0,286.0,341.0,446.0	51.0,611.0,54.0,611.0
000051	618	94	TP	0.9917062323456939	0.0	6.9235969839007465	0.009385556438804605	185.0,279.0,338.0,439.0	51.0,618.0,54.0,618.0
000051	636	95	TP	0.9896689363700399	0.0	6.57558595643811	0.02106093569785906	185.0,289.0,342.0,452.0	51.0,636.0,54.0,636.0
000051	637	96	TP	0.9900316641257183	0.0	5.097111116313731	0.009711872829342964	186.0,290.0,343.0,452.0	51.0,637.0,54.0,637.0
000051	649	97	TP	0.9958081043316255	0.0	5.7561797531803816	0.02202955443591659	168.0,282.0,328.0,445.0	51.0,649.0,54.0,649.0
000051	654	98	TP	0.9943689771275979	0.0	16.15816808113318	0.03002273665437637	170.0,282.0,330.0,445.0	51.0,654.0,54.0,654.0
000051	669	99	TP	0.9934812442817932	0.0	4.619084289800892	0.009144359927359689	170.0,293.0,333.0,457.0	51.0,669.0,54.0,669.0
000051	672	100	TP	0.9973210214318285	0.0	13.71539836240409	0.03708081053782189	174.0,294.0,337.0,458.0	51.0,672.0,54.0,672.0
000051	675	101	TP	0.9975523679417122	0.0	5.1411416155392	0.01808243488997065	176.0,290.0,340.0,454.0	51.0,675.0,54.0,675.0
000051	681	102	TP	0.998303455296047	0.0	12.777707592460922	0.03271166591919923	176.0,290.0,341.0,454.0	51.0,681.0,54.0,681.0
000051	685	103	TP	0.9979199460310322	0.0	9.559135320914057	0.03416889680182422	173.0,290.0,339.0,454.0	51.0,685.0,54.0,685.0
000051	694	104	TP	0.9946577629382304	0.0	3.9304950251431254	0.023559370466136827	168.0,291.0,335.0,456.0	51.0,694.0,54.0,694.0
000051	698	105	TP	0.9952185032803291	0.0	12.855825220075328	0.04648023378505515	166.0,286.0,334.0,450.0	51.0,698.0,54.0,698.0
000051	780	106	TP	0.9975330673944993	0.0	4.572190489274675	0.009473291137447874	147.0,285.0,326.0,452.0	51.0,780.0,54.0,780.0
000051	946	107	TP	0.9994831555701734	0.0	3.73013561860231	0.04179977798542382	135.0,269.0,339.0,436.0	51.0,946.0,54.0,946.0
000051	1038	108	TP	1.0	0.0	11.91982117783352	0.05627459845424384	138.0,270.0,353.0,436.0	51.0,1038.0,54.0,1038.0
000051	1045	109	TP	1.0	0.0	4.143177559337383	0.037112550033561974	136.0,270.0,352.0,436.0	51.0,1045.0,54.0,1045.0
000051	1057	110	TP	1.0	0.0	4.312667998432676	0.03638244430588941	135.0,262.0,352.0,427.0	51.0,1057.0,54.0,1057.0
000051	1063	111	TP	1.0	0.0	9.032500895296424	0.026194297823854847	135.0,263.0,352.0,428.0	51.0,1063.0,54.0,1063.0
000051	1076	112	TP	1.0	0.0	6.5934627442782014	0.024665760083475936	136.0,276.0,355.0,442.0	51.0,1076.0,54.0,1076.0
000051	1080	113	TP	1.0	0.0	10.599025073601311	0.049488867307707074	135.0,272.0,354.0,438.0	51.0,1080.0,54.0,1080.0
000051	1091	114	TP	1.0	0.0	11.437671385676206	0.032749364400807966	120.0,266.0,339.0,431.0	51.0,1091.0,54.0,1091.0
000051	1092	115	TP	0.9999558401413116	0.0	3.5943533390243263	0.029710496536922308	119.0,265.0,339.0,429.0	51.0,1092.0,54.0,1092.0
000051	1110	116	TP	1.0	0.0	2.161379154605999	0.023136667348314738	106.0,261.0,328.0,425.0	51.0,1110.0,54.0,1110.0
000051	1111	117	TP	0.9999122268059335	0.0	7.684564502775832	0.025584239982323922	106.0,260.0,329.0,423.0	51.0,1111.0,54.0,1111.0
000051	1149	118	TP	1.0	0.0	5.731787703240328	0.010417515506122285	95.0,251.0,320.0,412.0	51.0,1149.0,54.0,1149.0
000051	1150	119	TP	1.0	0.0	2.625341581991787	0.03654457632236407	94.0,251.0,320.0,412.0	51.0,1150.0,54.0,1150.0
000051	1160	120	TP	1.0	0.0	9.15108815831608	0.031656118738860504	91.0,250.0,318.0,411.0	51.0,1160.0,54.0,1160.0
000051	1182	121	TP	1.0	0.0	8.751755125628945	0.02133025887609892	116.0,256.0,343.0,417.0	51.0,1182.0,54.0,1182.0
000051	1220	122	TP	1.0	0.0	3.126574334959796	0.02804273660904305	112.0,272.0,341.0,431.0	51.0,1220.0,54.0,1220.0
000051	1528	123	TP	1.0	0.0	3.0940444006312924	0.03846182599602138	83.0,255.0,323.0,417.0	51.0,1528.0,54.0,1528.0
000051	1536	124	TP	1.0	0.0	3.227218589709806	0.022663741313656408	82.0,256.0,323.0,419.0	51.0,1536.0,54.0,1536.0
000051	1545	125	TP	1.0	0.0	3.3696122279619223	0.02780249009078269	84.0,270.0,326.0,436.0	51.0,1545.0,54.0,1545.0
000051	1566	126	TP	1.0	0.0	3.699064988368209	0.022234184442425906	89.0,265.0,333.0,434.0	51.0,1566.0,54.0,1566.0
000051	1571	127	TP	1.0	0.0	2.9390900581149895	0.020464184187112013	90.0,267.0,335.0,437.0	51.0,1571.0,54.0,1571.0
000051	1584	128	TP	1.0	0.0	3.3283539818474406	0.022960959555585744	92.0,259.0,338.0,430.0	51.0,1584.0,54.0,1584.0
000051	1588	129	TP	1.0	0.0	2.9065862425131845	0.021683975688826625	90.0,251.0,337.0,422.0	51.0,1588.0,54.0,1588.0
000051	1603	130	TP	1.0	0.0	1.9167218146875702	0.020725265389995893	100.0,234.0,350.0,406.0	51.0,1603.0,54.0,1603.0
000051	1611	131	TP	1.0	0.0	2.0959101292672515	0.0202552296842545	91.0,227.0,343.0,402.0	51.0,1611.0,54.0,1611.0
000051	1617	132	TP	0.9999622741162711	0.0	1.8901176957571384	0.02166093007664148	88.0,224.0,341.0,400.0	51.0,1617.0,54.0,1617.0
000051	1628	133	TP	1.0	0.0	2.2252437950777906	0.02130516780374365	103.0,237.0,355.0,415.0	51.0,1628.0,54.0,1628.0
000051	1629	134	TP	1.0	0.0	1.730982645860323	0.019352588594400567	103.0,239.0,356.0,417.0	51.0,1629.0,54.0,1629.0
000051	1645	135	TP	0.999154877824729	0.0	1.6542820643632046	0.02179300720322429	115.0,239.0,368.0,420.0	51.0,1645.0,54.0,1645.0
000051	1650	136	TP	1.0	0.0	1.5695342104853776	0.016111760862072135	117.0,237.0,370.0,419.0	51.0,1650.0,54.0,1650.0
000051	1673	137	TP	1.0	0.0	1.2463729944573785	0.01876092717501152	150.0,238.0,405.0,424.0	51.0,1673.0,54.0,1673.0
000051	1674	138	TP	1.0	0.0	1.8625926559167152	0.023979797577692114	153.0,240.0,408.0,426.0	51.0,1674.0,54.0,1674.0
000051	1687	139	TP	1.0	0.0	1.3804015727836876	0.017640991225088158	151.0,235.0,409.0,423.0	51.0,1687.0,54.0,1687.0
000051	1693	140	TP	1.0	0.0	1.5010352669954052	0.020843958221271695	152.0,238.0,411.0,428.0	51.0,1693.0,54.0,1693.0
000051	1698	141	TP	1.0	0.0	1.2887930595663577	0.02012484511433435	153.0,241.0,411.0,431.0	51.0,1698.0,54.0,1698.0
000051	1699	142	TP	1.0	0.0	1.7749559584269992	0.021251591456366098	153.0,242.0,412.0,433.0	51.0,1699.0,54.0,1699.0
000051	1700	143	TP	1.0	0.0	1.7866464009860408	0.022505740166829543	152.0,243.0,411.0,434.0	51.0,1700.0,54.0,1700.0
000051	1708	144	TP	1.0	0.0	1.5723434693770686	0.014939466697959721	156.0,238.0,416.0,431.0	51.0,1708.0,54.0,1708.0
000051	1709	145	TP	1.0	0.0	1.537994238280327	0.016969050150600802	155.0,238.0,417.0,431.0	51.0,1709.0,54.0,1709.0
000051	1715	146	TP	1.0	0.0	1.1432387468799958	0.020246862893157323	153.0,240.0,415.0,435.0	51.0,1715.0,54.0,1715.0
000051	1717	147	TP	1.0	0.0	1.4015961956734218	0.01588203853657709	151.0,242.0,413.0,436.0	51.0,1717.0,54.0,1717.0
000051	1729	148	TP	1.0	0.0	1.4643271105821918	0.017069601156473924	151.0,255.0,413.0,452.0	51.0,1729.0,54.0,1729.0
000051	1927	149	TP	1.0	0.0	1.2997649182085182	0.00725556645798695	37.0,245.0,324.0,475.0	51.0,1927.0,54.0,1927.0
000054	1	150	TP	1.0	0.0	3.4141628459396998	0.0072778472188034776	162.0,310.0,387.0,440.0	54.0,1.0,57.0,1.0
000054	22	151	TP	0.9998638220608261	0.0	4.680128186865103	0.0038107593687942147	181.0,304.0,408.0,438.0	54.0,22.0,57.0,22.0
000054	32	152	TP	1.0	0.0	6.329382365368711	0.006174923477982037	181.0,321.0,407.0,462.0	54.0,32.0,57.0,32.0
000054	38	153	TP	1.0	0.0	4.749448066766838	0.01615133446021613	173.0,300.0,397.0,437.0	54.0,38.0,57.0,38.0
000054	43	154	TP	1.0	0.0	4.033934077033669	0.009337121245052208	168.0,271.0,393.0,406.0	54.0,43.0,57.0,43.0
000054	50	155	TP	1.0	0.0	2.979180232376567	0.010267207296531354	160.0,270.0,385.0,405.0	54.0,50.0,57.0,50.0
000054	56	156	TP	1.0	0.0	3.4190396739440687	0.01952783355601072	149.0,280.0,375.0,415.0	54.0,56.0,57.0,56.0
000054	63	157	TP	0.9999060812397277	0.0	3.3602825853474485	0.016326717989147272	158.0,270.0,386.0,406.0	54.0,63.0,57.0,63.0
000054	69	158	TP	1.0	0.0	3.713274371131968	0.019259080095619628	162.0,263.0,391.0,405.0	54.0,69.0,57.0,69.0
000054	81	159	TP	1.0	0.0	2.422735935441713	0.011603104671165003	198.0,286.0,428.0,437.0	54.0,81.0,57.0,81.0
000054	86	160	TP	1.0	0.0	1.8495510975502294	0.012642714328196877	189.0,296.0,421.0,449.0	54.0,86.0,57.0,86.0
000054	90	161	TP	1.0	0.0	2.479308091528687	0.01882595313775013	184.0,287.0,416.0,440.0	54.0,90.0,57.0,90.0
000054	135	162	TP	1.0	0.0	2.9176960624949584	0.03219123055774299	199.0,277.0,408.0,411.0	54.0,135.0,57.0,135.0
000054	202	163	TP	1.0	0.0	4.104814658004189	0.03515816777303445	206.0,288.0,404.0,407.0	54.0,202.0,57.0,202.0
000054	390	164	TP	0.99981765134938	0.0	4.212659067638014	0.01991717545609663	188.0,291.0,399.0,415.0	54.0,390.0,57.0,390.0
000054	479	165	TP	0.9999490809104333	0.0	1.825869543357895	0.013755624368612232	194.0,258.0,421.0,404.0	54.0,479.0,57.0,479.0
000054	514	166	TP	0.9999528502051016	0.0	2.433145316665019	0.012141698703789974	205.0,249.0,439.0,405.0	54.0,514.0,57.0,514.0
000054	520	167	TP	0.9999536350148368	0.0	2.0857441998739326	0.011933531837395856	207.0,252.0,443.0,410.0	54.0,520.0,57.0,520.0
000054	524	168	TP	1.0	0.0	1.8461794176799184	0.013313189348983505	202.0,252.0,439.0,411.0	54.0,524.0,57.0,524.0
000054	530	169	TP	1.0	0.0	1.5385713510135397	0.012622094573781531	195.0,257.0,434.0,418.0	54.0,530.0,57.0,530.0
000054	537	170	TP	1.0	0.0	2.1271027606248123	0.009973604088956454	195.0,274.0,436.0,436.0	54.0,537.0,57.0,537.0
000054	543	171	TP	1.0	0.0	1.9317862422302123	0.007698519502545531	198.0,282.0,440.0,445.0	54.0,543.0,57.0,543.0
000054	560	172	TP	1.0	0.0	1.8591147817030442	0.0053522404950756665	202.0,288.0,446.0,455.0	54.0,560.0,57.0,560.0
000054	561	173	TP	1.0	0.0	1.9305107966301733	0.007029777089882692	202.0,288.0,446.0,456.0	54.0,561.0,57.0,561.0
000054	568	174	TP	1.0	0.0	1.98358453369378	0.016882496910347405	191.0,289.0,437.0,456.0	54.0,568.0,57.0,568.0
000054	577	175	TP	1.0	0.0	1.8495282856524988	0.005278957027103479	184.0,292.0,432.0,459.0	54.0,577.0,57.0,577.0
000054	583	176	TP	1.0	0.0	2.214493876809469	0.005742170181088807	184.0,292.0,433.0,459.0	54.0,583.0,57.0,583.0
000054	588	177	TP	1.0	0.0	2.268477009156755	0.005578843684063454	187.0,296.0,436.0,463.0	54.0,588.0,57.0,588.0
000054	589	178	TP	1.0	0.0	1.942346022643042	0.007491360733670998	187.0,298.0,436.0,464.0	54.0,589.0,57.0,589.0
000054	595	179	TP	1.0	0.0	1.7832332400660935	0.006510539960440191	189.0,303.0,440.0,469.0	54.0,595.0,57.0,595.0
000054	598	180	TP	0.9999590868177727	0.0	1.5973792370238928	0.005142720546413414	189.0,305.0,440.0,471.0	54.0,598.0,57.0,598.0
000054	604	181	TP	1.0	0.0	1.8309226519914488	0.004284919064203541	187.0,311.0,438.0,477.0	54.0,604.0,57.0,604.0
000054	681	182	TP	0.9997496348842061	0.0	1.7908649661152163	0.011760802327937038	156.0,318.0,403.0,467.0	54.0,681.0,57.0,681.0
000054	741	183	TP	1.0	0.0	2.4095824156575385	0.014490866667990564	185.0,331.0,422.0,470.0	54.0,741.0,57.0,741.0
000054	866	184	TP	1.0	0.0	2.0525872770544225	0.012307408790250171	237.0,340.0,465.0,461.0	54.0,866.0,57.0,866.0
000054	1012	185	TP	1.0	0.0	1.7009311800011617	0.02316827377243363	280.0,344.0,511.0,462.0	54.0,1012.0,57.0,1012.0
000054	1024	186	TP	0.9998267498267498	0.0	1.2107785029912155	0.01014796672341828	320.0,341.0,553.0,462.0	54.0,1024.0,57.0,1024.0
000054	1025	187	TP	0.999913781954563	0.0	1.6415316030736542	0.014057093714434222	323.0,343.0,557.0,463.0	54.0,1025.0,57.0,1025.0
000054	1028	188	TP	0.9994443494614464	0.0	1.771970302105821	0.010517494740167919	330.0,349.0,565.0,469.0	54.0,1028.0,57.0,1028.0
000054	1029	189	TP	0.9997439836149513	0.0	1.6601534763274188	0.016580356986202843	330.0,351.0,566.0,470.0	54.0,1029.0,57.0,1029.0
000054	1032	190	TP	1.0	0.0	2.801107212330904	0.014587784077971951	332.0,353.0,569.0,472.0	54.0,1032.0,57.0,1032.0
000054	1033	191	TP	1.0	0.0	1.964903842189422	0.017036992729264913	332.0,353.0,570.0,472.0	54.0,1033.0,57.0,1033.0
000054	1039	192	TP	0.998435716399611	0.0	1.7434498892342818	0.02032719099852791	323.0,343.0,561.0,461.0	54.0,1039.0,57.0,1039.0
000054	1042	193	TP	0.9998727465535525	0.0	0.799917528672672	0.024056731438037326	316.0,340.0,554.0,456.0	54.0,1042.0,57.0,1042.0
000054	1063	194	TP	0.9995698924731182	0.0	1.7703559747918836	0.019052108738554917	286.0,326.0,524.0,432.0	54.0,1063.0,57.0,1063.0
000054	1068	195	TP	0.9985371310558472	0.0	1.541191629408107	0.022142623471750958	283.0,320.0,521.0,424.0	54.0,1068.0,57.0,1068.0
000054	1080	196	TP	0.9998703095279267	0.0	2.33559394353659	0.018415663447139997	276.0,313.0,515.0,416.0	54.0,1080.0,57.0,1080.0
000054	1083	197	TP	0.99939501318007	0.0	1.6864261834029906	0.018842174313331017	276.0,312.0,515.0,415.0	54.0,1083.0,57.0,1083.0
000054	1089	198	TP	0.9986145986665512	0.0	2.0129594836872617	0.024469052871205512	283.0,311.0,522.0,414.0	54.0,1089.0,57.0,1089.0
000054	1096	199	TP	1.0	0.0	1.4135432191161017	0.021044543480714332	292.0,316.0,531.0,419.0	54.0,1096.0,57.0,1096.0
000054	1106	200	TP	0.9999141851883635	0.0	1.5226740183460155	0.01994527942908207	296.0,334.0,535.0,438.0	54.0,1106.0,57.0,1106.0
000054	1110	201	TP	1.0	0.0	1.3107698606483102	0.020749385587537337	307.0,351.0,548.0,456.0	54.0,1110.0,57.0,1110.0
000054	1111	202	TP	1.0	0.0	2.665244544445878	0.021519534691161787	310.0,354.0,551.0,459.0	54.0,1111.0,57.0,1111.0
000054	1134	203	TP	0.9989991898203308	0.0	1.7326493570520358	0.03505765012170644	228.0,312.0,458.0,419.0	54.0,1134.0,57.0,1134.0
000054	1178	204	TP	1.0	0.0	1.5924031121110063	0.03634351280162094	224.0,316.0,441.0,419.0	54.0,1178.0,57.0,1178.0
000054	1355	205	TP	0.9999491327127524	0.0	1.2778784502786764	0.03879187789223899	263.0,332.0,494.0,443.0	54.0,1355.0,57.0,1355.0
000054	1531	206	TP	1.0	0.0	1.0434696367285734	0.04148809352817218	286.0,329.0,524.0,452.0	54.0,1531.0,57.0,1531.0
000054	1539	207	TP	1.0	0.0	1.6607265368543096	0.036728376454525063	287.0,331.0,526.0,455.0	54.0,1539.0,57.0,1539.0
000054	1543	208	TP	1.0	0.0	1.2780908835703102	0.041916309127731054	296.0,332.0,535.0,456.0	54.0,1543.0,57.0,1543.0
000054	1547	209	TP	1.0	0.0	1.678026507089225	0.039463310350863666	302.0,340.0,542.0,464.0	54.0,1547.0,57.0,1547.0
000054	1550	210	TP	1.0	0.0	1.504511320013047	0.04151542092168363	306.0,342.0,545.0,467.0	54.0,1550.0,57.0,1550.0
000054	1557	211	TP	1.0	0.0	1.6227055852681205	0.043577416521226556	306.0,338.0,546.0,463.0	54.0,1557.0,57.0,1557.0
000054	1559	212	TP	1.0	0.0	1.5012555103710616	0.0382117962926077	306.0,336.0,546.0,460.0	54.0,1559.0,57.0,1559.0
000054	1568	213	TP	0.9999035493827161	0.0	1.4410253010363623	0.04176163558291127	297.0,337.0,537.0,460.0	54.0,1568.0,57.0,1568.0
000054	1573	214	TP	1.0	0.0	1.15728909118137	0.04441110528845381	285.0,336.0,526.0,460.0	54.0,1573.0,57.0,1573.0
000054	1580	215	TP	1.0	0.0	1.0633255360312575	0.04563551842205112	275.0,336.0,517.0,460.0	54.0,1580.0,57.0,1580.0
000054	1585	216	TP	0.9999054328809873	0.0	2.2280804844286037	0.035459427188084265	271.0,339.0,514.0,463.0	54.0,1585.0,57.0,1585.0
000054	1595	217	TP	1.0	0.0	1.4684711971062114	0.03909282075016156	283.0,331.0,527.0,453.0	54.0,1595.0,57.0,1595.0
000054	1597	218	TP	1.0	0.0	1.6381786167474157	0.038481135968801566	286.0,329.0,530.0,451.0	54.0,1597.0,57.0,1597.0
000054	1605	219	TP	0.9998100574576191	0.0	1.7408470469238841	0.03900801467474453	301.0,325.0,545.0,447.0	54.0,1605.0,57.0,1605.0
000054	1613	220	TP	0.9988100904331271	0.0	1.3795942961076795	0.03649916331886432	307.0,329.0,551.0,451.0	54.0,1613.0,57.0,1613.0
000054	1619	221	TP	1.0	0.0	0.9898590635475274	0.046943271050903734	312.0,333.0,555.0,457.0	54.0,1619.0,57.0,1619.0
000054	1625	222	TP	0.9994784752512801	0.0	1.4135147386501028	0.04346586419313299	320.0,334.0,563.0,458.0	54.0,1625.0,57.0,1625.0
000054	1663	223	TP	1.0	0.0	1.4031960218271389	0.04110926375896225	318.0,320.0,562.0,442.0	54.0,1663.0,57.0,1663.0
000054	1844	224	TP	1.0	0.0	1.2555089792558634	0.03599620997310285	331.0,301.0,576.0,433.0	54.0,1844.0,57.0,1844.0
000055	22	225	TP	0.7827098621800609	0.0	4.139205544924083	0.07318830854556321	110.0,293.0,307.0,409.0	55.0,22.0,58.0,22.0
000055	42	226	TP	0.7894265767647234	0.0	3.165036490867724	0.05590364384598828	136.0,302.0,334.0,417.0	55.0,42.0,58.0,42.0
000055	49	227	TP	0.7871432862721538	0.0	3.0695337166455783	0.06719385711839279	142.0,292.0,339.0,405.0	55.0,49.0,58.0,49.0
000055	62	228	TP	0.7907477138246369	0.0	2.804613128409395	0.02654344646829878	135.0,270.0,332.0,380.0	55.0,62.0,58.0,62.0
000055	89	229	TP	0.7872185027388923	0.0	2.6273537088886267	0.032854518682646695	104.0,285.0,302.0,397.0	55.0,89.0,58.0,89.0
000055	100	230	TP	0.7867980414676903	0.0	3.313418396904726	0.02210052338368555	95.0,290.0,295.0,403.0	55.0,100.0,58.0,100.0
000055	128	231	TP	0.786363899669814	0.0	1.1806301200673803	0.02458898077501061	20.0,282.0,228.0,409.0	55.0,128.0,58.0,128.0
000055	205	232	TP	0.7937376324060063	0.0	2.3729368645197724	0.02468900179534036	49.0,283.0,257.0,405.0	55.0,205.0,58.0,205.0
000055	360	233	TP	0.8012155645108013	0.0	2.741852165694397	0.04551731119866744	119.0,284.0,316.0,397.0	55.0,360.0,58.0,360.0
000055	454	234	TP	0.7910721565430086	0.0	1.8286827950354652	0.05025960141355835	160.0,315.0,356.0,430.0	55.0,454.0,58.0,454.0
000055	512	235	TP	0.7866852561868247	0.0	2.1495623724371646	0.04739408534754961	142.0,303.0,337.0,419.0	55.0,512.0,58.0,512.0
000055	513	236	TP	0.7873126524921575	0.0	1.6907199004996816	0.050400054016531415	143.0,303.0,338.0,418.0	55.0,513.0,58.0,513.0
000055	526	237	TP	0.7803367659337601	0.0	1.4532538172570812	0.05228923328084299	144.0,300.0,339.0,415.0	55.0,526.0,58.0,526.0
000055	530	238	TP	0.7775615181426386	0.0	1.7325889008275384	0.0533666579484685	137.0,297.0,333.0,412.0	55.0,530.0,58.0,530.0
000055	546	239	TP	0.7765728189085853	0.0	1.4876592114381142	0.05418317925390691	115.0,290.0,311.0,406.0	55.0,546.0,58.0,546.0
000055	562	240	TP	0.7723960863229478	0.0	2.0804290452959306	0.05077629111396424	124.0,296.0,320.0,411.0	55.0,562.0,58.0,562.0
000055	563	241	TP	0.7795751180227715	0.0	1.6754653937259236	0.057734613958113704	127.0,295.0,323.0,410.0	55.0,563.0,58.0,563.0
000055	588	242	TP	0.7834117321527393	0.0	1.7081757516583973	0.055431824747233134	101.0,305.0,297.0,420.0	55.0,588.0,58.0,588.0
000055	598	243	TP	0.7718368769606134	0.0	2.192598267301861	0.05296878754923456	109.0,300.0,305.0,415.0	55.0,598.0,58.0,598.0
000055	603	244	TP	0.7677099343300265	0.0	2.2502535910521337	0.04060416800838642	109.0,300.0,305.0,414.0	55.0,603.0,58.0,603.0
000055	610	245	TP	0.7615395342351137	0.0	2.265455669545176	0.043440376583867124	114.0,300.0,309.0,414.0	55.0,610.0,58.0,610.0
000055	612	246	TP	0.7619545517914401	0.0	2.888078554871689	0.05145097569125675	116.0,300.0,311.0,414.0	55.0,612.0,58.0,612.0
000055	618	247	TP	0.7738045738045738	0.0	3.0673732854467604	0.05816280514435333	116.0,307.0,312.0,423.0	55.0,618.0,58.0,618.0
000055	621	248	TP	0.7672712169458674	0.0	1.9487477775999453	0.04652939558884996	111.0,314.0,308.0,429.0	55.0,621.0,58.0,621.0
000055	622	249	TP	0.7679077156869517	0.0	1.9670688386363113	0.052307354922415214	111.0,314.0,308.0,430.0	55.0,622.0,58.0,622.0
000055	638	250	TP	0.7671468946026057	0.0	3.1819293987871293	0.06190063870716688	96.0,315.0,293.0,431.0	55.0,638.0,58.0,638.0
000055	641	251	TP	0.7753428433602095	0.0	1.9765618856477076	0.04482402647939606	94.0,314.0,291.0,430.0	55.0,641.0,58.0,641.0
000055	649	252	TP	0.7692095270969969	0.0	2.976629270472371	0.05846462135658262	95.0,317.0,292.0,432.0	55.0,649.0,58.0,649.0
000055	654	253	TP	0.7645674740484429	0.0	2.503236825080518	0.05191696757222593	97.0,320.0,293.0,435.0	55.0,654.0,58.0,654.0
000055	663	254	TP	0.7693585219015985	0.0	3.1104614002505606	0.04623978065102175	107.0,318.0,303.0,431.0	55.0,663.0,58.0,663.0
000055	793	255	TP	0.7461691747406033	0.0	3.468079294028428	0.06340044641540002	183.0,321.0,380.0,437.0	55.0,793.0,58.0,793.0
000055	920	256	TP	0.7614591505099182	0.0	2.2313810023514593	0.06326759040001885	158.0,311.0,375.0,438.0	55.0,920.0,58.0,920.0
000055	1025	257	TP	0.7387031113695842	0.0	2.6248580769431142	0.043624232778775036	130.0,300.0,343.0,430.0	55.0,1025.0,58.0,1025.0
000055	1038	258	TP	0.7328623146093659	0.0	1.3588477145846534	0.048574447109823324	143.0,296.0,355.0,427.0	55.0,1038.0,58.0,1038.0
000055	1040	259	TP	0.7327021972884525	0.0	2.237715156022775	0.04754962074584027	146.0,297.0,358.0,427.0	55.0,1040.0,58.0,1040.0
000055	1041	260	TP	0.7285155108956008	0.0	2.7820220081655775	0.0424296280662396	148.0,297.0,360.0,428.0	55.0,1041.0,58.0,1041.0
000055	1042	261	TP	0.7278199883109293	0.0	2.072876250613393	0.04974679593903821	148.0,297.0,360.0,428.0	55.0,1042.0,58.0,1042.0
000055	1044	262	TP	0.7290669158005372	0.0	2.3635210153300967	0.06035496213380734	149.0,298.0,361.0,429.0	55.0,1044.0,58.0,1044.0
000055	1046	263	TP	0.739267198695171	0.0	3.242618115478747	0.08550624784065032	150.0,300.0,362.0,431.0	55.0,1046.0,58.0,1046.0
000055	1048	264	TP	0.7368635437881874	0.0	2.417198283914874	0.05649625765295175	150.0,301.0,362.0,433.0	55.0,1048.0,58.0,1048.0
000055	1049	265	TP	0.734092625951537	0.0	2.5157513685445374	0.04675611742720784	151.0,302.0,363.0,433.0	55.0,1049.0,58.0,1049.0
000055	1053	266	TP	0.7377049180327869	0.0	2.6372293122682584	0.04798769391887532	150.0,302.0,363.0,434.0	55.0,1053.0,58.0,1053.0
000055	1055	267	TP	0.7328354752807688	0.0	2.647976031973274	0.04827403387164772	151.0,302.0,364.0,433.0	55.0,1055.0,58.0,1055.0
000055	1064	268	TP	0.7345301316093281	0.0	2.6087293180879128	0.05838312719435473	155.0,297.0,368.0,430.0	55.0,1064.0,58.0,1064.0
000055	1068	269	TP	0.7304122225425195	0.0	2.757947062452212	0.05113370366084063	155.0,297.0,368.0,429.0	55.0,1068.0,58.0,1068.0
000055	1088	270	TP	0.7297641073080481	0.0	2.1181684284029334	0.04504342765436271	155.0,295.0,367.0,429.0	55.0,1088.0,58.0,1088.0
000055	1100	271	TP	0.732222673709874	0.0	2.57315573645398	0.04513453558669	152.0,291.0,363.0,424.0	55.0,1100.0,58.0,1100.0
000055	1103	272	TP	0.7395996518711924	0.0	2.038563525463802	0.0566039965521615	152.0,290.0,364.0,424.0	55.0,1103.0,58.0,1103.0
000055	1115	273	TP	0.7254072227696945	0.0	2.426449302524676	0.053933148641053925	152.0,285.0,363.0,419.0	55.0,1115.0,58.0,1115.0
000055	1120	274	TP	0.7304040754891745	0.0	2.611698671471651	0.10776711907602995	151.0,285.0,362.0,420.0	55.0,1120.0,58.0,1120.0
000055	1132	275	TP	0.7368969107948629	0.0	1.3626379953603855	0.07529637648763796	149.0,287.0,360.0,423.0	55.0,1132.0,58.0,1132.0
000055	1136	276	TP	0.7324098759707894	0.0	1.5664990097206255	0.056297704214624045	150.0,285.0,360.0,420.0	55.0,1136.0,58.0,1136.0
000055	1147	277	TP	0.7288742563391671	0.0	1.688535234906329	0.059684072863984534	145.0,281.0,356.0,416.0	55.0,1147.0,58.0,1147.0
000055	1151	278	TP	0.7259800817454378	0.0	1.5021491637837572	0.04936801367310452	144.0,280.0,355.0,416.0	55.0,1151.0,58.0,1151.0
000055	1161	279	TP	0.7590092666742936	0.0	1.8452943748531052	0.045774685310492974	140.0,281.0,351.0,418.0	55.0,1161.0,58.0,1161.0
000055	1164	280	TP	0.7290141811527905	0.0	1.5183899177050064	0.06366846983315512	141.0,283.0,352.0,420.0	55.0,1164.0,58.0,1164.0
000055	1176	281	TP	0.7268752876208008	0.0	1.9548980352084429	0.0557064143465513	142.0,282.0,351.0,420.0	55.0,1176.0,58.0,1176.0
000055	1177	282	TP	0.7284916844104276	0.0	2.3458121760262753	0.057376130101222125	142.0,282.0,351.0,420.0	55.0,1177.0,58.0,1177.0
000055	1189	283	TP	0.7232555452865065	0.0	0.32715791167087305	0.05539096906435767	139.0,282.0,347.0,420.0	55.0,1189.0,58.0,1189.0
000055	1347	284	TP	0.7313939259094449	0.0	5.794459096695229	0.11713230398990557	143.0,283.0,352.0,426.0	55.0,1347.0,58.0,1347.0
000055	1520	*	FN	0.7114941203596956	*	*	*	188.0,278.0,380.0,423.0	*
000055	1543	285	TP	0.7062594904673528	0.0	2.8513929866703194	0.09142311954827428	163.0,297.0,355.0,445.0	55.0,1543.0,58.0,1543.0
000055	1563	286	TP	0.7116432137993645	0.0	3.5277473636135417	0.048521427435653804	166.0,293.0,358.0,440.0	55.0,1563.0,58.0,1563.0
000055	1567	287	TP	0.7159913988229968	0.0	14.027774322888742	0.14046804780818214	167.0,295.0,358.0,442.0	55.0,1567.0,58.0,1567.0
000055	1585	288	TP	0.7172457214813119	0.0	15.610867018206438	0.3321633979742612	175.0,290.0,366.0,436.0	55.0,1585.0,58.0,1585.0
000055	1592	289	TP	0.733488237002614	0.0	6.157386199583182	0.13077440169538243	181.0,284.0,372.0,428.0	55.0,1592.0,58.0,1592.0
000055	1603	290	TP	0.7184282163569653	0.0	5.483817391753849	0.08498349496735948	195.0,279.0,386.0,420.0	55.0,1603.0,58.0,1603.0
000055	1604	291	TP	0.7143958716412598	0.0	62.457437639252575	0.6751041768637976	197.0,278.0,388.0,419.0	55.0,1604.0,58.0,1604.0
000055	1609	292	TP	0.7158236603115414	0.0	14.715936326491612	0.11542935408059034	208.0,276.0,398.0,415.0	55.0,1609.0,58.0,1609.0
000055	1612	293	TP	0.7174804098854731	0.0	3.649710208086908	0.07152919344704323	211.0,279.0,401.0,418.0	55.0,1612.0,58.0,1612.0
000055	1625	294	TP	0.7155378010970666	0.0	17.860638627994167	0.1592351669200107	201.0,286.0,391.0,426.0	55.0,1625.0,58.0,1625.0
000055	1632	295	TP	0.7146098274523852	0.0	4.469238819421837	0.1000410093701602	207.0,287.0,396.0,427.0	55.0,1632.0,58.0,1632.0
000055	1643	296	TP	0.7376735280038296	0.0	59.1056096010118	1.0020908610390875	204.0,290.0,394.0,429.0	55.0,1643.0,58.0,1643.0
000055	1666	297	TP	0.7255102040816327	0.0	9.440344522873868	0.24463698221761998	211.0,301.0,402.0,439.0	55.0,1666.0,58.0,1666.0
000055	1717	298	TP	0.7408681214421252	0.0	8.219618092432576	0.05280948154169214	211.0,310.0,402.0,449.0	55.0,1717.0,58.0,1717.0
000058	30	299	TP	0.6202465705851711	0.0	2.7010761919715276	0.014301776669684343	420.0,163.0,548.0,381.0	58.0,30.0,61.0,30.0
000058	77	300	TP	0.6183431952662722	0.0	2.5870934973762063	0.007076176323459825	408.0,159.0,536.0,378.0	58.0,77.0,61.0,77.0
000058	86	301	TP	0.6157100963552576	0.0	2.4795896735415166	0.010280909324813223	405.0,161.0,535.0,380.0	58.0,86.0,61.0,86.0
000058	94	302	TP	0.6145424153781863	0.0	2.126036952411467	0.00824734205207743	386.0,163.0,518.0,381.0	58.0,94.0,61.0,94.0
000058	102	303	TP	0.6203506129450651	0.0	3.4588680743943323	0.010460819722526724	382.0,164.0,514.0,381.0	58.0,102.0,61.0,102.0
000058	103	304	TP	0.6158263129217486	0.0	1.8171608582089946	0.010003251177366949	380.0,166.0,512.0,382.0	58.0,103.0,61.0,103.0
000058	107	305	TP	0.6187678361591405	0.0	2.4638358655677624	0.01197796345707035	381.0,170.0,512.0,386.0	58.0,107.0,61.0,107.0
000058	114	306	TP	0.6186099219340216	0.0	2.6824587807399523	0.006723045108473424	383.0,164.0,514.0,380.0	58.0,114.0,61.0,114.0
000058	116	307	TP	0.6174275958011888	0.0	2.9101450824334205	0.009632831474250286	378.0,169.0,509.0,385.0	58.0,116.0,61.0,116.0
000058	121	308	TP	0.6204012671594509	0.0	1.1403803211109107	0.01299338420451203	386.0,162.0,515.0,378.0	58.0,121.0,61.0,121.0
000058	124	309	TP	0.6228904961299327	0.0	2.322757402847994	0.007982154218137286	393.0,165.0,522.0,380.0	58.0,124.0,61.0,124.0
000058	135	310	TP	0.6245059288537549	0.0	2.779091653331413	0.006970048128747355	406.0,157.0,536.0,371.0	58.0,135.0,61.0,135.0
000058	137	311	TP	0.6226993865030674	0.0	2.97087319400367	0.006142125547370928	409.0,157.0,540.0,371.0	58.0,137.0,61.0,137.0
000058	154	312	TP	0.6278616456536165	0.0	2.4644973881383683	0.007435138343784475	410.0,150.0,544.0,363.0	58.0,154.0,61.0,154.0
000058	163	313	TP	0.6319970057390002	0.0	3.986829840770709	0.006846418070648858	415.0,159.0,547.0,372.0	58.0,163.0,61.0,163.0
000058	215	314	TP	0.6328807960359344	0.0	3.030108266075941	0.005848575480387076	425.0,139.0,553.0,357.0	58.0,215.0,61.0,215.0
000058	319	315	TP	0.6508606421714664	0.0	3.2009496122602656	0.004582456937852896	372.0,195.0,502.0,403.0	58.0,319.0,61.0,319.0
000058	444	316	TP	0.6554096838194943	0.0	5.1616505685269365	0.007713884384269566	449.0,213.0,572.0,424.0	58.0,444.0,61.0,444.0
000058	516	317	TP	0.6593790808374405	0.0	6.835687733973966	0.008927989177633275	421.0,213.0,545.0,430.0	58.0,516.0,61.0,516.0
000058	519	318	TP	0.6610646611486912	0.0	5.7567723208209305	0.00630372194917583	422.0,209.0,547.0,427.0	58.0,519.0,61.0,519.0
000058	529	319	TP	0.6576633165829145	0.0	3.52002866826233	0.003079057666910487	416.0,215.0,541.0,433.0	58.0,529.0,61.0,529.0
000058	531	320	TP	0.6605147520401757	0.0	6.996596466892509	0.008236959447880941	419.0,218.0,543.0,436.0	58.0,531.0,61.0,531.0
000058	541	321	TP	0.6652044951330576	0.0	5.8031040628066926	0.005187305230185974	423.0,217.0,546.0,435.0	58.0,541.0,61.0,541.0
000058	553	322	TP	0.6701981230448384	0.0	5.969280205403468	0.006370970091988676	429.0,207.0,551.0,425.0	58.0,553.0,61.0,553.0
000058	561	323	TP	0.6626672819566221	0.0	5.596610744492198	0.006976647155062898	439.0,186.0,563.0,404.0	58.0,561.0,61.0,561.0
000058	562	324	TP	0.668234108657318	0.0	8.598462785540923	0.007973894068248494	441.0,184.0,564.0,402.0	58.0,562.0,61.0,562.0
000058	574	325	TP	0.6687693154396511	0.0	6.983326824048138	0.005068884707084742	450.0,175.0,574.0,393.0	58.0,574.0,61.0,574.0
000058	576	326	TP	0.6678388340465196	0.0	5.195265123997176	0.005369904850857031	450.0,176.0,574.0,394.0	58.0,576.0,61.0,576.0
000058	583	327	TP	0.678082191780822	0.0	6.6087308179321544	0.00592077134596966	448.0,168.0,574.0,387.0	58.0,583.0,61.0,583.0
000058	588	328	TP	0.6741768499660556	0.0	10.020296794361926	0.013594402783236705	451.0,171.0,577.0,390.0	58.0,588.0,61.0,588.0
000058	596	329	TP	0.6763350386875819	0.0	7.044510037347713	0.005769489105241946	454.0,171.0,584.0,392.0	58.0,596.0,61.0,596.0
000058	603	330	TP	0.6794974493022471	0.0	8.476178357938396	0.014111262522303998	457.0,167.0,590.0,389.0	58.0,603.0,61.0,603.0
000058	610	331	TP	0.6861959957850369	0.0	8.891624755205902	0.012223557186927832	458.0,165.0,592.0,388.0	58.0,610.0,61.0,610.0
000058	617	332	TP	0.6823965618943288	0.0	8.52235117157495	0.006867534674259333	460.0,163.0,595.0,387.0	58.0,617.0,61.0,617.0
000058	631	333	TP	0.6811229834485648	0.0	8.214067207986883	0.00852080839710517	456.0,149.0,594.0,374.0	58.0,631.0,61.0,631.0
000058	635	334	TP	0.681136344590631	0.0	7.560837704439119	0.007504498322984045	456.0,153.0,594.0,378.0	58.0,635.0,61.0,635.0
000058	642	335	TP	0.6769282248619709	0.0	5.5231427253082765	0.006746012661168042	454.0,153.0,593.0,378.0	58.0,642.0,61.0,642.0
000058	646	336	TP	0.6770798529903107	0.0	7.800934594497903	0.005735427281101275	453.0,154.0,592.0,380.0	58.0,646.0,61.0,646.0
000058	653	337	TP	0.682996273499979	0.0	6.968085617208968	0.005537457508974493	440.0,159.0,577.0,384.0	58.0,653.0,61.0,653.0
000058	655	338	TP	0.6833305397251089	0.0	6.061009716244748	0.00475310852320078	435.0,160.0,573.0,384.0	58.0,655.0,61.0,655.0
000058	660	339	TP	0.6831761994552692	0.0	7.476785397492968	0.006448521763409415	428.0,166.0,564.0,390.0	58.0,660.0,61.0,660.0
000058	662	340	TP	0.6848677869505092	0.0	6.382405129387464	0.005154522465312278	425.0,165.0,561.0,389.0	58.0,662.0,61.0,662.0
000058	670	341	TP	0.6831303187051561	0.0	5.88200778579696	0.005273727780902949	425.0,170.0,561.0,395.0	58.0,670.0,61.0,670.0
000058	677	342	TP	0.6865473823724321	0.0	7.068069243484977	0.0071624418055771	435.0,179.0,570.0,405.0	58.0,677.0,61.0,677.0
000058	691	343	TP	0.6913438231789985	0.0	6.45327572123913	0.006102884737653155	433.0,182.0,569.0,409.0	58.0,691.0,61.0,691.0
000058	826	344	TP	0.7077300150829563	0.0	2.5096927639640243	0.00732441599659833	425.0,177.0,561.0,412.0	58.0,826.0,61.0,826.0
000058	940	345	TP	0.7405125332586473	0.0	4.3704697355904685	0.0035470405176003146	451.0,161.0,588.0,406.0	58.0,940.0,61.0,940.0
000058	1035	346	TP	0.7276580826109128	0.0	2.1061471840717627	0.01219687534108517	448.0,237.0,592.0,499.0	58.0,1035.0,61.0,1035.0
000058	1036	347	TP	0.7305427343625657	0.0	2.64942301769447	0.0023938748126672038	448.0,238.0,592.0,500.0	58.0,1036.0,61.0,1036.0
000058	1051	348	TP	0.7375074687883266	0.0	1.6114823134089997	0.009222100544359683	449.0,230.0,594.0,494.0	58.0,1051.0,61.0,1051.0
000058	1068	349	TP	0.7283194057567317	0.0	1.6507181227590557	0.0033596691117120394	441.0,232.0,589.0,498.0	58.0,1068.0,61.0,1068.0
000058	1072	350	TP	0.7302645796671915	0.0	1.731051355700345	0.01326114915835044	437.0,230.0,584.0,497.0	58.0,1072.0,61.0,1072.0
000058	1082	351	TP	0.7251766001039723	0.0	1.1726184884729107	0.003190337295155247	430.0,233.0,578.0,501.0	58.0,1082.0,61.0,1082.0
000058	1084	352	TP	0.7357153763933425	0.0	1.1597250898453002	0.009368073255155282	431.0,231.0,578.0,499.0	58.0,1084.0,61.0,1084.0
000058	1094	353	TP	0.7493810760219793	0.0	1.531542883234024	0.0137754314256299	433.0,220.0,579.0,489.0	58.0,1094.0,61.0,1094.0
000058	1097	354	TP	0.7488481344294877	0.0	1.4712764721360267	0.013622255535334965	434.0,218.0,579.0,488.0	58.0,1097.0,61.0,1097.0
000058	1113	355	TP	0.7595496095405291	0.0	1.1911344262248582	0.005748516415196886	418.0,191.0,560.0,459.0	58.0,1113.0,61.0,1113.0
000058	1129	356	TP	0.7584993080209399	0.0	0.8885141765510447	0.011417464711747457	418.0,179.0,557.0,447.0	58.0,1129.0,61.0,1129.0
000058	1144	357	TP	0.7637018149092545	0.0	1.1930749178864328	0.009093081465509117	413.0,175.0,553.0,443.0	58.0,1144.0,61.0,1144.0
000058	1146	358	TP	0.7655321447866018	0.0	1.0653611098437428	0.00466318960965349	412.0,176.0,551.0,443.0	58.0,1146.0,61.0,1146.0
000058	1164	359	TP	0.7682506682506682	0.0	1.9462375101521863	0.011934980046421592	413.0,177.0,553.0,445.0	58.0,1164.0,61.0,1164.0
000058	1167	360	TP	0.7700951759717733	0.0	1.276070001521582	0.012791077562743327	412.0,177.0,553.0,446.0	58.0,1167.0,61.0,1167.0
000058	1177	361	TP	0.7697559817134715	0.0	1.3073134023864168	0.008609257220062639	400.0,171.0,544.0,438.0	58.0,1177.0,61.0,1177.0
000058	1180	362	TP	0.767711859374072	0.0	1.4426363114600464	0.010880964760583905	398.0,171.0,541.0,438.0	58.0,1180.0,61.0,1180.0
000058	1278	363	TP	0.7764142977765269	0.0	1.0781205543970045	0.004339930694684485	375.0,160.0,520.0,437.0	58.0,1278.0,61.0,1278.0
000058	1511	364	TP	0.8051773729626078	0.0	1.717528041262192	0.006456623712374709	358.0,150.0,500.0,438.0	58.0,1511.0,61.0,1511.0
000058	1529	365	TP	0.8029673424993725	0.0	2.5213340659073644	0.014234727522054335	341.0,161.0,481.0,448.0	58.0,1529.0,61.0,1529.0
000058	1549	366	TP	0.806997297905877	0.0	2.1095286978737873	0.009713483535558698	333.0,165.0,473.0,451.0	58.0,1549.0,61.0,1549.0
000058	1584	367	TP	0.8101617430051213	0.0	0.9720245482876931	0.0050313380032737404	331.0,202.0,472.0,486.0	58.0,1584.0,61.0,1584.0
000058	1599	368	TP	0.8166802136553646	0.0	1.255967199094486	0.002013648769877759	341.0,196.0,487.0,479.0	58.0,1599.0,61.0,1599.0
000058	1614	369	TP	0.8170860152135752	0.0	1.4513191878579925	0.009719466506702195	353.0,191.0,498.0,473.0	58.0,1614.0,61.0,1614.0
000058	1639	370	TP	0.8138267441510343	0.0	1.5511987474793645	0.013458457009545934	360.0,193.0,500.0,472.0	58.0,1639.0,61.0,1639.0
000058	1669	371	TP	0.8165035655851572	0.0	1.5697460614765737	0.010281873943327803	361.0,188.0,498.0,464.0	58.0,1669.0,61.0,1669.0
000058	1672	372	TP	0.8130308102411505	0.0	2.0388293040014247	0.014533918577864898	363.0,189.0,500.0,465.0	58.0,1672.0,61.0,1672.0
000058	1684	373	TP	0.8071198019491711	0.0	1.9013830098698612	0.00831303061997394	361.0,179.0,498.0,453.0	58.0,1684.0,61.0,1684.0
