#  Index into NumPy file "pose_data_ycbv-17-epos.npz".
#  Created at  6:49PM EDT on Sep 11, 2023
#    DATASET:   ycbv
#    OBJECT:    17
#    ESTIMATOR: epos
#  The errors reported in this file have taken discrete and continuous object symmetries into account.
#  Bounding boxes are recorded in pixel coordinates as ((upper-left x, y), (lower-right x, y)) with the origin in the upper-left.
#
#  When a row is marked as a TP, it does not necessarily mean that the bounding boxes overlap.
#  For each ground-truth instance, the prediction best overlapping that instance belongs to that ground-truth.
#  All TPs are in the corresponding *.npz file.
#
#  When a row is marked as a FN, it means that there is a ground-truth but the predictor failed to make a prediction at all.
#  FNs are NOT recorded in the *.npz at all.
#
#  When a row is marked as a FP, it means the predictor hallucinated; there is no corresponding ground-truth instance.
#  FPs are NOT recorded in the *.npz at all.
#
#  Scene  <t>  Frame  <t>  Index  <t>  Error cat.  <t>  Visibility ratio  <t>  Score  <t>  R_err(degrees)  <t>  t_err(meters)  <t>  Gr.Tr.BBox  <t>  Pred.BBox
000051	1	0	TP	0.8264958650883736	0.0	4.399760479264582	0.012679672401178059	62.0,322.0,297.0,390.0	51.0,1.0,68.0,1.0
000051	35	1	TP	0.835373924553276	0.0	4.759735026221368	0.009020126280263805	73.0,341.0,305.0,408.0	51.0,35.0,68.0,35.0
000051	56	2	TP	0.8249629507656842	0.0	3.784755370187161	0.04400413084460102	63.0,345.0,295.0,412.0	51.0,56.0,68.0,56.0
000051	83	3	TP	0.8238495794161306	0.0	3.346444365147083	0.04420264804355711	53.0,331.0,286.0,399.0	51.0,83.0,68.0,83.0
000051	100	4	TP	0.8244918195339613	0.0	4.525751226114952	0.0316332848040943	56.0,321.0,288.0,389.0	51.0,100.0,68.0,100.0
000051	116	5	TP	0.8229502631132236	0.0	5.051956914818265	0.016584493059540312	67.0,308.0,297.0,375.0	51.0,116.0,68.0,116.0
000051	138	6	TP	0.816396242527754	0.0	3.82075982688482	0.06792041536377792	80.0,283.0,309.0,349.0	51.0,138.0,68.0,138.0
000051	169	7	TP	0.8107512294386976	0.0	4.72767485340484	0.040124056623709346	80.0,286.0,310.0,353.0	51.0,169.0,68.0,169.0
000051	240	8	TP	0.8021859881741623	0.0	3.5799418512665695	0.062415459221837846	104.0,300.0,328.0,363.0	51.0,240.0,68.0,240.0
000051	407	9	TP	0.7886727027547679	0.0	3.0828435175928663	0.061636737796573124	89.0,274.0,304.0,343.0	51.0,407.0,68.0,407.0
000051	515	10	TP	0.7632323232323233	0.0	4.934812304519007	0.06913001850686197	100.0,285.0,308.0,355.0	51.0,515.0,68.0,515.0
000051	520	11	TP	0.7599351175993512	0.0	5.31405248731918	0.03693592067477389	104.0,282.0,313.0,354.0	51.0,520.0,68.0,520.0
000051	532	12	TP	0.7557174660999798	0.0	4.461926634083305	0.04539566403495779	106.0,283.0,314.0,356.0	51.0,532.0,68.0,532.0
000051	546	13	TP	0.7637396065706753	0.0	5.900713147737	0.051825476192251314	115.0,280.0,322.0,355.0	51.0,546.0,68.0,546.0
000051	553	14	TP	0.7578648264664096	0.0	5.440560091054765	0.024107838057879347	110.0,282.0,317.0,357.0	51.0,553.0,68.0,553.0
000051	571	15	TP	0.7519130084575111	0.0	6.698281806766154	0.04631128185013361	112.0,286.0,319.0,363.0	51.0,571.0,68.0,571.0
000051	582	16	TP	0.7599357687675632	0.0	3.623309963358985	0.05189164118933101	112.0,305.0,319.0,383.0	51.0,582.0,68.0,582.0
000051	601	17	TP	0.7537567621719095	0.0	6.610121121718271	0.0758069796138789	115.0,294.0,321.0,376.0	51.0,601.0,68.0,601.0
000051	611	18	TP	0.7550129045066508	0.0	5.489340619741345	0.11683805154679033	112.0,290.0,319.0,373.0	51.0,611.0,68.0,611.0
000051	618	19	TP	0.7405576428712676	0.0	2.7770703039371454	0.10616598590038574	108.0,282.0,315.0,366.0	51.0,618.0,68.0,618.0
000051	636	20	TP	0.7483983692486895	0.0	3.2600453112830943	0.08597911667738237	110.0,291.0,318.0,378.0	51.0,636.0,68.0,636.0
000051	637	21	TP	0.7566569484936831	0.0	5.544686412872567	0.06094630673116711	111.0,291.0,319.0,379.0	51.0,637.0,68.0,637.0
000051	649	22	TP	0.752991123118487	0.0	111.36956410637741	0.08411194775150828	95.0,283.0,303.0,372.0	51.0,649.0,68.0,649.0
000051	654	23	TP	0.7463292117465224	0.0	4.067481714207417	0.08966061050850195	97.0,284.0,305.0,372.0	51.0,654.0,68.0,654.0
000051	669	24	TP	0.7450229709035222	0.0	17.04454116690045	0.2807917336532809	99.0,293.0,308.0,383.0	51.0,669.0,68.0,669.0
000051	672	25	TP	0.74429748897834	0.0	4.743069712683168	0.13015159641019913	103.0,294.0,312.0,384.0	51.0,672.0,68.0,672.0
000051	675	26	TP	0.7425023877745941	0.0	6.0646562751058015	0.09176597841330189	106.0,290.0,314.0,381.0	51.0,675.0,68.0,675.0
000051	681	27	TP	0.7445269369883876	0.0	8.395946427243665	0.1198437768082747	106.0,290.0,315.0,381.0	51.0,681.0,68.0,681.0
000051	685	28	TP	0.7417582417582418	0.0	7.299097950647215	0.13134507101606957	103.0,290.0,313.0,381.0	51.0,685.0,68.0,685.0
000051	694	29	TP	0.7362055933484505	0.0	6.66493672762263	0.15934873354513696	98.0,291.0,308.0,382.0	51.0,694.0,68.0,694.0
000051	698	30	TP	0.7426900584795322	0.0	5.555924254013318	0.10516987923151967	97.0,286.0,308.0,377.0	51.0,698.0,68.0,698.0
000051	780	31	TP	0.7303983991267964	0.0	7.41301624147532	0.055621113774422	84.0,285.0,297.0,379.0	51.0,780.0,68.0,780.0
000051	946	32	TP	0.7091660923501034	0.0	4.201644747596778	0.08703472558247433	88.0,268.0,303.0,369.0	51.0,946.0,68.0,946.0
000051	1038	33	TP	0.6713334471572477	0.0	5.946337565792492	0.08004949164703544	99.0,270.0,313.0,371.0	51.0,1038.0,68.0,1038.0
000051	1045	34	TP	0.6699112021857924	0.0	4.793069485099697	0.04869567554159538	97.0,270.0,312.0,371.0	51.0,1045.0,68.0,1045.0
000051	1057	35	TP	0.6549777625726992	0.0	5.284425945536614	0.04590109158484705	98.0,262.0,312.0,362.0	51.0,1057.0,68.0,1057.0
000051	1063	36	TP	0.642038652300325	0.0	124.95626136747647	0.13222955660982236	98.0,263.0,312.0,363.0	51.0,1063.0,68.0,1063.0
000051	1076	37	TP	0.6488510638297872	0.0	125.9142033853407	0.12262686868819582	100.0,278.0,315.0,377.0	51.0,1076.0,68.0,1076.0
000051	1080	38	TP	0.6407420013614704	0.0	10.2434729250962	0.24991838188269977	99.0,274.0,314.0,373.0	51.0,1080.0,68.0,1080.0
000051	1091	39	TP	0.6345333560825798	0.0	131.01272597449935	0.07181490186193187	84.0,270.0,300.0,366.0	51.0,1091.0,68.0,1091.0
000051	1092	40	TP	0.6352297966854604	0.0	126.61875180856522	0.052566930546389674	84.0,268.0,300.0,364.0	51.0,1092.0,68.0,1092.0
000051	1110	41	TP	0.6178474114441417	0.0	123.73199280531256	0.10730355945144283	73.0,264.0,288.0,361.0	51.0,1110.0,68.0,1110.0
000051	1111	42	TP	0.6239126726931605	0.0	5.7465759529499465	0.03952439031314271	73.0,263.0,288.0,360.0	51.0,1111.0,68.0,1111.0
000051	1149	43	TP	0.6176016469377251	0.0	3.1254615186904444	0.06757196542255374	65.0,253.0,278.0,351.0	51.0,1149.0,68.0,1149.0
000051	1150	44	TP	0.6130360205831904	0.0	130.95403814319485	0.07925160776388011	65.0,253.0,278.0,351.0	51.0,1150.0,68.0,1150.0
000051	1160	45	TP	0.617105489588711	0.0	5.509029306111238	0.12978600597338533	63.0,251.0,275.0,350.0	51.0,1160.0,68.0,1160.0
000051	1182	46	TP	0.5908618899273105	0.0	120.67415292979959	0.25107728517493116	89.0,259.0,300.0,356.0	51.0,1182.0,68.0,1182.0
000051	1220	47	TP	0.6076829480271163	0.0	14.345725119774453	0.14325037985556716	88.0,274.0,297.0,372.0	51.0,1220.0,68.0,1220.0
000051	1528	48	TP	0.5488088841124843	0.0	16.349049482162037	0.025007240577530853	78.0,257.0,276.0,356.0	51.0,1528.0,68.0,1528.0
000051	1536	49	TP	0.5451154529307283	0.0	119.99149792675077	0.5859566766287299	78.0,258.0,276.0,357.0	51.0,1536.0,68.0,1536.0
000051	1545	50	TP	0.5847442834700646	0.0	7.230454948349685	0.11740121582882308	80.0,272.0,280.0,372.0	51.0,1545.0,68.0,1545.0
000051	1566	51	TP	0.5759504558747635	0.0	16.002267711222036	0.10622562189692115	87.0,265.0,285.0,369.0	51.0,1566.0,68.0,1566.0
000051	1571	52	TP	0.5837042108866827	0.0	5.558146630165121	0.02683449484034973	88.0,267.0,287.0,372.0	51.0,1571.0,68.0,1571.0
000051	1584	53	TP	0.5728583545377438	0.0	4.580435194333822	0.09138640862373008	90.0,258.0,289.0,365.0	51.0,1584.0,68.0,1584.0
000051	1588	54	TP	0.5714285714285714	0.0	29.634713070821334	0.27225317231278373	88.0,250.0,288.0,357.0	51.0,1588.0,68.0,1588.0
000051	1603	55	TP	0.5731747604889329	0.0	12.022363389671229	0.2097697717762039	99.0,231.0,299.0,342.0	51.0,1603.0,68.0,1603.0
000051	1611	56	TP	0.5731013172873638	0.0	120.32710571973816	0.1763678781934904	90.0,224.0,292.0,337.0	51.0,1611.0,68.0,1611.0
000051	1617	57	TP	0.5777849427696276	0.0	33.63102396519146	0.273858955405068	87.0,220.0,289.0,334.0	51.0,1617.0,68.0,1617.0
000051	1628	58	TP	0.6032912605847579	0.0	107.49796443977388	0.23532506760737276	101.0,232.0,303.0,348.0	51.0,1628.0,68.0,1628.0
000051	1629	59	TP	0.5973839527835381	0.0	19.1988662862273	0.20457801735883782	101.0,233.0,304.0,350.0	51.0,1629.0,68.0,1629.0
000051	1645	60	TP	0.6068052930056711	0.0	8.743136931985395	0.10692794485276423	112.0,233.0,316.0,351.0	51.0,1645.0,68.0,1645.0
000051	1650	61	TP	0.6085598250546704	0.0	20.442916958765313	0.18548519049985004	114.0,231.0,318.0,350.0	51.0,1650.0,68.0,1650.0
000051	1673	62	TP	0.6011658229789845	0.0	5.42176208642658	0.10813141489537975	145.0,233.0,353.0,353.0	51.0,1673.0,68.0,1673.0
000051	1674	63	TP	0.6167894413750767	0.0	12.765949637471738	0.17772923460226936	149.0,234.0,356.0,354.0	51.0,1674.0,68.0,1674.0
000051	1687	64	TP	0.5987366521281395	0.0	7.6768455612629865	0.11233462180608504	147.0,229.0,357.0,351.0	51.0,1687.0,68.0,1687.0
000051	1693	65	TP	0.6177963571215288	0.0	7.92472903844928	0.1005703768227399	148.0,232.0,358.0,355.0	51.0,1693.0,68.0,1693.0
000051	1698	66	TP	0.6147906147906148	0.0	11.811024571294423	0.13311702210094908	148.0,234.0,358.0,358.0	51.0,1698.0,68.0,1698.0
000051	1699	67	TP	0.6070953436807095	0.0	7.469951297200198	0.08266338303694112	148.0,235.0,359.0,359.0	51.0,1699.0,68.0,1699.0
000051	1700	68	TP	0.6080141948839273	0.0	9.263455692698166	0.06889641997002434	148.0,236.0,358.0,361.0	51.0,1700.0,68.0,1700.0
000051	1708	69	TP	0.6033226464587583	0.0	11.888855968800494	0.16575549534563655	151.0,232.0,363.0,357.0	51.0,1708.0,68.0,1708.0
000051	1709	70	TP	0.6142545454545455	0.0	8.833289157891587	0.1211223004760689	151.0,231.0,363.0,356.0	51.0,1709.0,68.0,1709.0
000051	1715	71	TP	0.6105096001154902	0.0	118.3993234059253	0.14404270404789077	149.0,233.0,362.0,359.0	51.0,1715.0,68.0,1715.0
000051	1717	72	TP	0.6115367934075466	0.0	113.7433607522331	0.16947962461943664	147.0,234.0,360.0,361.0	51.0,1717.0,68.0,1717.0
000051	1729	73	TP	0.6184921763869132	0.0	9.604165477736538	0.09620562367929145	146.0,247.0,360.0,375.0	51.0,1729.0,68.0,1729.0
000051	1927	74	TP	0.6398309676021238	0.0	8.041125104386177	0.08734149576413341	13.0,244.0,274.0,375.0	51.0,1927.0,68.0,1927.0
