#  Index into NumPy file "pose_data_ycbv-9-epos.npz".
#  Created at  6:49PM EDT on Sep 11, 2023
#    DATASET:   ycbv
#    OBJECT:    9
#    ESTIMATOR: epos
#  The errors reported in this file have taken discrete and continuous object symmetries into account.
#  Bounding boxes are recorded in pixel coordinates as ((upper-left x, y), (lower-right x, y)) with the origin in the upper-left.
#
#  When a row is marked as a TP, it does not necessarily mean that the bounding boxes overlap.
#  For each ground-truth instance, the prediction best overlapping that instance belongs to that ground-truth.
#  All TPs are in the corresponding *.npz file.
#
#  When a row is marked as a FN, it means that there is a ground-truth but the predictor failed to make a prediction at all.
#  FNs are NOT recorded in the *.npz at all.
#
#  When a row is marked as a FP, it means the predictor hallucinated; there is no corresponding ground-truth instance.
#  FPs are NOT recorded in the *.npz at all.
#
#  Scene  <t>  Frame  <t>  Index  <t>  Error cat.  <t>  Visibility ratio  <t>  Score  <t>  R_err(degrees)  <t>  t_err(meters)  <t>  Gr.Tr.BBox  <t>  Pred.BBox
000049	1	0	TP	0.9451185214945761	0.0	3.640900285087504	0.027515851871065613	169.0,98.0,298.0,228.0	49.0,1.0,58.0,1.0
000049	36	1	TP	0.9436955449613678	0.0	3.8495916747099437	0.03003849246802269	167.0,110.0,296.0,238.0	49.0,36.0,58.0,36.0
000049	47	2	TP	0.9377994452382954	0.0	5.425033458243207	0.040589632683606276	165.0,118.0,294.0,243.0	49.0,47.0,58.0,47.0
000049	58	3	TP	0.9345385999485906	0.0	5.1978418019490595	0.02115568129962129	155.0,133.0,285.0,255.0	49.0,58.0,58.0,58.0
000049	65	4	TP	0.9307321350284963	0.0	4.772102784788323	0.016188392207480227	164.0,143.0,293.0,264.0	49.0,65.0,58.0,65.0
000049	73	5	TP	0.917207647843486	0.0	5.5727853001505725	0.006209154613886924	155.0,154.0,285.0,273.0	49.0,73.0,58.0,73.0
000049	91	6	TP	0.910431654676259	0.0	3.18477451514848	0.009818572684369347	150.0,155.0,280.0,272.0	49.0,91.0,58.0,91.0
000049	109	7	TP	0.8988927210019967	0.0	2.4122723737578107	0.00872534905617274	149.0,173.0,280.0,289.0	49.0,109.0,58.0,109.0
000049	125	8	TP	0.8878031125588128	0.0	2.6694163034138767	0.004598907083206075	128.0,180.0,258.0,298.0	49.0,125.0,58.0,125.0
000049	148	9	TP	0.8882746321890326	0.0	3.640843966455059	0.004433079933269293	132.0,159.0,262.0,278.0	49.0,148.0,58.0,148.0
000049	231	10	TP	0.8451618487104033	0.0	3.328837007134036	0.013741136818244829	141.0,154.0,266.0,281.0	49.0,231.0,58.0,231.0
000049	357	11	TP	0.7014885699096225	0.0	113.48958005398336	0.12446919695206073	161.0,144.0,268.0,278.0	49.0,357.0,58.0,357.0
000049	521	12	TP	0.5897822603449902	0.0	5.415033874244824	0.01117970786255891	227.0,131.0,329.0,262.0	49.0,521.0,58.0,521.0
000049	526	13	TP	0.5899416085891882	0.0	119.90660225790178	0.12163134235293703	222.0,137.0,323.0,267.0	49.0,526.0,58.0,526.0
000049	537	14	TP	0.5755361548680964	0.0	177.90869398821695	0.1018534740056298	222.0,142.0,323.0,272.0	49.0,537.0,58.0,537.0
000049	542	15	TP	0.5715779467680608	0.0	3.744385464732476	0.017487278689446023	223.0,143.0,324.0,273.0	49.0,542.0,58.0,542.0
000049	552	16	TP	0.563315864697475	0.0	173.1459797328028	0.04873011133580704	230.0,142.0,330.0,272.0	49.0,552.0,58.0,552.0
000049	558	17	TP	0.559208639969416	0.0	4.626673866929798	0.005182831238955768	230.0,148.0,330.0,277.0	49.0,558.0,58.0,558.0
000049	564	18	TP	0.5519854210627277	0.0	5.992017364822669	0.005882679159215766	229.0,148.0,329.0,277.0	49.0,564.0,58.0,564.0
000049	570	19	TP	0.5486131106632114	0.0	5.653946916628617	0.008691498215820338	227.0,145.0,327.0,275.0	49.0,570.0,58.0,570.0
000049	576	20	TP	0.550826287471176	0.0	5.170790758615409	0.01754995166348687	231.0,145.0,330.0,275.0	49.0,576.0,58.0,576.0
000049	591	21	TP	0.5431109394612339	0.0	4.797904370057103	0.008737305612372945	230.0,151.0,329.0,280.0	49.0,591.0,58.0,591.0
000049	594	22	TP	0.5286790266512167	0.0	178.47051590434896	0.15890904299299907	237.0,153.0,335.0,282.0	49.0,594.0,58.0,594.0
000049	617	23	TP	0.5153208710734245	0.0	179.51795508245633	0.10826768950839585	231.0,156.0,330.0,285.0	49.0,617.0,58.0,617.0
000049	629	24	TP	0.5111753371868979	0.0	173.96481274452213	0.06294577219850876	223.0,151.0,321.0,281.0	49.0,629.0,58.0,629.0
000049	631	25	TP	0.518809980806142	0.0	4.575399648806878	0.04378222756381997	220.0,152.0,319.0,282.0	49.0,631.0,58.0,631.0
000049	651	26	TP	0.48369040725728624	0.0	179.8907847154922	0.10676475353246195	222.0,160.0,320.0,290.0	49.0,651.0,58.0,651.0
000049	669	27	TP	0.49718806596130016	0.0	171.4093876241088	0.07824613600421695	221.0,152.0,320.0,282.0	49.0,669.0,58.0,669.0
000049	762	28	TP	0.4328966521106259	0.0	178.48887449504693	0.08688127830716455	229.0,169.0,325.0,298.0	49.0,762.0,58.0,762.0
000049	1024	29	TP	0.4019236672464954	0.0	173.6339631716087	0.40872655746001907	247.0,162.0,338.0,290.0	49.0,1024.0,58.0,1024.0
000049	1036	30	TP	0.3845916478090928	0.0	179.38053798015775	0.08637548479327353	238.0,170.0,328.0,297.0	49.0,1036.0,58.0,1036.0
000049	1052	31	TP	0.4303472364906513	0.0	158.50119226322738	0.12249953994588203	232.0,169.0,323.0,297.0	49.0,1052.0,58.0,1052.0
000049	1067	32	TP	0.406011941527692	0.0	168.3502172727733	0.09264496990462948	222.0,173.0,313.0,300.0	49.0,1067.0,58.0,1067.0
000049	1095	33	TP	0.4047545219638243	0.0	178.2733724356592	0.10431394309798174	209.0,170.0,299.0,297.0	49.0,1095.0,58.0,1095.0
000049	1102	34	TP	0.4219203649937785	0.0	174.90827604191912	0.10712803256520533	207.0,171.0,296.0,298.0	49.0,1102.0,58.0,1102.0
000049	1130	35	TP	0.4092835728315931	0.0	171.74596252286992	0.12099557991763685	210.0,172.0,300.0,300.0	49.0,1130.0,58.0,1130.0
000049	1144	36	TP	0.37511539645091807	0.0	175.26645508732412	0.10622684136643773	215.0,174.0,305.0,303.0	49.0,1144.0,58.0,1144.0
000049	1150	37	TP	0.3646142813236349	0.0	171.58514343821923	0.002889944597073723	214.0,177.0,304.0,306.0	49.0,1150.0,58.0,1150.0
000049	1157	38	TP	0.3891439649015407	0.0	170.63827920780093	0.04926893140327917	210.0,179.0,300.0,308.0	49.0,1157.0,58.0,1157.0
000049	1168	39	TP	0.3444932122078187	0.0	179.11307204317575	33.488612981985284	205.0,190.0,294.0,319.0	49.0,1168.0,58.0,1168.0
000049	1172	40	TP	0.34973458554512044	0.0	178.4273156858197	0.08640928669020889	202.0,188.0,291.0,318.0	49.0,1172.0,58.0,1172.0
000049	1179	41	TP	0.3415059499384489	0.0	178.65078888418896	0.08368751290575364	204.0,190.0,293.0,320.0	49.0,1179.0,58.0,1179.0
000049	1269	42	TP	0.3603928643014632	0.0	176.15040834698874	0.08920964214066633	214.0,168.0,302.0,303.0	49.0,1269.0,58.0,1269.0
000049	1491	43	TP	0.37363257020412766	0.0	177.33880614629922	0.11408961674992239	249.0,176.0,325.0,309.0	49.0,1491.0,58.0,1491.0
000049	1554	44	TP	0.37257824143070045	0.0	174.00283291067655	0.11757466341268023	255.0,158.0,329.0,291.0	49.0,1554.0,58.0,1554.0
000049	1557	45	TP	0.38479183392590893	0.0	177.0492784841483	0.08592811557854237	248.0,151.0,322.0,285.0	49.0,1557.0,58.0,1557.0
000049	1565	46	TP	0.38210818307905686	0.0	176.60281196648813	0.12251284781915968	240.0,143.0,313.0,276.0	49.0,1565.0,58.0,1565.0
000049	1568	47	TP	0.4042380731820287	0.0	175.6703716985811	0.11191184391864469	234.0,140.0,308.0,274.0	49.0,1568.0,58.0,1568.0
000049	1575	48	TP	0.4028264424199953	0.0	175.50213269581974	0.11073637226673151	227.0,142.0,300.0,276.0	49.0,1575.0,58.0,1575.0
000049	1582	49	TP	0.393356027702782	0.0	176.57288220516517	0.11882555497153399	231.0,148.0,303.0,281.0	49.0,1582.0,58.0,1582.0
000049	1587	50	TP	0.37919660737424904	0.0	179.37246378351742	0.08707797049923917	233.0,150.0,305.0,284.0	49.0,1587.0,58.0,1587.0
000049	1592	51	TP	0.40913921360255046	0.0	172.40032679039433	64.08229948408612	234.0,150.0,306.0,283.0	49.0,1592.0,58.0,1592.0
000049	1595	52	TP	0.39196396823515467	0.0	175.77905367309643	0.09145159656535491	233.0,149.0,304.0,282.0	49.0,1595.0,58.0,1595.0
000049	1614	*	FN	0.3762843982520373	*	*	*	256.0,136.0,327.0,269.0	*
000049	1615	53	TP	0.39257858662254785	0.0	178.63524701745362	0.10027084377759451	256.0,135.0,327.0,269.0	49.0,1615.0,58.0,1615.0
000049	1618	54	TP	0.39473062381852553	0.0	174.4734557013628	99.91319722025165	257.0,136.0,328.0,269.0	49.0,1618.0,58.0,1618.0
000049	1631	55	TP	0.4102321174798674	0.0	179.52658198090063	0.12323503181389776	257.0,142.0,328.0,275.0	49.0,1631.0,58.0,1631.0
000049	1641	56	TP	0.40550898203592817	0.0	177.7911657875376	0.10291225822508422	261.0,152.0,332.0,285.0	49.0,1641.0,58.0,1641.0
000049	1644	57	TP	0.39377179271371887	0.0	177.54799740301766	0.12228281407351012	263.0,155.0,334.0,288.0	49.0,1644.0,58.0,1644.0
000049	1655	58	TP	0.41143755289565953	0.0	179.8188052229452	0.09598265730461053	257.0,143.0,327.0,275.0	49.0,1655.0,58.0,1655.0
000049	1671	59	TP	0.4222463505851128	0.0	179.3860562444899	0.09829626914976769	263.0,149.0,333.0,281.0	49.0,1671.0,58.0,1671.0
000049	1677	60	TP	0.4221056484079541	0.0	179.56609564623176	0.10377165778751109	254.0,148.0,324.0,280.0	49.0,1677.0,58.0,1677.0
000049	1682	61	TP	0.4057846153846154	0.0	179.85710155156653	0.09762866749979146	242.0,146.0,312.0,277.0	49.0,1682.0,58.0,1682.0
000049	1688	62	TP	0.41399777420551503	0.0	177.94048825830012	0.09940128220142498	236.0,145.0,305.0,276.0	49.0,1688.0,58.0,1688.0
000049	1881	63	TP	0.5782521399133467	0.0	179.5144046333288	0.07031365805996213	256.0,142.0,336.0,281.0	49.0,1881.0,58.0,1881.0
000049	2061	64	TP	0.7006229036895064	0.0	178.87029260797536	0.06997106883919905	247.0,125.0,337.0,267.0	49.0,2061.0,58.0,2061.0
000049	2064	65	TP	0.6918142651986596	0.0	6.814225678505108	0.04990091798470853	247.0,125.0,337.0,266.0	49.0,2064.0,58.0,2064.0
000049	2089	66	TP	0.6944631033490068	0.0	6.2211195354677296	0.029541207350251418	247.0,129.0,337.0,269.0	49.0,2089.0,58.0,2089.0
000049	2097	67	TP	0.7148230301861317	0.0	5.775487744216629	0.023161419020057254	252.0,137.0,341.0,276.0	49.0,2097.0,58.0,2097.0
000049	2119	68	TP	0.7057874762808349	0.0	3.6778876859514487	0.04349186825541449	267.0,131.0,358.0,272.0	49.0,2119.0,58.0,2119.0
000049	2123	69	TP	0.7229935336629897	0.0	3.9447871140096336	0.028674538341058646	267.0,132.0,357.0,272.0	49.0,2123.0,58.0,2123.0
000049	2146	70	TP	0.7189261488487628	0.0	3.972277035534043	0.03796267364829653	265.0,134.0,355.0,273.0	49.0,2146.0,58.0,2146.0
000049	2151	71	TP	0.7437929717341482	0.0	4.58320868363041	0.03942356958096644	257.0,130.0,348.0,269.0	49.0,2151.0,58.0,2151.0
000049	2173	72	TP	0.7747773356073526	0.0	5.198184323910244	0.0464830943555912	260.0,122.0,352.0,261.0	49.0,2173.0,58.0,2173.0
000049	2196	73	TP	0.8128752193590099	0.0	4.5918966284284295	0.0325555009001836	268.0,109.0,362.0,250.0	49.0,2196.0,58.0,2196.0
000053	1	74	TP	0.7956832434009042	0.0	8.33956289958893	0.006244296474669668	204.0,180.0,334.0,318.0	53.0,1.0,62.0,1.0
000053	14	75	TP	0.7827376645926784	0.0	7.221670274134155	0.01112463275819973	174.0,206.0,304.0,345.0	53.0,14.0,62.0,14.0
000053	33	76	TP	0.7763647860605635	0.0	13.833632119761138	0.04561009259281601	143.0,218.0,276.0,356.0	53.0,33.0,62.0,33.0
000053	43	77	TP	0.7627478753541076	0.0	12.570309606270987	0.03130814731798055	135.0,219.0,267.0,356.0	53.0,43.0,62.0,43.0
000053	52	78	TP	0.7539447731755424	0.0	7.347854479905419	0.020631600656484866	116.0,227.0,249.0,363.0	53.0,52.0,62.0,52.0
000053	61	79	TP	0.7372708757637475	0.0	15.261562513611118	0.08795732641989498	104.0,237.0,240.0,372.0	53.0,61.0,62.0,61.0
000053	75	80	TP	0.7269953884356155	0.0	8.428102578372107	0.014210085196573515	121.0,244.0,256.0,377.0	53.0,75.0,62.0,75.0
000053	84	81	TP	0.7168040943986352	0.0	167.56929318818482	0.01965483219160008	118.0,241.0,253.0,373.0	53.0,84.0,62.0,84.0
000053	93	82	TP	0.7102110667427267	0.0	8.465160317738118	0.02742719067818176	129.0,232.0,263.0,363.0	53.0,93.0,62.0,93.0
000053	103	83	TP	0.6933641752204713	0.0	174.93736964606288	0.05382679093495291	156.0,212.0,289.0,343.0	53.0,103.0,62.0,103.0
000053	111	84	TP	0.6995037945125511	0.0	31.708118080378597	0.18669159223616685	145.0,225.0,277.0,354.0	53.0,111.0,62.0,111.0
000053	118	85	TP	0.6952726196641267	0.0	123.43584769297874	0.07266164041196879	144.0,220.0,275.0,348.0	53.0,118.0,62.0,118.0
000053	123	86	TP	0.6990785826653682	0.0	10.427405053678536	0.02704027896057729	157.0,216.0,286.0,344.0	53.0,123.0,62.0,123.0
000053	126	87	TP	0.6840835406770716	0.0	35.90524023626671	0.033493156904813845	157.0,216.0,286.0,344.0	53.0,126.0,62.0,126.0
000053	131	88	TP	0.6704091048908029	0.0	23.02591510505222	0.015645750335258807	158.0,229.0,285.0,357.0	53.0,131.0,62.0,131.0
000053	135	89	TP	0.6705589288494473	0.0	110.24051359916889	0.07456361229995577	155.0,232.0,281.0,359.0	53.0,135.0,62.0,135.0
000053	138	90	TP	0.6883698985609814	0.0	30.299820573368997	0.02531612334173798	153.0,225.0,279.0,352.0	53.0,138.0,62.0,138.0
000053	139	91	TP	0.6860887415127112	0.0	37.741432650146145	0.0193408478277389	156.0,223.0,281.0,349.0	53.0,139.0,62.0,139.0
000053	142	92	TP	0.6985668789808918	0.0	42.59014696779582	0.09936874766459806	158.0,221.0,282.0,348.0	53.0,142.0,62.0,142.0
000053	145	93	TP	0.701256100488039	0.0	20.80131779444186	0.05350193904601351	148.0,222.0,271.0,350.0	53.0,145.0,62.0,145.0
000053	147	94	TP	0.7019415917843389	0.0	14.113321467369275	0.020688324637531997	144.0,222.0,267.0,349.0	53.0,147.0,62.0,147.0
000053	152	95	TP	0.7091585158839221	0.0	24.751082657887267	0.06454753471148036	132.0,220.0,253.0,348.0	53.0,152.0,62.0,152.0
000053	153	96	TP	0.7008997325119559	0.0	21.338701515838046	0.05468168149717331	130.0,220.0,252.0,347.0	53.0,153.0,62.0,153.0
000053	155	97	TP	0.6951784697942922	0.0	27.417568236961745	0.12971092303657858	129.0,220.0,250.0,347.0	53.0,155.0,62.0,155.0
000053	158	98	TP	0.7045677799607073	0.0	114.6537162023863	0.30487742251389044	131.0,221.0,252.0,348.0	53.0,158.0,62.0,158.0
000053	162	99	TP	0.7120237506185056	0.0	6.36297983180285	0.014932250493768387	133.0,219.0,253.0,346.0	53.0,162.0,62.0,162.0
000053	164	100	TP	0.7099388126343642	0.0	8.80523716896029	0.005818856218441166	133.0,218.0,253.0,346.0	53.0,164.0,62.0,164.0
000053	165	101	TP	0.7190137348998842	0.0	9.18152557427741	0.0029305383799915273	133.0,218.0,253.0,346.0	53.0,165.0,62.0,165.0
000053	167	102	TP	0.7021417898057446	0.0	7.706742798025546	0.011049644549881039	134.0,217.0,254.0,345.0	53.0,167.0,62.0,167.0
000053	168	103	TP	0.7093506062115927	0.0	7.937537449273896	0.0041402305100252165	134.0,218.0,253.0,345.0	53.0,168.0,62.0,168.0
000053	171	104	TP	0.7028599933488526	0.0	6.157540838667775	0.01631071544372992	133.0,216.0,252.0,343.0	53.0,171.0,62.0,171.0
000053	176	105	TP	0.7074993771281455	0.0	178.51292610826948	0.1341697087700785	126.0,215.0,245.0,344.0	53.0,176.0,62.0,176.0
000053	179	106	TP	0.7053541735949451	0.0	106.0793706519267	0.2503826378020578	120.0,213.0,239.0,341.0	53.0,179.0,62.0,179.0
000053	247	107	TP	0.7477801976880549	0.0	7.3748446401617995	0.03567669956081407	120.0,219.0,237.0,351.0	53.0,247.0,62.0,247.0
000053	316	108	TP	0.8081607322938484	0.0	5.179112803790902	0.016428935526483637	187.0,199.0,307.0,339.0	53.0,316.0,62.0,316.0
000053	434	109	TP	0.8835272045028143	0.0	2.894014400250997	0.011536814084376224	50.0,182.0,169.0,329.0	53.0,434.0,62.0,434.0
000053	479	110	TP	0.9468400837988827	0.0	2.1255107232199233	0.030750738821785223	16.0,219.0,123.0,358.0	53.0,479.0,62.0,479.0
000053	513	111	TP	0.9794218989280244	0.0	2.314575816420418	0.04127758643876924	112.0,214.0,211.0,349.0	53.0,513.0,62.0,513.0
000053	519	112	TP	0.9905226611616778	0.0	2.725177530950955	0.030814927970140776	111.0,211.0,211.0,347.0	53.0,519.0,62.0,519.0
000053	523	113	TP	0.9927684034860004	0.0	1.831245740685238	0.027411609736435576	105.0,214.0,206.0,351.0	53.0,523.0,62.0,523.0
000053	526	114	TP	0.9954627949183303	0.0	1.7890057453758452	0.039568772522837886	102.0,209.0,203.0,347.0	53.0,526.0,62.0,526.0
000053	533	115	TP	1.0	0.0	2.924623377388234	0.0361856408906268	98.0,199.0,200.0,339.0	53.0,533.0,62.0,533.0
000053	534	116	TP	0.9971509971509972	0.0	2.024117490006474	0.03601197635590541	98.0,201.0,201.0,341.0	53.0,534.0,62.0,534.0
000053	538	117	TP	0.9955795243568208	0.0	2.182183656898824	0.035044114285375565	106.0,198.0,208.0,338.0	53.0,538.0,62.0,538.0
000053	539	118	TP	0.9984105960264901	0.0	1.9251897152971682	0.0297455710578066	108.0,195.0,210.0,335.0	53.0,539.0,62.0,539.0
000053	542	119	TP	0.9993856954804738	0.0	2.396926436991711	0.027737934163531815	106.0,201.0,209.0,342.0	53.0,542.0,62.0,542.0
000053	545	120	TP	0.9981716872714609	0.0	1.2240000575877625	0.02684769191074409	107.0,202.0,210.0,343.0	53.0,545.0,62.0,545.0
000053	547	121	TP	0.9968119937963122	0.0	1.8911274015482686	0.03531533637183042	108.0,198.0,211.0,341.0	53.0,547.0,62.0,547.0
000053	550	122	TP	0.9984582441113491	0.0	1.8802130232020804	0.04486503791010239	110.0,196.0,214.0,339.0	53.0,550.0,62.0,550.0
000053	551	123	TP	1.0	0.0	1.907198990392254	0.032683268339939946	116.0,193.0,220.0,337.0	53.0,551.0,62.0,551.0
000053	552	124	TP	0.9999151103565365	0.0	1.6820351808735963	0.037591853181391806	117.0,192.0,221.0,336.0	53.0,552.0,62.0,552.0
000053	555	125	TP	0.9999158957106813	0.0	1.9185880456062088	0.0250910089314595	119.0,194.0,223.0,339.0	53.0,555.0,62.0,555.0
000053	556	126	TP	0.9966468270601057	0.0	2.8593314816923874	0.028042842644232388	121.0,192.0,226.0,337.0	53.0,556.0,62.0,556.0
000053	567	127	TP	0.9978467908902692	0.0	2.4101081881122473	0.03859794808341736	124.0,180.0,229.0,326.0	53.0,567.0,62.0,567.0
000053	569	128	TP	0.9987576610899453	0.0	2.222085515455147	0.03756101861603039	129.0,175.0,235.0,322.0	53.0,569.0,62.0,569.0
000053	576	129	TP	0.9990181639666176	0.0	2.317013168302446	0.033892092187386	125.0,174.0,230.0,321.0	53.0,576.0,62.0,576.0
000053	579	130	TP	1.0	0.0	2.4792712959602246	0.04121051623195352	122.0,180.0,227.0,327.0	53.0,579.0,62.0,579.0
000053	583	131	TP	1.0	0.0	2.889379939806822	0.03771861851092537	114.0,178.0,221.0,326.0	53.0,583.0,62.0,583.0
000053	587	132	TP	1.0	0.0	1.9324335062075837	0.0329648764028564	109.0,175.0,216.0,323.0	53.0,587.0,62.0,587.0
000053	591	133	TP	1.0	0.0	2.091928843873692	0.06418810432156108	98.0,174.0,207.0,323.0	53.0,591.0,62.0,591.0
000053	592	134	TP	1.0	0.0	2.813619402178124	0.03869049304333699	92.0,177.0,201.0,326.0	53.0,592.0,62.0,592.0
000053	602	135	TP	0.9982520260607024	0.0	2.5960903247557066	0.03746537975368658	77.0,180.0,187.0,330.0	53.0,602.0,62.0,602.0
000053	604	136	TP	1.0	0.0	2.26546339450809	0.0404549688913901	83.0,183.0,192.0,332.0	53.0,604.0,62.0,604.0
000053	610	137	TP	0.9997593068035944	0.0	2.301150359939726	0.024312624633142772	94.0,179.0,202.0,329.0	53.0,610.0,62.0,610.0
000053	616	138	TP	1.0	0.0	1.6645508530689448	0.029214664831924902	100.0,183.0,208.0,333.0	53.0,616.0,62.0,616.0
000053	628	139	TP	0.9996800511918094	0.0	2.761519894112315	0.033028244543546886	106.0,182.0,215.0,332.0	53.0,628.0,62.0,628.0
000053	638	140	TP	0.9997591328783622	0.0	3.3660259557991052	0.029574293267052378	128.0,190.0,237.0,341.0	53.0,638.0,62.0,638.0
000053	647	141	TP	0.9995178011733504	0.0	3.3861503570034426	0.023327795345325794	143.0,200.0,253.0,350.0	53.0,647.0,62.0,647.0
000053	655	142	TP	0.9974524321311997	0.0	4.177300211503469	0.035992978460332566	135.0,207.0,245.0,359.0	53.0,655.0,62.0,655.0
000053	665	143	TP	0.9999208234362629	0.0	2.9249675197966387	0.04780452760165887	134.0,186.0,245.0,338.0	53.0,665.0,62.0,665.0
000053	677	144	TP	0.9990515333544103	0.0	4.777411220486989	0.04342046670824753	122.0,196.0,235.0,348.0	53.0,677.0,62.0,677.0
000053	686	145	TP	0.9997650191900995	0.0	2.2851519990200675	0.02438174537028466	108.0,210.0,221.0,363.0	53.0,686.0,62.0,686.0
000053	687	146	TP	1.0	0.0	6.183566254642368	0.008710228685877952	102.0,218.0,215.0,372.0	53.0,687.0,62.0,687.0
000053	692	147	TP	0.9999224325162892	0.0	14.007256667934302	0.014023559810598938	93.0,222.0,206.0,376.0	53.0,692.0,62.0,692.0
000053	716	148	TP	0.9976111582029745	0.0	8.324270885460907	0.011036051589154222	80.0,201.0,196.0,356.0	53.0,716.0,62.0,716.0
000059	1	*	FN	0.4721034518719366	*	*	*	195.0,230.0,277.0,371.0	*
000059	29	149	TP	0.44878301398239256	0.0	161.38578056302836	0.23917567911790458	194.0,225.0,277.0,366.0	59.0,29.0,68.0,29.0
000059	37	*	FN	0.4745987938260247	*	*	*	174.0,228.0,259.0,369.0	*
000059	55	150	TP	0.49755805840725603	0.0	172.84158289744246	0.039346129181117115	200.0,240.0,286.0,383.0	59.0,55.0,68.0,55.0
000059	61	151	TP	0.5056801631226333	0.0	179.3343742585272	0.0960789028208983	185.0,228.0,272.0,372.0	59.0,61.0,68.0,61.0
000059	68	152	TP	0.4591739626950895	0.0	175.80824123417696	0.13680232719256522	170.0,218.0,259.0,363.0	59.0,68.0,68.0,68.0
000059	80	153	TP	0.5203422053231939	0.0	171.43656029267373	0.07973292922472631	181.0,216.0,270.0,361.0	59.0,80.0,68.0,80.0
000059	88	*	FN	0.4464709793863399	*	*	*	180.0,212.0,271.0,356.0	*
000059	99	154	TP	0.5093167701863354	0.0	175.75724205515564	0.10420792868592865	215.0,175.0,305.0,317.0	59.0,99.0,68.0,99.0
000059	114	155	TP	0.5226453686568618	0.0	174.46665146352595	0.07291765181057706	206.0,190.0,297.0,331.0	59.0,114.0,68.0,114.0
000059	120	156	TP	0.5144963144963145	0.0	130.82959524145585	0.1737069498201782	205.0,202.0,295.0,342.0	59.0,120.0,68.0,120.0
000059	126	157	TP	0.5098602715290853	0.0	168.89344998740452	0.07024655658120542	200.0,200.0,290.0,340.0	59.0,126.0,68.0,126.0
000059	127	158	TP	0.5086446740858506	0.0	173.7630208738006	0.04738192745933186	199.0,199.0,289.0,338.0	59.0,127.0,68.0,127.0
000059	132	159	TP	0.5170278637770898	0.0	178.4556688762205	0.2490801598931724	192.0,193.0,282.0,331.0	59.0,132.0,68.0,132.0
000059	164	160	TP	0.5924768389329166	0.0	131.45947573383026	0.19682846893643371	195.0,177.0,283.0,304.0	59.0,164.0,68.0,164.0
000059	242	161	TP	0.6638150524493329	0.0	9.566387060025408	0.14800265946153102	303.0,241.0,401.0,371.0	59.0,242.0,68.0,242.0
000059	274	162	TP	0.7449559255631734	0.0	1.2730926984681108	0.02280011000315898	311.0,239.0,414.0,366.0	59.0,274.0,68.0,274.0
000059	320	163	TP	0.8361670670855664	0.0	5.281771432894728	0.024830053827111436	301.0,232.0,410.0,358.0	59.0,320.0,68.0,320.0
000059	422	164	TP	0.8808337109198007	0.0	3.574552313031266	0.036035543377662814	355.0,214.0,478.0,351.0	59.0,422.0,68.0,422.0
000059	455	165	TP	0.9365640011302628	0.0	3.342815397272417	0.025487921836816457	313.0,213.0,442.0,351.0	59.0,455.0,68.0,455.0
000059	492	166	TP	0.9910449866027359	0.0	4.070581095490127	0.013186403694720742	312.0,225.0,442.0,359.0	59.0,492.0,68.0,492.0
000059	510	167	TP	0.999930425102623	0.0	5.764501561908717	0.004898087429981656	292.0,234.0,422.0,367.0	59.0,510.0,68.0,510.0
000059	514	168	TP	0.994757174392936	0.0	5.280037078591601	0.0032887592255343213	288.0,228.0,419.0,361.0	59.0,514.0,68.0,514.0
000059	515	169	TP	0.9995870044052864	0.0	5.617951042311837	0.003873003082363299	290.0,227.0,422.0,360.0	59.0,515.0,68.0,515.0
000059	523	170	TP	0.997679022458871	0.0	5.093867514666365	0.003516500189212361	294.0,226.0,426.0,358.0	59.0,523.0,68.0,523.0
000059	525	171	TP	0.9979519388312398	0.0	6.13861196665618	0.0011709012406697498	296.0,230.0,428.0,363.0	59.0,525.0,68.0,525.0
000059	530	172	TP	0.9976802892815719	0.0	6.07619177644239	0.00679591481368001	292.0,234.0,424.0,366.0	59.0,530.0,68.0,530.0
000059	535	173	TP	0.9997947033463355	0.0	6.156445586571596	0.008469760284043826	284.0,235.0,416.0,367.0	59.0,535.0,68.0,535.0
000059	545	174	TP	1.0	0.0	6.920241056931147	0.009291151274617803	309.0,234.0,440.0,365.0	59.0,545.0,68.0,545.0
000059	561	175	TP	0.999793217535153	0.0	4.414711468824135	0.001522006430608605	303.0,214.0,434.0,345.0	59.0,561.0,68.0,561.0
000059	567	176	TP	0.9989145183175034	0.0	5.198842734132651	0.0018329136406789396	311.0,208.0,444.0,341.0	59.0,567.0,68.0,567.0
000059	615	177	TP	0.9999327821469383	0.0	4.717224277215484	0.002504550425859403	330.0,196.0,463.0,328.0	59.0,615.0,68.0,615.0
000059	629	178	TP	0.9998645261803156	0.0	7.172917992412551	0.004773274064074318	314.0,197.0,446.0,329.0	59.0,629.0,68.0,629.0
000059	636	179	TP	0.9993206060194306	0.0	5.611721297626599	0.011431512752976922	301.0,200.0,433.0,332.0	59.0,636.0,68.0,636.0
000059	637	180	TP	0.9981647634584013	0.0	4.578116170877425	0.0008859675959890551	300.0,199.0,433.0,332.0	59.0,637.0,68.0,637.0
000059	648	181	TP	0.9983723296032554	0.0	5.3523282441788576	0.003934844768567067	291.0,199.0,423.0,331.0	59.0,648.0,68.0,648.0
000059	710	182	TP	0.998241460940142	0.0	6.691346437566954	0.011952917968010035	284.0,214.0,416.0,342.0	59.0,710.0,68.0,710.0
000059	801	183	TP	0.9997963063552417	0.0	6.1488708981941	0.006833702224394346	264.0,221.0,395.0,344.0	59.0,801.0,68.0,801.0
000059	908	184	TP	1.0	0.0	7.200373124816696	0.002808207327704102	245.0,194.0,380.0,323.0	59.0,908.0,68.0,908.0
000059	1026	185	TP	1.0	0.0	9.158229658077758	0.006139247692340759	246.0,207.0,378.0,333.0	59.0,1026.0,68.0,1026.0
000059	1027	186	TP	1.0	0.0	9.783570127809691	0.004921014607472974	241.0,207.0,373.0,333.0	59.0,1027.0,68.0,1027.0
000059	1032	187	TP	0.9990404386566141	0.0	9.030174847637047	0.012115390417470175	224.0,208.0,356.0,334.0	59.0,1032.0,68.0,1032.0
000059	1034	188	TP	0.9977955359603197	0.0	8.168074140664567	0.0008954184466025451	224.0,210.0,356.0,335.0	59.0,1034.0,68.0,1034.0
000059	1039	189	TP	0.9985326998323085	0.0	9.034672819013732	0.0006499602156303572	233.0,214.0,364.0,338.0	59.0,1039.0,68.0,1039.0
000059	1044	190	TP	1.0	0.0	9.136602775808923	0.007174395394815351	240.0,214.0,370.0,338.0	59.0,1044.0,68.0,1044.0
000059	1048	191	TP	1.0	0.0	9.139323025159998	0.002965766588672587	235.0,212.0,365.0,336.0	59.0,1048.0,68.0,1048.0
000059	1054	192	TP	0.9974612129760225	0.0	10.050008530804304	0.006097017405814969	226.0,213.0,356.0,337.0	59.0,1054.0,68.0,1054.0
000059	1060	193	TP	0.9995783555867884	0.0	9.261215148138598	0.0019582806237642457	218.0,209.0,348.0,333.0	59.0,1060.0,68.0,1060.0
000059	1063	194	TP	0.9985990473521995	0.0	9.532655666507639	0.0026314989333501007	218.0,208.0,348.0,332.0	59.0,1063.0,68.0,1063.0
000059	1064	195	TP	0.9994414187962575	0.0	10.326205430100119	0.014571367821011256	217.0,207.0,348.0,331.0	59.0,1064.0,68.0,1064.0
000059	1068	196	TP	1.0	0.0	6.919785512159646	0.0011024406363129087	214.0,209.0,345.0,334.0	59.0,1068.0,68.0,1068.0
000059	1070	197	TP	0.9960904775202457	0.0	8.498335093232777	0.0012592730907400257	215.0,213.0,346.0,339.0	59.0,1070.0,68.0,1070.0
000059	1071	198	TP	0.9998607339321774	0.0	8.20925955914719	0.008630895659866302	216.0,215.0,347.0,340.0	59.0,1071.0,68.0,1071.0
000059	1073	199	TP	0.9997909990246621	0.0	9.663344514646766	0.01362988697971903	214.0,216.0,344.0,341.0	59.0,1073.0,68.0,1073.0
000059	1074	200	TP	0.995336859688196	0.0	9.404995892240997	0.017022061413889573	211.0,214.0,342.0,339.0	59.0,1074.0,68.0,1074.0
000059	1075	201	TP	0.9998609469512619	0.0	9.982430765935229	0.006131473515360145	210.0,210.0,341.0,335.0	59.0,1075.0,68.0,1075.0
000059	1076	202	TP	0.9995146640782084	0.0	11.56245959962218	0.006592869191429868	207.0,206.0,338.0,331.0	59.0,1076.0,68.0,1076.0
000059	1078	203	TP	1.0	0.0	10.267980919827284	0.013271981962243995	201.0,201.0,332.0,327.0	59.0,1078.0,68.0,1078.0
000059	1081	204	TP	0.999931029726188	0.0	9.172817746454166	0.004985356838325052	197.0,196.0,328.0,322.0	59.0,1081.0,68.0,1081.0
000059	1090	205	TP	0.9998622020118506	0.0	9.293390449971206	0.013528046484687417	198.0,194.0,330.0,320.0	59.0,1090.0,68.0,1090.0
000059	1093	206	TP	1.0	0.0	9.523669436336649	0.009824721278041213	198.0,191.0,329.0,316.0	59.0,1093.0,68.0,1093.0
000059	1103	207	TP	0.9998610725201444	0.0	8.734492435874659	0.010105662396653444	219.0,201.0,350.0,327.0	59.0,1103.0,68.0,1103.0
000059	1110	208	TP	0.9997916232548447	0.0	10.820979295678015	0.019248361318415078	212.0,197.0,343.0,323.0	59.0,1110.0,68.0,1110.0
000059	1124	209	TP	0.9992227796226948	0.0	10.89211056258538	0.010083087435224847	238.0,211.0,367.0,338.0	59.0,1124.0,68.0,1124.0
000059	1129	210	TP	0.9999291483633272	0.0	9.213858473374646	0.02136381317481101	238.0,214.0,367.0,340.0	59.0,1129.0,68.0,1129.0
000059	1131	211	TP	0.9996460176991151	0.0	9.299074200359552	0.013197573263059419	235.0,215.0,365.0,342.0	59.0,1131.0,68.0,1131.0
000059	1132	212	TP	1.0	0.0	7.953162181536149	0.014694759055218646	234.0,216.0,364.0,343.0	59.0,1132.0,68.0,1132.0
000059	1148	213	TP	0.999504530011325	0.0	7.857076897798803	0.01361680718082039	240.0,217.0,370.0,345.0	59.0,1148.0,68.0,1148.0
000059	1152	214	TP	0.999858407079646	0.0	7.298295086017695	0.020124500977513265	244.0,217.0,374.0,344.0	59.0,1152.0,68.0,1152.0
000059	1251	215	TP	0.9935015554787417	0.0	8.888134262722957	0.019083649007594523	277.0,187.0,408.0,319.0	59.0,1251.0,68.0,1251.0
000059	1490	216	TP	0.9999381723754174	0.0	7.917288960942538	0.021881179166313148	308.0,161.0,447.0,306.0	59.0,1490.0,68.0,1490.0
000059	1539	217	TP	0.999286363046581	0.0	7.072173692782567	0.011744411286913628	270.0,178.0,404.0,322.0	59.0,1539.0,68.0,1539.0
000059	1541	218	TP	0.9999349847214095	0.0	8.633388523005145	0.025076064889014864	271.0,182.0,405.0,325.0	59.0,1541.0,68.0,1541.0
000059	1544	219	TP	0.9993480245142783	0.0	6.869457698918285	0.017805946130354473	275.0,186.0,409.0,329.0	59.0,1544.0,68.0,1544.0
000059	1546	220	TP	0.9999346917450366	0.0	9.09239552575029	0.015327155192580167	279.0,186.0,413.0,329.0	59.0,1546.0,68.0,1546.0
