#  Index into NumPy file "pose_data_tless-16-epos.npz".
#  Created at  6:44PM EDT on Sep 11, 2023
#    DATASET:   tless
#    OBJECT:    16
#    ESTIMATOR: epos
#  The errors reported in this file have taken discrete and continuous object symmetries into account.
#  Bounding boxes are recorded in pixel coordinates as ((upper-left x, y), (lower-right x, y)) with the origin in the upper-left.
#
#  When a row is marked as a TP, it does not necessarily mean that the bounding boxes overlap.
#  For each ground-truth instance, the prediction best overlapping that instance belongs to that ground-truth.
#  All TPs are in the corresponding *.npz file.
#
#  When a row is marked as a FN, it means that there is a ground-truth but the predictor failed to make a prediction at all.
#  FNs are NOT recorded in the *.npz at all.
#
#  When a row is marked as a FP, it means the predictor hallucinated; there is no corresponding ground-truth instance.
#  FPs are NOT recorded in the *.npz at all.
#
#  Scene  <t>  Frame  <t>  Index  <t>  Error cat.  <t>  Visibility ratio  <t>  Score  <t>  R_err(degrees)  <t>  t_err(meters)  <t>  Gr.Tr.BBox  <t>  Pred.BBox
000007	3	0	TP	0.8815764661512352	0.0	0.022772648133305772	0.02227564729192215	290.0,390.0,368.0,474.0	7.0,3.0,23.0,3.0
000007	13	1	TP	0.9423180592991913	0.0	0.05308098872006866	0.018856698006883298	174.0,307.0,257.0,393.0	7.0,13.0,23.0,13.0
000007	21	2	TP	0.9722976643128735	0.0	0.012721383177730451	0.016218116782081342	162.0,199.0,243.0,286.0	7.0,21.0,23.0,21.0
000007	30	3	TP	0.9841565703634669	0.0	0.03020012010550143	0.004931670253122177	235.0,103.0,310.0,191.0	7.0,30.0,23.0,30.0
000007	39	4	TP	0.9818799546998868	0.0	0.025317968194183027	0.006793528774871891	353.0,81.0,424.0,169.0	7.0,39.0,23.0,39.0
000007	54	5	TP	0.91734935372292	0.0	0.09176514320194089	0.023624449559849214	479.0,215.0,560.0,302.0	7.0,54.0,23.0,54.0
000007	62	6	TP	0.9083287771095316	0.0	0.073842112983227	0.02569842940398988	454.0,322.0,536.0,407.0	7.0,62.0,23.0,62.0
000007	67	7	TP	0.8569305091044221	0.0	0.03385411884315638	0.022587949638007813	402.0,371.0,483.0,455.0	7.0,67.0,23.0,67.0
000007	71	8	TP	0.8843755904024183	0.0	0.07475872807207808	0.008469908828463404	348.0,391.0,426.0,475.0	7.0,71.0,23.0,71.0
000007	81	9	TP	0.96019509125236	0.0	0.025551519527182362	0.01166844315248455	212.0,346.0,295.0,441.0	7.0,81.0,23.0,81.0
000007	87	10	TP	0.9687298517085751	0.0	0.02075437617743118	0.012522255969507892	163.0,280.0,247.0,374.0	7.0,87.0,23.0,87.0
000007	94	11	TP	0.9938503587290741	0.0	0.06158162520548767	0.017519830884999414	166.0,193.0,245.0,286.0	7.0,94.0,23.0,94.0
000007	102	12	TP	0.986353711790393	0.0	0.05358865661160861	0.004156254452482233	232.0,117.0,305.0,207.0	7.0,102.0,23.0,102.0
000007	112	13	TP	0.9785727594559344	0.0	0.034896768126778346	0.007633781195491726	358.0,94.0,428.0,184.0	7.0,112.0,23.0,112.0
000007	130	14	TP	0.954328897650731	0.0	0.0877449217812102	0.01681042476336128	478.0,259.0,560.0,353.0	7.0,130.0,23.0,130.0
000007	155	15	TP	0.9968286002594782	0.0	0.022878095172051305	0.00485291542572549	185.0,308.0,269.0,409.0	7.0,155.0,23.0,155.0
000007	166	16	TP	0.9829602405613097	0.0	0.020973763507595267	0.003043467052092667	170.0,191.0,248.0,284.0	7.0,166.0,23.0,166.0
000007	185	17	TP	0.9190871369294605	0.0	0.07887317924750167	0.01327602993152357	377.0,118.0,446.0,206.0	7.0,185.0,23.0,185.0
000007	198	18	TP	0.9801496908558412	0.0	0.042644716486907715	0.003143811923612256	479.0,216.0,558.0,311.0	7.0,198.0,23.0,198.0
000007	207	19	TP	0.9739846798670329	0.0	0.06052814825230139	0.005251976459465915	447.0,312.0,531.0,413.0	7.0,207.0,23.0,207.0
000007	219	20	TP	0.9882697947214076	0.0	0.04555997647242073	0.0034222579965423067	292.0,340.0,375.0,448.0	7.0,219.0,23.0,219.0
000007	229	21	TP	0.9957859249894648	0.0	0.026671760890023967	0.0073463216417352425	173.0,282.0,256.0,384.0	7.0,229.0,23.0,229.0
000007	239	22	TP	0.8459574468085106	0.0	0.04144943430819882	0.01221310901384963	175.0,194.0,251.0,285.0	7.0,239.0,23.0,239.0
000007	251	23	TP	0.8057482656095144	0.0	0.10347556506136968	0.03253319278274122	297.0,137.0,364.0,221.0	7.0,251.0,23.0,251.0
000007	270	24	TP	0.9916571241616228	0.0	0.023411064620114757	0.009029291646064752	477.0,216.0,555.0,309.0	7.0,270.0,23.0,270.0
000007	277	25	TP	0.9914052428018908	0.0	0.042206208202010244	0.010707793342377115	467.0,277.0,550.0,378.0	7.0,277.0,23.0,277.0
000007	285	26	TP	0.9872093023255814	0.0	0.06617382435443454	0.0016281219614824867	383.0,332.0,467.0,439.0	7.0,285.0,23.0,285.0
000007	289	27	TP	0.9945531072047537	0.0	0.037801783769641766	0.00508751861339897	314.0,316.0,399.0,423.0	7.0,289.0,23.0,289.0
000007	295	28	TP	0.9984567901234568	0.0	0.02879871580073145	0.011354815818109083	226.0,301.0,310.0,405.0	7.0,295.0,23.0,295.0
000007	306	29	TP	0.9539074960127591	0.0	0.04198264903668437	0.008863308785659517	161.0,232.0,238.0,324.0	7.0,306.0,23.0,306.0
000007	314	30	TP	0.7496186117467581	0.0	0.018528310014180243	0.01711608693697926	205.0,185.0,275.0,269.0	7.0,314.0,23.0,314.0
000007	328	31	TP	0.612107150390213	0.0	0.07810581930275187	0.016964071143785873	364.0,163.0,430.0,243.0	7.0,328.0,23.0,328.0
000007	342	32	TP	0.9408620113598396	0.0	0.04570661760583724	0.002869096661776964	478.0,225.0,555.0,315.0	7.0,342.0,23.0,342.0
000007	348	33	TP	0.993890909090909	0.0	0.04021752639773616	0.0062441800099371746	470.0,265.0,552.0,362.0	7.0,348.0,23.0,348.0
000007	354	34	TP	0.9897041574351623	0.0	0.05497672025644549	0.011712704419056403	417.0,300.0,502.0,404.0	7.0,354.0,23.0,354.0
000007	366	35	TP	0.9990871152842984	0.0	0.01373784941079377	0.010355552238103454	245.0,283.0,331.0,382.0	7.0,366.0,23.0,366.0
000007	378	36	TP	0.9632905055898549	0.0	0.025581784196388062	0.014052196443046174	162.0,235.0,238.0,321.0	7.0,378.0,23.0,378.0
000007	385	37	TP	0.40107591153616257	0.0	2.3808500530118324	0.8237724994897008	194.0,207.0,264.0,285.0	7.0,385.0,23.0,385.0
000007	393	38	TP	0.6426945835229859	0.0	2.513940691457882	0.3589003753810954	274.0,190.0,339.0,262.0	7.0,393.0,23.0,393.0
000007	399	39	TP	0.373725671918443	0.0	0.5430136114986386	0.3174390923397578	345.0,189.0,410.0,261.0	7.0,399.0,23.0,399.0
000007	413	40	TP	0.6985716935633464	0.0	0.4225098838731666	0.1937595118912526	473.0,224.0,546.0,305.0	7.0,413.0,23.0,413.0
000007	428	41	TP	0.9918345844857105	0.0	0.04510441553088575	0.015428763231102356	399.0,284.0,484.0,382.0	7.0,428.0,23.0,428.0
000007	435	42	TP	0.9876156583629894	0.0	0.13110816053155255	0.0459843274184097	297.0,260.0,383.0,347.0	7.0,435.0,23.0,435.0
000007	447	43	TP	0.9845360824742269	0.0	0.07932101910780956	0.037598502437250964	168.0,242.0,247.0,320.0	7.0,447.0,23.0,447.0
000007	450	44	TP	0.9964756074939715	0.0	0.43854531258133445	0.14102774537841556	164.0,236.0,240.0,311.0	7.0,450.0,23.0,450.0
000007	458	*	FN	0.15593607305936072	*	*	*	200.0,224.0,269.0,292.0	*
000007	468	45	TP	0.2864281956864808	0.0	0.37396737904176147	0.2950452629372387	305.0,219.0,369.0,281.0	7.0,468.0,23.0,468.0
000007	478	46	TP	0.31831610044313147	0.0	2.781106225216607	1.1284767866399084	416.0,225.0,482.0,290.0	7.0,478.0,23.0,478.0
000007	486	47	TP	0.48576111452571197	0.0	0.3214084292903018	0.27227731490381724	473.0,237.0,545.0,309.0	7.0,486.0,23.0,486.0
000007	493	48	TP	0.9709621993127148	0.0	0.03738174258529241	0.0038713606492057013	469.0,250.0,548.0,329.0	7.0,493.0,23.0,493.0
000016	8	49	TP	0.9673710904480135	0.0	0.03040531429670523	0.002201885986420615	359.0,161.0,437.0,253.0	16.0,8.0,32.0,8.0
000016	14	50	TP	0.9575686142448223	0.0	0.05145814598477597	0.011867680870129987	380.0,186.0,458.0,278.0	16.0,14.0,32.0,14.0
000016	20	51	TP	0.921709974853311	0.0	0.04976205983240225	0.011405048842269717	384.0,219.0,463.0,311.0	16.0,20.0,32.0,20.0
000016	31	52	TP	0.9258385302545087	0.0	0.08861223323754969	0.0011902092948609699	349.0,268.0,428.0,359.0	16.0,31.0,32.0,31.0
000016	35	53	TP	0.9286921257181481	0.0	0.07164292842125408	0.0021334774115113497	327.0,274.0,406.0,365.0	16.0,35.0,32.0,35.0
000016	48	54	TP	0.8947015425888666	0.0	0.04839678968117201	0.0056519924322016146	263.0,244.0,344.0,335.0	16.0,48.0,32.0,48.0
000016	55	55	TP	0.8889817756228056	0.0	0.021263886366767286	0.005005983531271497	253.0,207.0,334.0,299.0	16.0,55.0,32.0,55.0
000016	61	56	TP	0.9546979865771812	0.0	0.0474603299272796	0.004162196117276921	266.0,176.0,345.0,268.0	16.0,61.0,32.0,61.0
000016	68	57	TP	0.9609401420358471	0.0	0.05508281102978904	0.008985039895423812	297.0,153.0,375.0,245.0	16.0,68.0,32.0,68.0
000016	73	58	TP	0.9881562099871959	0.0	0.04573393865798928	0.005255161576471459	328.0,143.0,404.0,239.0	16.0,73.0,32.0,73.0
000016	86	59	TP	0.9751445990307956	0.0	0.06573457169612766	0.009648891379156489	381.0,179.0,459.0,276.0	16.0,86.0,32.0,86.0
000016	96	60	TP	0.9788721690226478	0.0	0.10582331246678955	0.008168595329856273	375.0,228.0,455.0,326.0	16.0,96.0,32.0,96.0
000016	117	61	TP	0.984875983061101	0.0	0.05125119375602123	0.004691072555396994	272.0,239.0,352.0,337.0	16.0,117.0,32.0,117.0
000016	126	62	TP	0.9723119520073835	0.0	0.021791951473612625	0.015296502604244854	255.0,197.0,335.0,295.0	16.0,126.0,32.0,126.0
000016	140	63	TP	0.9924968071519795	0.0	0.06756729014423267	0.0009723391909010416	301.0,145.0,377.0,241.0	16.0,140.0,32.0,140.0
000016	153	64	TP	0.9888024883359253	0.0	0.0432929849984042	0.010780071683863326	364.0,154.0,440.0,252.0	16.0,153.0,32.0,153.0
000016	161	65	TP	0.9786434050233118	0.0	0.07261596683738389	0.015003903175221493	384.0,184.0,461.0,283.0	16.0,161.0,32.0,161.0
000016	174	66	TP	0.988385269121813	0.0	0.06371281010293994	0.001454138877478184	354.0,232.0,434.0,334.0	16.0,174.0,32.0,174.0
000016	194	67	TP	0.9338651196519216	0.0	0.03471625067962017	0.02239751756448859	260.0,207.0,339.0,308.0	16.0,194.0,32.0,194.0
000016	200	68	TP	0.9444860092772707	0.0	0.09600779739462577	0.03202849148864812	257.0,182.0,335.0,281.0	16.0,200.0,32.0,200.0
000016	208	69	TP	0.9633824670287044	0.0	0.06701066300904306	0.013511450702821707	280.0,153.0,356.0,250.0	16.0,208.0,32.0,208.0
000016	219	70	TP	0.9265040650406504	0.0	0.0693053623611439	0.020951798177278966	334.0,145.0,408.0,239.0	16.0,219.0,32.0,219.0
000016	231	71	TP	0.9867119901112484	0.0	0.048503336695757675	0.02538488242254839	381.0,171.0,457.0,267.0	16.0,231.0,32.0,231.0
000016	238	72	TP	0.9922138974584986	0.0	0.046004833672335814	0.013208041071710778	382.0,194.0,460.0,293.0	16.0,238.0,32.0,238.0
000016	246	73	TP	0.9900462638441049	0.0	0.030940089787682673	0.017346953887815326	356.0,217.0,436.0,318.0	16.0,246.0,32.0,246.0
000016	255	74	TP	0.9768698060941828	0.0	0.006051904182151401	0.011076210209946995	307.0,223.0,387.0,325.0	16.0,255.0,32.0,255.0
000016	268	75	TP	0.8593155893536122	0.0	0.10116290394993065	0.0018285209519249234	259.0,192.0,337.0,291.0	16.0,268.0,32.0,268.0
000016	275	76	TP	0.8606042018095384	0.0	0.11600301928594595	0.046086125772193696	263.0,168.0,339.0,264.0	16.0,275.0,32.0,275.0
000016	287	77	TP	0.8989603638726446	0.0	0.06255627909575631	0.016341579980051292	313.0,145.0,387.0,239.0	16.0,287.0,32.0,287.0
000016	298	78	TP	0.9944463143722653	0.0	0.05327996425482646	0.020854990914276724	368.0,163.0,442.0,252.0	16.0,298.0,32.0,298.0
000016	305	79	TP	0.9899361022364217	0.0	0.0383677315721921	0.022511799840849937	384.0,177.0,460.0,269.0	16.0,305.0,32.0,305.0
000016	310	80	TP	0.986633891534798	0.0	0.019117020083212928	0.02831711544191009	381.0,190.0,458.0,283.0	16.0,310.0,32.0,310.0
000016	322	81	TP	0.9951275437087991	0.0	0.013586102182565956	0.011244212457545914	333.0,209.0,413.0,307.0	16.0,322.0,32.0,322.0
000016	332	82	TP	0.622093023255814	0.0	0.05639415668202616	0.07197834575821482	280.0,202.0,360.0,299.0	16.0,332.0,32.0,332.0
000016	339	83	TP	0.7570690179385832	0.0	1.0779633540340976	0.041523394639834156	260.0,187.0,338.0,281.0	16.0,339.0,32.0,339.0
000016	345	84	TP	0.8228516562650025	0.0	0.5391137772518247	0.08661088296900565	262.0,173.0,337.0,264.0	16.0,345.0,32.0,345.0
000016	356	85	TP	0.7951185974561705	0.0	0.03739789280602091	0.0061891525481822226	301.0,155.0,375.0,242.0	16.0,356.0,32.0,356.0
000016	373	86	TP	0.9916832399204484	0.0	0.032921593627585774	0.02746898917190927	377.0,174.0,451.0,255.0	16.0,373.0,32.0,373.0
000016	381	87	TP	0.99444724886421	0.0	0.03411982783239126	0.0407005267873957	383.0,187.0,459.0,271.0	16.0,381.0,32.0,381.0
000016	395	88	TP	0.9964462299134734	0.0	0.007966711680529447	0.008732877116573553	328.0,199.0,407.0,288.0	16.0,395.0,32.0,395.0
000016	407	89	TP	0.3211023874379106	0.0	0.2931849004755643	1.014253387479214	269.0,190.0,347.0,277.0	16.0,407.0,32.0,407.0
000016	418	90	TP	0.7051778795350475	0.0	1.163520565998401	0.058022559624418026	264.0,174.0,339.0,256.0	16.0,418.0,32.0,418.0
000016	425	91	TP	0.5865331107401224	0.0	0.3014986757367204	0.24766373576955655	287.0,167.0,360.0,247.0	16.0,425.0,32.0,425.0
000016	448	92	TP	0.9351481184947958	0.0	0.0985854439159807	0.007999950121239559	383.0,185.0,456.0,256.0	16.0,448.0,32.0,448.0
000016	455	93	TP	0.9038605697151424	0.0	0.09977793008611814	0.07765328048969805	379.0,188.0,455.0,262.0	16.0,455.0,32.0,455.0
000016	466	94	TP	0.9894902785076195	0.0	0.08727556187582354	0.029172913801693783	335.0,191.0,413.0,268.0	16.0,466.0,32.0,466.0
000016	470	95	TP	0.9689908899789769	0.0	0.13230913981664655	0.05125738618498196	313.0,191.0,391.0,267.0	16.0,470.0,32.0,470.0
000016	480	96	TP	0.24904004388370818	0.0	0.13299212758986634	0.12448619955815345	268.0,186.0,345.0,261.0	16.0,480.0,32.0,480.0
000016	486	97	TP	0.7703589347742185	0.0	1.3884575619792163	0.04556099645761772	261.0,183.0,336.0,255.0	16.0,486.0,32.0,486.0
000016	495	98	TP	0.41886240066917607	0.0	0.09563986501731989	0.30194808543315077	280.0,179.0,352.0,248.0	16.0,495.0,32.0,495.0
000019	1	99	TP	0.9930754940043911	271.8407117008427	0.09530155853269702	0.0042348950230092835	238.0,148.0,318.0,240.0	19.0,1.0,35.0,272.8407117008427
000019	1	100	TP	0.9868664758376832	271.361283682387	0.026199794634348152	0.006012804098439645	338.0,91.0,418.0,183.0	19.0,1.0,35.0,272.361283682387
000019	6	101	TP	0.981468888133288	289.0248509030636	3.1102131061311704	0.08169725897678792	276.0,121.0,353.0,213.0	19.0,6.0,35.0,295.0248509030636
000019	6	102	TP	0.9713087248322148	258.5321436699901	0.01788420694242472	0.007319366921201026	389.0,109.0,469.0,201.0	19.0,6.0,35.0,264.5321436699901
000019	17	103	TP	0.9746469287051217	295.4778160594248	3.0908758239499856	0.08514339961246399	372.0,124.0,448.0,217.0	19.0,17.0,35.0,312.4778160594248
000019	17	104	TP	0.9499096731811463	278.6958580357339	0.08065780128690735	0.023317757978021166	449.0,205.0,531.0,296.0	19.0,17.0,35.0,295.6958580357339
000019	33	105	TP	0.9445005045408678	289.68313908962017	3.0582236641385587	0.08442923072551974	419.0,247.0,501.0,338.0	19.0,33.0,35.0,322.68313908962017
000019	33	106	TP	0.9384666008555446	254.06745034721425	3.119310058786025	0.08281056488071593	342.0,332.0,427.0,422.0	19.0,33.0,35.0,287.0674503472143
000019	42	107	TP	0.9099405267629567	285.3132957441087	3.0613990400825366	0.07832628336057969	366.0,309.0,446.0,399.0	19.0,42.0,35.0,327.3132957441087
000019	42	108	TP	0.9359267734553776	270.0101955517514	3.121873429966181	0.08283907301369262	241.0,313.0,326.0,403.0	19.0,42.0,35.0,312.0101955517514
000019	47	109	TP	0.8982158028887001	281.8010577389654	3.0330648733081227	0.07857263407170462	319.0,319.0,399.0,409.0	19.0,47.0,35.0,328.8010577389654
000019	47	110	TP	0.930591677503251	272.01638829178694	3.11918152759536	0.08275856053674467	202.0,273.0,286.0,363.0	19.0,47.0,35.0,319.01638829178694
000019	55	111	TP	0.905951383067896	284.0049736126272	3.0858270548850415	0.07579772361159007	248.0,294.0,330.0,385.0	19.0,55.0,35.0,339.0049736126272
000019	55	112	TP	0.9452971913781842	275.9392697236372	0.10462082909044938	0.020674819611838955	188.0,189.0,271.0,281.0	19.0,55.0,35.0,330.9392697236372
000019	74	113	TP	0.9812947299934938	286.6651250261291	0.10378000707455436	0.008342164365094976	252.0,136.0,328.0,231.0	19.0,74.0,35.0,360.6651250261291
000019	74	114	TP	0.9560822008617832	267.24520085338935	3.0555165398018724	0.08167353588372184	356.0,97.0,433.0,192.0	19.0,74.0,35.0,341.24520085338935
000019	80	115	TP	0.9824299685065473	262.7995567781575	0.07765014648540641	0.020058352577541985	301.0,115.0,375.0,210.0	19.0,80.0,35.0,342.7995567781575
000019	80	116	TP	0.9839259620068193	262.5589738840961	3.066861853598864	0.08472355512351698	411.0,125.0,490.0,220.0	19.0,80.0,35.0,342.5589738840961
000019	88	117	TP	0.9619771863117871	255.97230606736053	3.109759414805729	0.08422657027700575	369.0,123.0,443.0,218.0	19.0,88.0,35.0,343.97230606736053
000019	88	118	TP	0.9165120593692022	243.08507733154084	0.03998604013291587	0.02250577782663777	448.0,192.0,530.0,289.0	19.0,88.0,35.0,331.08507733154084
000019	98	119	TP	0.9887319473099508	334.5246282973803	3.092742770259695	0.08603823619893293	422.0,182.0,502.0,278.0	19.0,98.0,35.0,432.5246282973803
000019	98	120	TP	0.9661963550852439	316.716935501511	0.020361435895522712	0.014038806734818195	411.0,281.0,495.0,380.0	19.0,98.0,35.0,414.716935501511
000019	109	121	TP	0.9786751361161524	310.09307117811784	3.140046265186545	0.08402888643446343	399.0,267.0,481.0,365.0	19.0,109.0,35.0,419.09307117811784
000019	109	122	TP	0.9290481717933836	294.52733548575355	0.046241372133060614	0.012561061026605598	289.0,312.0,376.0,411.0	19.0,109.0,35.0,403.52733548575355
000019	115	123	TP	0.9630842512652575	295.9486067243338	3.097382977368425	0.08039691460194923	352.0,295.0,433.0,394.0	19.0,115.0,35.0,410.9486067243338
000019	115	124	TP	0.9487404803749268	267.0833004109037	3.096464905603674	0.08133986338507881	227.0,284.0,312.0,383.0	19.0,115.0,35.0,382.0833004109037
000019	123	125	TP	0.9710596616206589	272.9310277611491	0.017217307064529713	0.00360248577287707	278.0,292.0,359.0,392.0	19.0,123.0,35.0,395.9310277611491
000019	123	126	TP	0.9453419900347275	244.35448923846286	3.123344005572184	0.0799525820417759	188.0,215.0,271.0,312.0	19.0,123.0,35.0,367.35448923846286
000019	128	127	TP	0.9871603463720514	266.6940427085782	3.0596808675784093	0.07437101926881504	239.0,268.0,321.0,366.0	19.0,128.0,35.0,394.6940427085782
000019	128	128	TP	0.981651376146789	259.0707904705986	0.09207722069730707	0.017866279998274746	196.0,167.0,277.0,264.0	19.0,128.0,35.0,387.0707904705986
000019	140	129	TP	0.9938476100331283	302.1380288448479	0.08043944784545029	0.0074973777013328455	220.0,175.0,299.0,271.0	19.0,140.0,35.0,442.1380288448479
000019	140	130	TP	0.9786353097052004	290.6802315961635	3.0551953613027663	0.08269464529504501	292.0,96.0,370.0,191.0	19.0,140.0,35.0,430.6802315961635
000019	145	131	TP	0.9926175573744183	281.0771324977195	0.04987300501503679	0.010515405395949399	244.0,145.0,320.0,240.0	19.0,145.0,35.0,426.0771324977195
000019	145	132	TP	0.8156557099288377	183.36506322285192	0.02108770125578059	0.011987473709078642	341.0,104.0,417.0,197.0	19.0,145.0,35.0,328.3650632228519
000019	150	133	TP	0.9770285903156503	236.12474308571674	0.05767332254282895	0.003156103037592302	281.0,126.0,354.0,220.0	19.0,150.0,35.0,386.1247430857168
000019	150	134	TP	0.8362183754993342	222.33343332449581	0.04314528110787213	0.008111168358902649	390.0,117.0,466.0,211.0	19.0,150.0,35.0,372.3334333244958
000019	161	135	TP	0.8318922514133688	201.3690803098071	3.1000260934754316	0.09371290013113652	373.0,129.0,446.0,224.0	19.0,161.0,35.0,362.3690803098071
000019	161	136	TP	0.7643609022556391	197.47427578417054	0.08439444244779765	0.01983939227760077	448.0,190.0,529.0,288.0	19.0,161.0,35.0,358.4742757841706
000019	180	137	TP	0.8926724137931035	326.74986011271983	3.126090941667122	0.08308735500064685	408.0,242.0,490.0,343.0	19.0,180.0,35.0,506.74986011271983
000019	180	138	TP	0.9791944518538277	323.09382534643163	0.036515871270734114	0.013343929174225907	307.0,291.0,394.0,396.0	19.0,180.0,35.0,503.09382534643163
000019	186	139	TP	0.9692051602163961	340.3458007975589	3.087887006918868	0.08023059808222872	366.0,271.0,447.0,374.0	19.0,186.0,35.0,526.3458007975589
000019	186	140	TP	0.9775967413441955	327.581648159804	0.021224768276175154	0.015133777145435092	241.0,273.0,327.0,377.0	19.0,186.0,35.0,513.581648159804
000019	196	141	TP	0.9799285125103107	307.69456953159664	0.010975824589239347	0.017331230424770527	273.0,270.0,354.0,374.0	19.0,196.0,35.0,503.69456953159664
000019	196	142	TP	0.8706694069289489	69.96691968903276	1.248963816206615	0.11498924618106826	189.0,200.0,271.0,300.0	19.0,196.0,35.0,265.96691968903275
000019	219	143	TP	0.9898648648648649	244.11654711699018	0.042603970926838416	0.0073862528731852735	263.0,142.0,336.0,233.0	19.0,219.0,35.0,463.1165471169902
000019	219	144	TP	0.6681986918861588	240.46237829164977	3.0967978159974985	0.08328265674301161	366.0,123.0,440.0,212.0	19.0,219.0,35.0,459.46237829164977
000019	225	145	TP	0.7997557997557998	166.81343296202414	3.0174536843309485	0.08627487859476164	312.0,131.0,383.0,221.0	19.0,225.0,35.0,391.81343296202414
000019	225	146	TP	0.7024653833164471	123.66351975506538	3.0742375101335253	0.08390898808638536	417.0,143.0,493.0,235.0	19.0,225.0,35.0,348.6635197550654
000019	234	147	TP	0.7846496487921878	109.70660363984993	3.034761759848819	0.09792713139961154	383.0,143.0,455.0,234.0	19.0,234.0,35.0,343.70660363984996
000019	234	148	TP	0.6114945978391356	100.40439139167421	0.15253713548522738	0.020009681655731176	447.0,197.0,528.0,294.0	19.0,234.0,35.0,334.4043913916742
000019	255	149	TP	0.8800329806238835	331.98184610549714	3.10060641165711	0.08627292825518354	386.0,244.0,468.0,347.0	19.0,255.0,35.0,586.9818461054972
000019	255	150	TP	0.9941322206285044	331.3678561501552	0.024582477376344617	0.01935006224179803	268.0,262.0,354.0,368.0	19.0,255.0,35.0,586.3678561501551
000019	263	151	TP	0.990206458443621	337.69396818006516	0.03324662585092781	0.003924142149114076	315.0,258.0,397.0,363.0	19.0,263.0,35.0,600.6939681800652
000019	263	152	TP	0.8075418994413408	88.98454038487073	1.792827057324377	0.04235973772616902	203.0,224.0,286.0,325.0	19.0,263.0,35.0,351.98454038487074
000019	278	153	TP	0.9300597406382048	265.44303750077177	0.047319005719691616	0.01357667794204723	217.0,203.0,296.0,302.0	19.0,278.0,35.0,543.4430375007718
000019	278	154	TP	0.9089676216307849	213.3894933581002	0.02145198913660973	0.0022211456399419275	239.0,135.0,314.0,226.0	19.0,278.0,35.0,491.3894933581002
000019	287	155	TP	0.988804153821191	264.17599054119756	0.0364953011050895	0.028714372246216053	237.0,156.0,311.0,250.0	19.0,287.0,35.0,551.1759905411975
000019	287	156	TP	0.6970021413276232	113.51858874648521	0.22408913470526637	0.019948991464513476	325.0,117.0,399.0,206.0	19.0,287.0,35.0,400.5185887464852
000019	291	157	TP	0.9491738505747126	179.53863700816208	0.041978220891338895	0.0014617730979896288	261.0,155.0,333.0,240.0	19.0,291.0,35.0,470.5386370081621
000019	291	158	TP	0.4949301702697532	162.98668172373897	3.0987005553391493	0.08285949678861795	362.0,140.0,433.0,223.0	19.0,291.0,35.0,453.98668172373897
000019	296	159	TP	0.8386736214605067	111.26542520116699	0.12602225131928857	0.01554522940634812	299.0,147.0,370.0,231.0	19.0,296.0,35.0,407.265425201167
000019	296	160	TP	0.5731101710502116	107.50753189290896	2.6694304712129986	0.10239022065996092	405.0,151.0,478.0,235.0	19.0,296.0,35.0,403.50753189290896
000019	307	161	TP	0.5990859232175503	37.88880929756481	0.34371238022546824	0.09027709075907657	386.0,157.0,457.0,242.0	19.0,307.0,35.0,344.8888092975648
000019	307	162	TP	0.4717980679339358	36.95617244767191	1.4299666972618312	0.24562968114772732	446.0,197.0,525.0,289.0	19.0,307.0,35.0,343.9561724476719
000019	326	163	TP	0.7771092966623693	317.6631074533859	3.108633262014253	0.08879611691770069	397.0,224.0,477.0,321.0	19.0,326.0,35.0,643.6631074533859
000019	326	164	TP	0.9978897388551833	317.3699460321667	0.0175348752215463	0.021900923477710908	285.0,244.0,371.0,345.0	19.0,326.0,35.0,643.3699460321667
000019	333	165	TP	0.9934976971010566	324.88216458486056	0.07169746695311763	0.02412250800861628	338.0,238.0,420.0,338.0	19.0,333.0,35.0,657.8821645848606
000019	333	166	TP	0.8432470258922323	318.0721670998336	3.111542608548793	0.08514453178750148	218.0,223.0,302.0,321.0	19.0,333.0,35.0,651.0721670998337
000019	345	167	TP	0.6154173161400028	94.34470738890121	3.0742010892483425	0.08978521155136321	237.0,219.0,317.0,317.0	19.0,345.0,35.0,439.3447073889012
000019	345	168	TP	0.6361336032388664	59.95253419148641	0.2391211898464472	0.25398804327982827	207.0,168.0,284.0,256.0	19.0,345.0,35.0,404.9525341914864
000019	356	169	TP	0.8849441157133465	178.85814261211996	0.02266686112243832	0.010449213314703325	225.0,175.0,300.0,265.0	19.0,356.0,35.0,534.85814261212
000019	356	170	TP	0.7029040886511272	162.4443993300717	3.072326923261474	0.0721265395407171	292.0,138.0,364.0,220.0	19.0,356.0,35.0,518.4443993300717
000019	364	171	TP	0.9001003009027081	58.77207432378602	0.5667058551718648	0.20325968514230214	273.0,167.0,343.0,243.0	19.0,364.0,35.0,422.772074323786
000019	364	172	TP	0.33963453056080656	49.411242724793254	3.0933648940619003	0.1456255725273223	376.0,162.0,446.0,237.0	19.0,364.0,35.0,413.4112427247933
000019	373	173	TP	0.28458989229494613	20.96091254633004	3.0357845994256882	0.25779504362908395	345.0,166.0,414.0,241.0	19.0,373.0,35.0,393.96091254633006
000019	373	174	TP	0.17170200788140363	16.700453635343735	0.10957930108639329	0.2224459021409558	436.0,181.0,510.0,260.0	19.0,373.0,35.0,389.7004536353437
000019	387	175	TP	0.4001801801801802	287.7191438438097	3.10908720212301	0.08683947892742375	422.0,189.0,496.0,270.0	19.0,387.0,35.0,674.7191438438097
000019	387	176	TP	0.9933490984333432	268.57344308872126	0.04824075207585305	0.01196066592374668	403.0,218.0,486.0,309.0	19.0,387.0,35.0,655.5734430887212
000019	394	177	TP	0.5493026273110606	298.53848794493246	3.1170763413871536	0.09634769276092216	414.0,206.0,492.0,292.0	19.0,394.0,35.0,692.5384879449325
000019	394	178	TP	0.9974711997752178	289.72199892024	0.04190042862745606	0.030167844006901916	328.0,226.0,413.0,319.0	19.0,394.0,35.0,683.72199892024
000019	401	179	TP	0.8925656625612108	261.69146014718416	3.1226824334959153	0.08236796264043841	370.0,218.0,451.0,308.0	19.0,401.0,35.0,662.6914601471842
000019	401	180	TP	0.9721098265895953	193.82078116706643	3.025663318981313	0.08082185496938658	249.0,218.0,334.0,310.0	19.0,401.0,35.0,594.8207811670665
000019	411	181	TP	0.826970532733343	157.98732328502896	0.061954101066420415	0.00523295369810717	277.0,217.0,359.0,309.0	19.0,411.0,35.0,568.987323285029
000019	411	182	TP	0.4777144772117963	152.50058589265547	3.1255535874169498	0.08343533864845068	198.0,191.0,276.0,276.0	19.0,411.0,35.0,563.5005858926554
000019	426	183	TP	0.7449746547806327	33.772823728053915	1.2116537657231758	1.7199582384663854	222.0,184.0,297.0,267.0	19.0,426.0,35.0,459.77282372805394
000019	426	184	TP	0.6260469011725294	25.341324207248665	0.7753835881927347	0.08177445402709292	280.0,160.0,350.0,235.0	19.0,426.0,35.0,451.34132420724865
000019	435	*	FN	0.5487859712230215	*	*	*	267.0,185.0,337.0,252.0	*
000019	435	*	FN	0.09483793517406963	*	*	*	366.0,184.0,435.0,249.0	*
000019	435	*	FP	*	16.456821905920897	*	*	*	19.0,435.0,35.0,451.4568219059209
000019	445	*	FN	0.14812206572769954	*	*	*	345.0,185.0,413.0,251.0	*
000019	445	*	FN	0.07962529274004684	*	*	*	435.0,192.0,507.0,261.0	*
000019	458	185	TP	0.23428097115584146	274.1541957014325	3.0332909589951207	0.10945579793143939	419.0,194.0,491.0,264.0	19.0,458.0,35.0,732.1541957014325
000019	458	186	TP	0.9879599796506698	249.56538948557562	0.15355293957226537	0.04727101872161541	411.0,205.0,492.0,283.0	19.0,458.0,35.0,707.5653894855757
000019	467	187	TP	0.33951061532925514	219.10369103225995	2.9366008178554837	0.15564630564973037	410.0,202.0,488.0,278.0	19.0,467.0,35.0,686.1036910322599
000019	467	188	TP	0.9887622665400443	216.37917182243442	0.2797527826312797	0.1020657212399872	318.0,207.0,401.0,288.0	19.0,467.0,35.0,683.3791718224344
000019	481	189	TP	0.9391869918699187	251.71901095793226	0.1270777076419577	0.02356949711338996	297.0,204.0,378.0,284.0	19.0,481.0,35.0,732.7190109579323
000019	481	190	TP	0.2537449762513701	250.47763859951908	3.0578880191816853	0.09412237299554788	204.0,194.0,283.0,269.0	19.0,481.0,35.0,731.4776385995191
000019	488	*	FN	0.2367659574468085	*	*	*	241.0,199.0,321.0,277.0	*
000019	488	*	FN	0.355893377759267	*	*	*	211.0,188.0,284.0,257.0	*
000019	494	191	TP	0.6137291280148423	46.0605327485745	0.22729110748618603	0.31052012794415484	222.0,193.0,298.0,267.0	19.0,494.0,35.0,540.0605327485745
000019	494	192	TP	0.3598173515981735	32.25273397780859	2.9002344889009337	0.1631632028473765	248.0,183.0,318.0,250.0	19.0,494.0,35.0,526.2527339778086
