#  Index into NumPy file "pose_data_tless-9-epos.npz".
#  Created at  6:44PM EDT on Sep 11, 2023
#    DATASET:   tless
#    OBJECT:    9
#    ESTIMATOR: epos
#  The errors reported in this file have taken discrete and continuous object symmetries into account.
#  Bounding boxes are recorded in pixel coordinates as ((upper-left x, y), (lower-right x, y)) with the origin in the upper-left.
#
#  When a row is marked as a TP, it does not necessarily mean that the bounding boxes overlap.
#  For each ground-truth instance, the prediction best overlapping that instance belongs to that ground-truth.
#  All TPs are in the corresponding *.npz file.
#
#  When a row is marked as a FN, it means that there is a ground-truth but the predictor failed to make a prediction at all.
#  FNs are NOT recorded in the *.npz at all.
#
#  When a row is marked as a FP, it means the predictor hallucinated; there is no corresponding ground-truth instance.
#  FPs are NOT recorded in the *.npz at all.
#
#  Scene  <t>  Frame  <t>  Index  <t>  Error cat.  <t>  Visibility ratio  <t>  Score  <t>  R_err(degrees)  <t>  t_err(meters)  <t>  Gr.Tr.BBox  <t>  Pred.BBox
000005	7	0	TP	0.932373499014278	0.0	1.7451420145424101	0.008528824357814359	318.0,79.0,455.0,270.0	5.0,7.0,14.0,7.0
000005	20	1	TP	0.9406756535501828	0.0	1.4164050516246551	0.008762241394370086	362.0,166.0,551.0,345.0	5.0,20.0,14.0,20.0
000005	25	2	TP	0.9385592080486361	0.0	2.823723701829492	0.01005660393945711	361.0,223.0,552.0,364.0	5.0,25.0,14.0,25.0
000005	31	3	TP	0.9394627117749512	0.0	2.4753483779032246	0.002639789468848091	330.0,263.0,524.0,409.0	5.0,31.0,14.0,31.0
000005	43	4	TP	0.9463161209068011	0.0	1.9173683968766837	0.019867846855785652	262.0,258.0,404.0,459.0	5.0,43.0,14.0,43.0
000005	56	5	TP	0.920222746807094	0.0	1.6132391871721656	0.020793915387379572	164.0,194.0,357.0,367.0	5.0,56.0,14.0,56.0
000005	64	6	TP	0.9326686520782079	0.0	4.924950040606131	0.013821409647559202	182.0,174.0,362.0,268.0	5.0,64.0,14.0,64.0
000005	70	7	TP	0.9168360864040661	0.0	3.5944026584780655	0.006133151168023033	219.0,107.0,410.0,261.0	5.0,70.0,14.0,70.0
000005	81	8	TP	0.9477805139862348	0.0	2.168654746754199	0.01699305767602987	338.0,87.0,458.0,277.0	5.0,81.0,14.0,81.0
000005	86	9	TP	0.950922421948912	0.0	2.2216912000517985	0.028382395594050428	360.0,109.0,499.0,308.0	5.0,86.0,14.0,86.0
000005	94	10	TP	0.9139250191277736	0.0	2.239967767735731	0.006547548854037042	362.0,186.0,554.0,351.0	5.0,94.0,14.0,94.0
000005	100	11	TP	0.9040907164052565	0.0	3.4392208549017385	0.014125767997429185	359.0,250.0,542.0,363.0	5.0,100.0,14.0,100.0
000005	107	12	TP	0.9310910582444627	0.0	1.7796981842176414	0.003796790721493726	302.0,263.0,503.0,438.0	5.0,107.0,14.0,107.0
000005	117	13	TP	0.9493164214794406	0.0	2.001876887595472	0.019765410798330593	261.0,239.0,384.0,449.0	5.0,117.0,14.0,117.0
000005	127	14	TP	0.913263079129513	0.0	6.68229857244877	0.023099014839574727	167.0,195.0,356.0,377.0	5.0,127.0,14.0,127.0
000005	138	15	TP	0.8892608638571616	0.0	1.0568133532277895	0.004143174633764566	194.0,155.0,375.0,265.0	5.0,138.0,14.0,138.0
000005	149	16	TP	0.931073192635833	0.0	2.080303478498857	0.020207535350443482	299.0,99.0,448.0,277.0	5.0,149.0,14.0,149.0
000005	171	17	TP	0.9027866073320618	0.0	3.817040492369149	0.01871209701336884	360.0,244.0,544.0,359.0	5.0,171.0,14.0,171.0
000005	188	18	TP	0.9470485652380701	0.0	1.8148936886722342	0.020340994107171974	262.0,228.0,392.0,441.0	5.0,188.0,14.0,188.0
000005	195	19	TP	0.945558562992126	0.0	4.308347942080045	0.022264709610806697	187.0,206.0,357.0,401.0	5.0,195.0,14.0,195.0
000005	208	20	TP	0.9260639950295123	0.0	3.697391963428594	0.007393717223869577	188.0,173.0,362.0,274.0	5.0,208.0,14.0,208.0
000005	215	21	TP	0.8571523266604799	0.0	4.073169448338696	0.014989692045357824	233.0,116.0,416.0,270.0	5.0,215.0,14.0,215.0
000005	221	22	TP	0.8145747707872273	0.0	5.349331873656601	0.06862812208215914	295.0,116.0,446.0,281.0	5.0,221.0,14.0,221.0
000005	239	23	TP	0.9032397175354429	0.0	4.134100922353123	0.01870460273149806	362.0,194.0,553.0,347.0	5.0,239.0,14.0,239.0
000005	247	24	TP	0.9286879976262301	0.0	2.021992550204022	0.006952857124037122	334.0,241.0,527.0,380.0	5.0,247.0,14.0,247.0
000005	254	25	TP	0.9349160044261141	0.0	3.291365512093825	0.012315277267205462	282.0,233.0,477.0,428.0	5.0,254.0,14.0,254.0
000005	280	26	TP	0.9811606493821178	0.0	5.894585999796127	0.012822202592979257	189.0,180.0,361.0,283.0	5.0,280.0,14.0,280.0
000005	290	*	FN	0.5764914772727273	*	*	*	257.0,143.0,427.0,285.0	*
000005	293	27	TP	0.47630522088353416	0.0	35.140326436170504	1.8204203529083771	289.0,137.0,442.0,286.0	5.0,293.0,14.0,293.0
000005	306	28	TP	0.9053218242370693	0.0	0.8777739409321773	0.0319112221214369	363.0,163.0,524.0,324.0	5.0,306.0,14.0,306.0
000005	317	29	TP	0.9317372378314207	0.0	3.3444627187263776	0.004994490779259363	357.0,229.0,539.0,346.0	5.0,317.0,14.0,317.0
000005	324	30	TP	0.9276708692767087	0.0	3.8963039706518257	0.018684363644472495	298.0,225.0,501.0,394.0	5.0,324.0,14.0,324.0
000005	332	31	TP	0.9681454097350586	0.0	1.333043184149736	0.006020124613287559	264.0,212.0,407.0,404.0	5.0,332.0,14.0,332.0
000005	341	32	TP	0.9417136553076735	0.0	3.044474943958876	0.04902082736970669	178.0,197.0,356.0,364.0	5.0,341.0,14.0,341.0
000005	348	33	TP	0.987793748574036	0.0	4.776107247443694	0.012798411957267058	171.0,188.0,358.0,319.0	5.0,348.0,14.0,348.0
000005	353	34	TP	0.9752818733738075	0.0	3.532055307497259	0.014500769963758786	195.0,183.0,362.0,288.0	5.0,353.0,14.0,353.0
000005	364	*	FN	0.29716511936339524	*	*	*	285.0,160.0,439.0,291.0	*
000005	377	35	TP	0.8955835257317346	0.0	2.1232594490617926	0.032041435269666595	363.0,175.0,518.0,317.0	5.0,377.0,14.0,377.0
000005	386	36	TP	0.9454796764615542	0.0	2.6401564733283185	0.012455814032519181	361.0,209.0,548.0,329.0	5.0,386.0,14.0,386.0
000005	393	37	TP	0.9545497630331754	0.0	4.38801901090711	0.010224080709087128	318.0,216.0,516.0,358.0	5.0,393.0,14.0,393.0
000005	409	38	TP	0.9503789950769712	0.0	1.3655667122069912	0.033744702085241975	212.0,200.0,362.0,356.0	5.0,409.0,14.0,409.0
000005	423	39	TP	0.8365605712211062	0.0	9.480400054892982	0.009073419154382438	192.0,191.0,359.0,297.0	5.0,423.0,14.0,423.0
000005	436	*	FN	0.3977197620621282	*	*	*	280.0,185.0,435.0,298.0	*
000005	450	40	TP	0.8875009698192257	0.0	2.391174047179612	0.03070996519906066	362.0,194.0,519.0,311.0	5.0,450.0,14.0,450.0
000005	458	41	TP	0.9521804030280414	0.0	6.065517902159425	0.023047960309523545	361.0,206.0,548.0,317.0	5.0,458.0,14.0,458.0
000005	463	42	TP	0.9706772988795801	0.0	4.7250409325815825	0.011044859803948167	339.0,206.0,524.0,327.0	5.0,463.0,14.0,463.0
000005	468	43	TP	0.9673021831472883	0.0	5.299940965701232	0.012616296831305026	300.0,205.0,500.0,338.0	5.0,468.0,14.0,468.0
000005	475	44	TP	0.9460762498145676	0.0	2.355877873382339	0.01559690277522862	267.0,203.0,420.0,341.0	5.0,475.0,14.0,475.0
000005	486	45	TP	0.9843064565956132	0.0	2.261731367300886	0.02812580013586338	175.0,198.0,357.0,322.0	5.0,486.0,14.0,486.0
000005	493	46	TP	0.8567010910788261	0.0	12.399688626064068	0.0349968189910408	179.0,196.0,358.0,304.0	5.0,493.0,14.0,493.0
000011	4	47	TP	0.9896061269146609	0.0	2.7033285458981173	0.0036270146733707164	140.0,225.0,334.0,358.0	11.0,4.0,20.0,4.0
000011	12	48	TP	0.9808254293770828	0.0	1.6987289124004095	0.007778675551410982	153.0,118.0,350.0,310.0	11.0,12.0,20.0,12.0
000011	23	49	TP	0.9768038482095136	0.0	0.9265148482006176	0.013535097325730374	267.0,58.0,412.0,247.0	11.0,23.0,20.0,23.0
000011	32	50	TP	0.972577891591976	0.0	2.4700155470590888	0.009639832948541026	328.0,85.0,530.0,259.0	11.0,32.0,20.0,32.0
000011	37	51	TP	0.976894541600424	0.0	3.1187894051638487	0.007681958521423542	373.0,144.0,558.0,271.0	11.0,37.0,20.0,37.0
000011	44	52	TP	0.9772450841273059	0.0	2.5805192267665498	0.006470038667656296	378.0,188.0,585.0,364.0	11.0,44.0,20.0,44.0
000011	54	53	TP	0.9647153167602245	0.0	2.565823835340911	0.012947974420722753	355.0,265.0,509.0,464.0	11.0,54.0,20.0,54.0
000011	61	54	TP	0.965708428458277	0.0	2.5738097018207413	0.014973652529557504	267.0,281.0,444.0,491.0	11.0,61.0,20.0,61.0
000011	69	55	TP	0.982387288216713	0.0	0.844736749244104	0.002274846212582343	171.0,264.0,383.0,447.0	11.0,69.0,20.0,69.0
000011	76	56	TP	0.9715326220763233	0.0	1.976341472850502	0.0045517031858004035	143.0,232.0,334.0,353.0	11.0,76.0,20.0,76.0
000011	92	57	TP	0.982066609735269	0.0	0.7720812664605694	0.005708436311259086	251.0,81.0,369.0,263.0	11.0,92.0,20.0,92.0
000011	99	58	TP	0.9838107813307309	0.0	1.3791927245658437	0.0049560231518813455	288.0,72.0,462.0,253.0	11.0,99.0,20.0,99.0
000011	106	59	TP	0.9764288574861262	0.0	3.30319368537668	0.016692298834150746	342.0,110.0,539.0,259.0	11.0,106.0,20.0,106.0
000011	114	60	TP	0.976146288209607	0.0	2.03811359295131	0.013223825066379369	382.0,177.0,574.0,316.0	11.0,114.0,20.0,114.0
000011	138	61	TP	0.9818266325819196	0.0	2.059999378597183	0.0023306753912107295	200.0,266.0,414.0,466.0	11.0,138.0,20.0,138.0
000011	151	62	TP	0.9291997654209095	0.0	0.9846909881282208	0.00395009230684279	134.0,187.0,340.0,333.0	11.0,151.0,20.0,151.0
000011	174	63	TP	0.9630761554294268	0.0	0.7876841260328508	0.0040693282222311455	315.0,103.0,504.0,261.0	11.0,174.0,20.0,174.0
000011	179	64	TP	0.9142401512019372	0.0	1.1859725269733878	0.005309515310115604	355.0,139.0,546.0,270.0	11.0,179.0,20.0,179.0
000011	185	65	TP	0.925249915758733	0.0	1.8849638923294465	0.006289385861288439	383.0,181.0,570.0,311.0	11.0,185.0,20.0,185.0
000011	193	66	TP	0.9605210420841683	0.0	1.9766353791781155	0.00797068695550704	367.0,218.0,572.0,407.0	11.0,193.0,20.0,193.0
000011	204	67	TP	0.9812542449626444	0.0	1.0541529051292597	0.01429684394337916	280.0,261.0,450.0,469.0	11.0,204.0,20.0,204.0
000011	216	68	TP	0.9142120951851664	0.0	1.6386568221390065	0.007051444864846454	159.0,244.0,359.0,380.0	11.0,216.0,20.0,216.0
000011	226	69	TP	0.9442272912898897	0.0	1.2771842997621388	0.012620482414791676	145.0,168.0,345.0,320.0	11.0,226.0,20.0,226.0
000011	242	70	TP	0.97027570361861	0.0	1.0294105916143816	0.004614907769457041	285.0,112.0,446.0,269.0	11.0,242.0,20.0,242.0
000011	251	71	TP	0.8425752466591733	0.0	1.228969886951471	0.01810094500551478	351.0,151.0,541.0,277.0	11.0,251.0,20.0,251.0
000011	262	72	TP	0.9145116477879889	0.0	1.4636079084917022	0.010761907296418247	375.0,202.0,583.0,360.0	11.0,262.0,20.0,262.0
000011	281	73	TP	0.9384752773077646	0.0	1.4066760711009207	0.005194671662218964	208.0,250.0,423.0,438.0	11.0,281.0,20.0,281.0
000011	293	74	TP	0.7867893881970763	0.0	3.5196579201639695	0.007743280814968898	136.0,209.0,337.0,333.0	11.0,293.0,20.0,293.0
000011	312	75	TP	0.908291775843124	0.0	1.3524560001743429	0.0053574041070962	278.0,138.0,421.0,278.0	11.0,312.0,20.0,312.0
000011	322	76	TP	0.7389354650029245	0.0	2.972325250280341	0.010671981436515736	348.0,165.0,535.0,284.0	11.0,322.0,20.0,322.0
000011	331	77	TP	0.8580645161290322	0.0	1.8102202425434804	0.012455012182455021	380.0,198.0,575.0,332.0	11.0,331.0,20.0,331.0
000011	346	78	TP	0.9632183908045977	0.0	0.5046155183936135	0.013615918436934908	319.0,239.0,458.0,417.0	11.0,346.0,20.0,346.0
000011	354	79	TP	0.935518226267125	0.0	0.8647080755231635	0.012498412731781103	191.0,239.0,412.0,404.0	11.0,354.0,20.0,354.0
000011	359	80	TP	0.8687596244597884	0.0	2.3719115575504373	0.017143992410898395	162.0,235.0,366.0,370.0	11.0,359.0,20.0,359.0
000011	368	81	TP	0.6869795842842163	0.0	2.8031943036626874	0.009003959201590235	143.0,196.0,343.0,317.0	11.0,368.0,20.0,368.0
000011	374	82	TP	0.7359973796265968	0.0	2.896595920503881	0.04921953460913935	189.0,177.0,355.0,300.0	11.0,374.0,20.0,374.0
000011	382	83	TP	0.7824143070044709	0.0	2.0446713534445276	0.027155600955254648	270.0,167.0,390.0,286.0	11.0,382.0,20.0,382.0
000011	388	84	TP	0.6025865665415102	0.0	5.051219270519731	0.09087927800563064	302.0,170.0,471.0,287.0	11.0,388.0,20.0,388.0
000011	397	85	TP	0.6378061627600737	0.0	0.5769823083433612	0.009141525330062968	371.0,196.0,549.0,295.0	11.0,397.0,20.0,397.0
000011	405	86	TP	0.8557895337556355	0.0	1.6019275157659985	0.0062646619298418185	376.0,208.0,578.0,338.0	11.0,405.0,20.0,405.0
000011	412	87	TP	0.9548876782763053	0.0	3.308492248090284	0.01550721251729836	360.0,221.0,548.0,371.0	11.0,412.0,20.0,412.0
000011	421	88	TP	0.9481311515005133	0.0	1.3865996346277336	0.011635142341566677	262.0,232.0,446.0,386.0	11.0,421.0,20.0,421.0
000011	431	89	TP	0.8636997263668749	0.0	5.3107016995511565	0.01687697259361649	164.0,228.0,366.0,350.0	11.0,431.0,20.0,431.0
000011	441	90	TP	0.5385427666314678	0.0	81.36883962312619	0.1636696097438077	151.0,206.0,345.0,309.0	11.0,441.0,20.0,441.0
000011	452	91	TP	0.4328810623556582	0.0	16.199970156687495	0.14673114138630625	264.0,197.0,369.0,295.0	11.0,452.0,20.0,452.0
000011	459	92	TP	0.33480956598759964	0.0	153.60923336838587	0.7295942863221216	297.0,198.0,457.0,295.0	11.0,459.0,20.0,459.0
000011	469	93	TP	0.5489422732162065	0.0	3.3843985510355763	0.01614277484749651	371.0,211.0,546.0,301.0	11.0,469.0,20.0,469.0
000011	476	94	TP	0.7574465416692795	0.0	0.851460049580357	0.01687057396885068	378.0,214.0,573.0,322.0	11.0,476.0,20.0,476.0
000011	486	95	TP	0.9689609684177853	0.0	2.78463068681361	0.016922142746497938	355.0,222.0,521.0,345.0	11.0,486.0,20.0,486.0
000011	497	96	TP	0.9521009362868235	0.0	2.8391814765399093	0.01433843519738581	205.0,224.0,420.0,344.0	11.0,497.0,20.0,497.0
000012	2	97	TP	0.9573941045330691	0.0	1.8564971410514652	0.002355599639769048	327.0,272.0,519.0,411.0	12.0,2.0,21.0,2.0
000012	7	98	TP	0.9626127009016072	0.0	0.5664261406532343	0.004440822511110598	281.0,282.0,482.0,440.0	12.0,7.0,21.0,7.0
000012	14	99	TP	0.9620654346872105	0.0	2.900068224635882	0.012705321127706748	221.0,253.0,420.0,460.0	12.0,14.0,21.0,14.0
000012	26	100	TP	0.9725830466704318	0.0	3.542517695797985	0.017841624630541886	172.0,180.0,342.0,375.0	12.0,26.0,21.0,26.0
000012	34	101	TP	0.9895078004834102	0.0	3.126236339826074	0.01572465557990085	175.0,129.0,376.0,298.0	12.0,34.0,21.0,34.0
000012	43	102	TP	0.9777016400808807	0.0	3.6978002158317174	0.015430468999808574	241.0,100.0,432.0,243.0	12.0,43.0,21.0,43.0
000012	49	103	TP	0.9592216027112714	0.0	2.7772404059032207	0.008339887345331238	291.0,81.0,486.0,267.0	12.0,49.0,21.0,49.0
000012	60	104	TP	0.9389598255995018	0.0	3.388936366600878	0.02315329907118549	384.0,140.0,522.0,328.0	12.0,60.0,21.0,60.0
000012	66	105	TP	0.933922261484099	0.0	3.7901008767902367	0.011408440488980782	359.0,185.0,555.0,384.0	12.0,66.0,21.0,66.0
000012	73	106	TP	0.9816606207174526	0.0	3.3707362198115858	0.010308094247249155	332.0,250.0,535.0,399.0	12.0,73.0,21.0,73.0
000012	83	107	TP	0.9750217412310368	0.0	2.388315619769928	0.0019319404709118367	244.0,262.0,457.0,446.0	12.0,83.0,21.0,83.0
000012	100	108	TP	0.9797010811956752	0.0	2.904505968792861	0.00960071555163509	166.0,169.0,350.0,358.0	12.0,100.0,21.0,100.0
000012	108	109	TP	0.9711088745485762	0.0	3.053307115914526	0.010898396358785593	188.0,133.0,381.0,276.0	12.0,108.0,21.0,108.0
000012	117	110	TP	0.9564669904659111	0.0	3.606985900280569	0.019977479851889073	254.0,103.0,447.0,247.0	12.0,117.0,21.0,117.0
000012	130	111	TP	0.9493539202803329	0.0	3.5485224048198774	0.015461302264969704	387.0,129.0,505.0,311.0	12.0,130.0,21.0,130.0
000012	137	112	TP	0.9432657064684322	0.0	4.049794411100208	0.012689096326481764	366.0,175.0,551.0,363.0	12.0,137.0,21.0,137.0
000012	142	113	TP	0.9679907248714588	0.0	2.354950265815876	0.01209034351820046	344.0,218.0,553.0,393.0	12.0,142.0,21.0,142.0
000012	148	114	TP	0.9410603068509797	0.0	2.5613281060728164	0.0022701137973814506	314.0,276.0,501.0,390.0	12.0,148.0,21.0,148.0
000012	171	115	TP	0.986104135275406	0.0	3.506068366352944	0.011404090051433322	167.0,173.0,348.0,358.0	12.0,171.0,21.0,171.0
000012	177	116	TP	0.9130434782608695	0.0	4.611201322320543	0.006675986458821449	175.0,150.0,372.0,302.0	12.0,177.0,21.0,177.0
000012	190	117	TP	0.8958812201031248	0.0	3.1537733973007085	0.008296438498891454	268.0,115.0,459.0,261.0	12.0,190.0,21.0,190.0
000012	199	118	TP	0.9623960467638906	0.0	2.0422664097270253	0.012977338779366595	360.0,123.0,506.0,301.0	12.0,199.0,21.0,199.0
000012	207	119	TP	0.9560864996405066	0.0	3.251697224610898	0.012423359525679273	373.0,166.0,541.0,351.0	12.0,207.0,21.0,207.0
000012	215	120	TP	0.9375963812069498	0.0	1.6960636097865258	0.015057218581889647	338.0,232.0,547.0,385.0	12.0,215.0,21.0,215.0
000012	221	121	TP	0.9220027420910983	0.0	3.2886683270847774	0.008284731642915365	308.0,266.0,497.0,385.0	12.0,221.0,21.0,221.0
000012	228	122	TP	0.9303097893432466	0.0	1.9314634071064622	0.004350879601172912	234.0,244.0,448.0,416.0	12.0,228.0,21.0,228.0
000012	239	123	TP	0.967995444191344	0.0	3.794499207137406	0.012278612237187557	195.0,201.0,331.0,379.0	12.0,239.0,21.0,239.0
000012	249	124	TP	0.8972327197366817	0.0	3.6821125012844846	0.0028691358903951973	174.0,161.0,370.0,308.0	12.0,249.0,21.0,249.0
000012	260	125	TP	0.8638467053379392	0.0	1.6701806260768124	0.0068783996098571686	250.0,139.0,433.0,264.0	12.0,260.0,21.0,260.0
000012	284	126	TP	0.9319055464030752	0.0	3.6550195623769755	0.00670102079259299	353.0,202.0,556.0,366.0	12.0,284.0,21.0,284.0
000012	298	127	TP	0.9242537873106345	0.0	0.8294865910141462	0.0041634206545755545	246.0,240.0,462.0,394.0	12.0,298.0,21.0,298.0
000012	307	128	TP	0.9516019086571234	0.0	3.2644067973101563	0.006397194300893656	216.0,213.0,358.0,381.0	12.0,307.0,21.0,307.0
000012	319	129	TP	0.8558013487111615	0.0	2.230125453593478	0.0029052600601562626	171.0,176.0,364.0,317.0	12.0,319.0,21.0,319.0
000012	336	130	TP	0.8435589289479233	0.0	2.278425612647972	0.008580699624158557	289.0,149.0,472.0,282.0	12.0,336.0,21.0,336.0
000012	343	131	TP	0.9462835727670206	0.0	3.5871711963261803	0.005504965611848327	360.0,157.0,504.0,303.0	12.0,343.0,21.0,343.0
000012	350	132	TP	0.9536630296159841	0.0	2.805803863168349	0.007188857440077262	376.0,179.0,528.0,334.0	12.0,350.0,21.0,350.0
000012	357	133	TP	0.9173751180752348	0.0	2.1305155574287418	0.012864241186693017	347.0,214.0,553.0,360.0	12.0,357.0,21.0,357.0
000012	363	134	TP	0.9442798179701556	0.0	3.7127829036669113	0.014222064040907164	325.0,239.0,515.0,349.0	12.0,363.0,21.0,363.0
000012	368	135	TP	0.9270394970339197	0.0	2.1062173193938816	0.002627363554892809	266.0,234.0,477.0,366.0	12.0,368.0,21.0,368.0
000012	383	136	TP	0.9387658601938687	0.0	2.490067692476377	0.002443494179788923	192.0,205.0,335.0,343.0	12.0,383.0,21.0,383.0
000012	387	137	TP	0.8572344518059415	0.0	2.78779931490282	0.013838790305255904	170.0,196.0,349.0,329.0	12.0,387.0,21.0,387.0
000012	393	138	TP	0.5953912111468381	0.0	1.9638688697989892	0.009629969624013655	184.0,188.0,372.0,304.0	12.0,393.0,21.0,393.0
000012	399	139	TP	0.5797373358348968	0.0	6.035127823514594	0.03791762729996553	232.0,189.0,393.0,282.0	12.0,399.0,21.0,399.0
000012	409	140	TP	0.7696629213483146	0.0	3.732531447512784	0.025132110937753017	299.0,173.0,476.0,292.0	12.0,409.0,21.0,409.0
000012	423	141	TP	0.9349070100143062	0.0	2.3847697883789283	0.00599894202461926	373.0,196.0,533.0,329.0	12.0,423.0,21.0,423.0
000012	438	142	TP	0.9202633504023409	0.0	3.8175321016754062	0.008901229283575026	298.0,226.0,488.0,335.0	12.0,438.0,21.0,438.0
000012	455	143	TP	0.9594580724622807	0.0	2.344570698857007	0.0034382431982763633	199.0,212.0,332.0,325.0	12.0,455.0,21.0,455.0
000012	471	*	FN	0.36276679841897236	*	*	*	231.0,205.0,390.0,291.0	*
000012	482	144	TP	0.5736941906567833	0.0	69.99291243261112	0.6779979510819824	304.0,198.0,478.0,297.0	12.0,482.0,21.0,482.0
000012	490	145	TP	0.6289463909867525	0.0	12.339371928806074	0.24314782612410202	383.0,204.0,501.0,307.0	12.0,490.0,21.0,490.0
000017	3	146	TP	0.9747170161439971	0.0	1.7978338520355717	0.005364053264182366	322.0,262.0,535.0,437.0	17.0,3.0,26.0,3.0
000017	10	147	TP	0.9774401683979317	0.0	4.682866284932836	0.0058256892790586635	256.0,295.0,461.0,448.0	17.0,10.0,26.0,10.0
000017	14	148	TP	0.9713596211638285	0.0	3.6932379901636625	0.007959050820588917	212.0,269.0,428.0,462.0	17.0,14.0,26.0,14.0
000017	22	149	TP	0.9696884384384384	0.0	3.787658410360465	0.017685975528255894	184.0,216.0,338.0,417.0	17.0,22.0,26.0,22.0
000017	29	150	TP	0.9740164415736935	0.0	2.1589256299492146	0.009933057919725598	158.0,153.0,330.0,351.0	17.0,29.0,26.0,29.0
000017	41	151	TP	0.9831568816169394	0.0	4.426504427470058	0.012575156669391309	217.0,100.0,406.0,226.0	17.0,41.0,26.0,41.0
000017	50	152	TP	0.9927489869908296	0.0	4.018962413721777	0.0015570828687083889	294.0,66.0,497.0,250.0	17.0,50.0,26.0,50.0
000017	60	153	TP	0.9707692307692307	0.0	1.3780580497045478	0.004616798649179721	399.0,125.0,533.0,312.0	17.0,60.0,26.0,60.0
000017	72	154	TP	0.9773998026593995	0.0	1.1872717819837155	0.005479944178636597	344.0,217.0,560.0,413.0	17.0,72.0,26.0,72.0
000017	85	155	TP	0.9798248429547435	0.0	2.29034665590404	0.0105423385888686	224.0,270.0,442.0,439.0	17.0,85.0,26.0,85.0
000017	92	156	TP	0.9722628425869144	0.0	2.2391803285791005	0.011796995085013575	183.0,226.0,367.0,426.0	17.0,92.0,26.0,92.0
000017	107	157	TP	0.9587623279505798	0.0	1.9217802457278594	0.007133380271609985	163.0,119.0,366.0,287.0	17.0,107.0,26.0,107.0
000017	121	158	TP	0.9644408409104072	0.0	2.571070828535457	0.009683985303517656	283.0,77.0,480.0,237.0	17.0,121.0,26.0,121.0
000017	128	159	TP	0.9602903501280956	0.0	2.330075701847615	0.011061973408577057	352.0,92.0,532.0,282.0	17.0,128.0,26.0,128.0
000017	136	160	TP	0.9608759842519685	0.0	1.724767347020488	0.014676147143193593	400.0,150.0,542.0,345.0	17.0,136.0,26.0,136.0
000017	151	161	TP	0.9344790039293661	0.0	1.1160674305326796	0.0030860226515291313	299.0,270.0,496.0,402.0	17.0,151.0,26.0,151.0
000017	159	162	TP	0.9648035101106448	0.0	3.5656648969950626	0.010562039903676093	204.0,252.0,423.0,422.0	17.0,159.0,26.0,159.0
000017	168	163	TP	0.9743112434847356	0.0	1.6124290115165332	0.021306839950481594	192.0,194.0,320.0,382.0	17.0,168.0,26.0,168.0
000017	184	164	TP	0.9074052132701422	0.0	1.9300181170996016	0.0176094096167176	209.0,124.0,397.0,244.0	17.0,184.0,26.0,184.0
000017	189	165	TP	0.89937106918239	0.0	3.239681554246401	0.012739772708216766	256.0,107.0,433.0,232.0	17.0,189.0,26.0,189.0
000017	195	166	TP	0.9049389272437599	0.0	1.5017185841355982	0.0032628735341961685	303.0,92.0,498.0,255.0	17.0,195.0,26.0,195.0
000017	200	167	TP	0.9560639690398953	0.0	1.1245173904423351	0.01035869819672246	353.0,102.0,530.0,286.0	17.0,200.0,26.0,200.0
000017	215	168	TP	0.9772749391727494	0.0	0.8089777585553721	0.006005973854190495	353.0,203.0,563.0,390.0	17.0,215.0,26.0,215.0
000017	224	169	TP	0.9415692821368948	0.0	3.2782571612499605	0.006212820187696181	293.0,260.0,490.0,389.0	17.0,224.0,26.0,224.0
000017	231	170	TP	0.9433889478252483	0.0	4.860950327637836	0.025899414154275057	209.0,244.0,430.0,402.0	17.0,231.0,26.0,231.0
000017	240	171	TP	0.9583258379804521	0.0	2.1910132397245072	0.02364491677886922	192.0,197.0,326.0,369.0	17.0,240.0,26.0,240.0
000017	256	172	TP	0.917539105801207	0.0	2.9982870469205802	0.015744683094954432	207.0,139.0,394.0,253.0	17.0,256.0,26.0,256.0
000017	268	173	TP	0.9195287039358235	0.0	0.3175724266988547	0.002236674779250482	309.0,109.0,499.0,266.0	17.0,268.0,26.0,268.0
000017	278	174	TP	0.9192161450716584	0.0	3.314353580042507	0.027606237024325724	407.0,143.0,530.0,318.0	17.0,278.0,26.0,278.0
000017	297	175	TP	0.9425616921269095	0.0	4.158809635782839	0.00929570434463492	269.0,247.0,470.0,366.0	17.0,297.0,26.0,297.0
000017	302	176	TP	0.9607170846394985	0.0	3.9654074550715555	0.02638844563722917	212.0,234.0,432.0,376.0	17.0,302.0,26.0,302.0
000017	308	177	TP	0.9538638248994958	0.0	3.761733761944778	0.04109941998595707	187.0,209.0,365.0,363.0	17.0,308.0,26.0,308.0
000017	324	178	TP	0.9391135554836623	0.0	0.884159968247777	0.01634623141601609	182.0,158.0,374.0,276.0	17.0,324.0,26.0,324.0
000017	332	179	TP	0.9386172006745362	0.0	4.044815946481581	0.004241485499141115	256.0,140.0,422.0,256.0	17.0,332.0,26.0,332.0
000017	341	180	TP	0.8765869303755178	0.0	2.7405912769122733	0.014239273499548984	326.0,130.0,510.0,279.0	17.0,341.0,26.0,341.0
000017	358	181	TP	0.8889616055846422	0.0	5.749259116065103	0.01941892800958715	359.0,189.0,561.0,359.0	17.0,358.0,26.0,358.0
000017	360	182	TP	0.898702567721622	0.0	1.5314030808679733	0.022308254932739895	347.0,196.0,557.0,345.0	17.0,360.0,26.0,360.0
000017	369	183	TP	0.9213693764798737	0.0	8.52299100872703	0.017746284162193957	274.0,224.0,472.0,345.0	17.0,369.0,26.0,369.0
000017	386	184	TP	0.9098431636678533	0.0	2.680734659549746	0.05100897603657827	181.0,195.0,314.0,313.0	17.0,386.0,26.0,386.0
000017	397	185	TP	0.9377456485120719	0.0	1.932737371279076	0.027922770251248067	190.0,177.0,377.0,273.0	17.0,397.0,26.0,397.0
000017	404	186	TP	0.896441073512252	0.0	5.232679219298231	0.005202308094938638	256.0,159.0,418.0,269.0	17.0,404.0,26.0,404.0
000017	411	187	TP	0.7981495868352285	0.0	4.869017905118344	0.03185926572119091	306.0,153.0,488.0,280.0	17.0,411.0,26.0,411.0
000017	415	188	TP	0.7134420904997416	0.0	6.302010043509463	0.06944436382100669	343.0,155.0,518.0,289.0	17.0,415.0,26.0,415.0
000017	427	189	TP	0.7502256787723075	0.0	1.784126007087422	0.022035024403118282	382.0,181.0,548.0,330.0	17.0,427.0,26.0,427.0
000017	437	190	TP	0.9222002247311253	0.0	15.33398025041571	0.017393843983017902	315.0,201.0,522.0,324.0	17.0,437.0,26.0,437.0
000017	446	191	TP	0.8332575585360309	0.0	13.744179138328235	0.03918356711399757	217.0,207.0,434.0,312.0	17.0,446.0,26.0,446.0
000017	453	192	TP	0.9229849098270151	0.0	2.5009798683849285	0.03620115462874126	193.0,206.0,358.0,304.0	17.0,453.0,26.0,453.0
000017	462	193	TP	0.928029948525971	0.0	4.034269839445484	0.0645981574918487	168.0,194.0,336.0,288.0	17.0,462.0,26.0,462.0
000017	468	194	TP	0.7957912988650694	0.0	7.649250139758013	0.08362411137703929	187.0,185.0,372.0,280.0	17.0,468.0,26.0,468.0
000017	485	195	TP	0.4409130538162796	0.0	17.735518857501685	0.18146567758941906	325.0,179.0,503.0,291.0	17.0,485.0,26.0,485.0
000018	2	196	TP	0.9760775417611879	0.0	4.458786993394667	0.0170850997296358	116.0,122.0,292.0,315.0	18.0,2.0,27.0,2.0
000018	13	197	TP	0.976916451335056	0.0	1.7454289302720767	0.004605000005216384	220.0,55.0,404.0,186.0	18.0,13.0,27.0,13.0
000018	19	198	TP	0.9815487516577294	0.0	1.9784236530558932	0.007477253931680804	295.0,47.0,487.0,188.0	18.0,19.0,27.0,19.0
000018	30	199	TP	0.9548868259100866	0.0	1.1664202501086927	0.0071518372398945386	427.0,108.0,587.0,300.0	18.0,30.0,27.0,30.0
000018	35	200	TP	0.9287805846443993	0.0	1.4344192873689823	0.024163904430733945	454.0,173.0,585.0,365.0	18.0,35.0,27.0,35.0
000018	43	201	TP	0.9497123076203396	0.0	3.8390268960043654	0.01634329919483133	379.0,267.0,588.0,470.0	18.0,43.0,27.0,43.0
000018	49	202	TP	0.9579627761987715	0.0	3.1385111824553404	0.007628376101599219	312.0,339.0,515.0,491.0	18.0,49.0,27.0,49.0
000018	55	203	TP	0.9621225900327391	0.0	3.2216810785422427	0.006418232337674696	218.0,336.0,429.0,506.0	18.0,55.0,27.0,55.0
000018	67	204	TP	0.9799646997090111	0.0	3.9705960599702927	0.013894509758786488	133.0,215.0,276.0,411.0	18.0,67.0,27.0,67.0
000018	86	205	TP	0.9133036204896514	0.0	2.243636020720058	0.003763474535790452	247.0,76.0,418.0,188.0	18.0,86.0,27.0,86.0
000018	92	206	TP	0.9131904618170842	0.0	1.071651096916489	0.00535363638358688	313.0,64.0,505.0,208.0	18.0,92.0,27.0,92.0
000018	106	207	TP	0.9414684591520166	0.0	2.109564776868114	0.02358062609774277	459.0,166.0,577.0,357.0	18.0,106.0,27.0,106.0
000018	112	208	TP	0.9564184211777007	0.0	3.4896709873754808	0.013148504022476214	406.0,234.0,600.0,431.0	18.0,112.0,27.0,112.0
000018	130	209	TP	0.9706323971029853	0.0	1.9775261937181077	0.010344117723380173	166.0,292.0,386.0,490.0	18.0,130.0,27.0,130.0
000018	139	210	TP	0.9821634062140391	0.0	2.0701445953259627	0.009562390452648431	137.0,202.0,270.0,400.0	18.0,139.0,27.0,139.0
000018	151	211	TP	0.8978501080951237	0.0	2.913641638643786	0.009249810064372036	149.0,102.0,343.0,263.0	18.0,151.0,27.0,151.0
000018	162	212	TP	0.8201556471126806	0.0	2.341538492649576	0.0021042676879076973	288.0,91.0,465.0,209.0	18.0,162.0,27.0,162.0
000018	174	213	TP	0.9568720092070991	0.0	1.2022667107685925	0.008063234455193982	424.0,127.0,585.0,305.0	18.0,174.0,27.0,174.0
000018	190	214	TP	0.9679264275256223	0.0	0.8576486061368317	0.003210492034765344	344.0,285.0,565.0,451.0	18.0,190.0,27.0,190.0
000018	195	215	TP	0.9699913348839331	0.0	1.8496891340717188	0.0027832189387756116	289.0,332.0,485.0,452.0	18.0,195.0,27.0,195.0
000018	206	216	TP	0.9836357006108123	0.0	1.284197906600949	0.01240914255205269	136.0,251.0,337.0,449.0	18.0,206.0,27.0,206.0
000018	229	217	TP	0.7788998855450078	0.0	1.7976761769581704	0.006276426220591937	225.0,115.0,398.0,231.0	18.0,229.0,27.0,229.0
000018	236	218	TP	0.7231382619272875	0.0	4.374139397956339	0.021645446434957798	306.0,112.0,485.0,233.0	18.0,236.0,27.0,236.0
000018	246	219	TP	0.91816098152892	0.0	2.409238669944262	0.0029036931179321273	417.0,140.0,581.0,301.0	18.0,246.0,27.0,246.0
000018	266	220	TP	0.9218399065672447	0.0	3.1266011493662225	0.006595141223093176	306.0,303.0,517.0,435.0	18.0,266.0,27.0,266.0
000018	272	221	TP	0.9169420577219652	0.0	0.5409786391965314	0.010784400641082272	202.0,290.0,427.0,449.0	18.0,272.0,27.0,272.0
000018	279	222	TP	0.9786419992251065	0.0	1.6428310002132618	0.030311056308624892	135.0,235.0,331.0,427.0	18.0,279.0,27.0,279.0
000018	291	223	TP	0.7489192110240476	0.0	3.3496053187075674	0.03908259237101265	125.0,157.0,306.0,304.0	18.0,291.0,27.0,291.0
000018	309	224	TP	0.6259317660550459	0.0	7.966306470826876	0.07572226550438407	323.0,137.0,502.0,254.0	18.0,309.0,27.0,309.0
000018	316	225	TP	0.867526464887431	0.0	2.5407856778115363	0.0034318179472667587	400.0,154.0,571.0,292.0	18.0,316.0,27.0,316.0
000018	324	226	TP	0.9466036538054595	0.0	1.4337086572529865	0.012333229618611375	449.0,194.0,578.0,351.0	18.0,324.0,27.0,324.0
000018	336	227	TP	0.9274664987858621	0.0	2.0337971241520982	0.008989415118738539	322.0,272.0,543.0,411.0	18.0,336.0,27.0,336.0
000018	342	228	TP	0.9335441647999297	0.0	1.4171270483209495	0.01539600757493592	226.0,275.0,444.0,420.0	18.0,342.0,27.0,342.0
000018	350	229	TP	0.9300211744047926	0.0	2.02953486081535	0.036520092936513766	137.0,228.0,338.0,404.0	18.0,350.0,27.0,350.0
000018	357	230	TP	0.9223231667748215	0.0	3.1146261617734723	0.059876545624605156	131.0,190.0,260.0,350.0	18.0,357.0,27.0,357.0
000018	373	231	TP	0.3419027093596059	0.0	146.95868066553544	0.06814951319429188	229.0,168.0,395.0,265.0	18.0,373.0,27.0,373.0
000018	391	232	TP	0.8408252853380158	0.0	3.9907199988079975	0.0065406015928373236	425.0,186.0,579.0,305.0	18.0,391.0,27.0,391.0
000018	399	233	TP	0.9311654763713721	0.0	0.9697715399217667	0.009020172089692212	429.0,212.0,589.0,350.0	18.0,399.0,27.0,399.0
000018	407	234	TP	0.9510539308773263	0.0	2.034070598202179	0.017527161098721104	340.0,246.0,564.0,379.0	18.0,407.0,27.0,407.0
000018	415	235	TP	0.9384172023941476	0.0	1.4644794205829543	0.009979159887066593	220.0,248.0,440.0,388.0	18.0,415.0,27.0,415.0
000018	426	236	TP	0.8159487612612613	0.0	7.718130659100936	0.09625455206706304	139.0,208.0,293.0,356.0	18.0,426.0,27.0,426.0
000018	439	*	FN	0.11390039808270372	*	*	*	158.0,196.0,339.0,291.0	*
000018	452	*	FN	0.08448260907277301	*	*	*	307.0,198.0,474.0,283.0	*
000018	461	237	TP	0.6467438079755188	0.0	18.637358283069826	0.021061868606046835	403.0,204.0,568.0,299.0	18.0,461.0,27.0,461.0
000018	466	238	TP	0.9170814616972198	0.0	14.18488250326501	0.015428993656777872	451.0,210.0,577.0,314.0	18.0,466.0,27.0,466.0
000018	473	239	TP	0.9356373095503531	0.0	0.9108230696349867	0.026364811545727892	408.0,221.0,591.0,335.0	18.0,473.0,27.0,473.0
000018	480	240	TP	0.9508123193461577	0.0	1.051422351144211	0.014417717728268135	330.0,233.0,551.0,344.0	18.0,480.0,27.0,480.0
000018	487	241	TP	0.9587149432923646	0.0	1.753193893586319	0.00931208416260331	222.0,225.0,441.0,350.0	18.0,487.0,27.0,487.0
000018	491	242	TP	0.9487166350735181	0.0	1.1305464776289404	0.014477379562237921	166.0,219.0,389.0,348.0	18.0,491.0,27.0,491.0
000018	496	243	TP	0.7427735350795803	0.0	2.7461802819985492	0.08542486705193125	139.0,211.0,319.0,336.0	18.0,496.0,27.0,496.0
