#  Index into NumPy file "pose_data_tless-3-epos.npz".
#  Created at  6:44PM EDT on Sep 11, 2023
#    DATASET:   tless
#    OBJECT:    3
#    ESTIMATOR: epos
#  The errors reported in this file have taken discrete and continuous object symmetries into account.
#  Bounding boxes are recorded in pixel coordinates as ((upper-left x, y), (lower-right x, y)) with the origin in the upper-left.
#
#  When a row is marked as a TP, it does not necessarily mean that the bounding boxes overlap.
#  For each ground-truth instance, the prediction best overlapping that instance belongs to that ground-truth.
#  All TPs are in the corresponding *.npz file.
#
#  When a row is marked as a FN, it means that there is a ground-truth but the predictor failed to make a prediction at all.
#  FNs are NOT recorded in the *.npz at all.
#
#  When a row is marked as a FP, it means the predictor hallucinated; there is no corresponding ground-truth instance.
#  FPs are NOT recorded in the *.npz at all.
#
#  Scene  <t>  Frame  <t>  Index  <t>  Error cat.  <t>  Visibility ratio  <t>  Score  <t>  R_err(degrees)  <t>  t_err(meters)  <t>  Gr.Tr.BBox  <t>  Pred.BBox
000007	3	0	TP	0.9624874118831823	0.0	0.19630296859238078	0.031092197343685856	452.0,249.0,522.0,320.0	7.0,3.0,10.0,3.0
000007	13	1	TP	0.9948705422569614	0.0	0.07113195105136805	0.030175914646838956	388.0,335.0,459.0,407.0	7.0,13.0,10.0,13.0
000007	21	2	TP	0.9973307449648143	0.0	0.09299727362911848	0.034974645921292125	298.0,348.0,369.0,420.0	7.0,21.0,10.0,21.0
000007	30	3	TP	0.976078914919852	0.0	0.13979143122312312	0.01030032023072996	214.0,294.0,285.0,365.0	7.0,30.0,10.0,30.0
000007	39	4	TP	0.9615581752947207	0.0	0.045593308476806316	0.018632153661798025	200.0,202.0,269.0,272.0	7.0,39.0,10.0,39.0
000007	54	5	TP	0.9356040447046301	0.0	0.08630715630145273	0.027299582166727624	317.0,107.0,384.0,177.0	7.0,54.0,10.0,54.0
000007	62	6	TP	0.9322392800423505	0.0	0.043861594400053515	0.021516723724462162	400.0,129.0,468.0,199.0	7.0,62.0,10.0,62.0
000007	67	7	TP	0.9431759211209133	0.0	0.13445509241423043	0.019485499573281825	437.0,167.0,505.0,237.0	7.0,67.0,10.0,67.0
000007	71	8	TP	0.9477191184008201	0.0	0.16631877485064198	0.03011172269045822	451.0,206.0,521.0,276.0	7.0,71.0,10.0,71.0
000007	81	9	TP	0.9549276039234003	0.0	0.04457687590904341	0.02550182485501378	427.0,293.0,498.0,368.0	7.0,81.0,10.0,81.0
000007	87	10	TP	0.9379986323227718	0.0	0.04854990584973789	0.03072586643395296	371.0,329.0,443.0,405.0	7.0,87.0,10.0,87.0
000007	94	11	TP	0.9482406356413167	0.0	0.04052720240856845	0.023604378693677982	290.0,334.0,362.0,410.0	7.0,94.0,10.0,94.0
000007	102	12	TP	0.9482919981282171	0.0	0.037275528659828666	0.0167142470833152	216.0,288.0,287.0,363.0	7.0,102.0,10.0,102.0
000007	112	13	TP	0.9637952559300874	0.0	0.0873227495737372	0.010160506939582897	202.0,194.0,271.0,269.0	7.0,112.0,10.0,112.0
000007	130	14	TP	0.9601056803170409	0.0	0.07547260472033496	0.028123784840339512	356.0,118.0,421.0,193.0	7.0,130.0,10.0,130.0
000007	155	15	TP	0.9511101622544833	0.0	0.063895212788624	0.022271280106088958	408.0,297.0,480.0,381.0	7.0,155.0,10.0,155.0
000007	166	16	TP	0.9418921753723516	0.0	0.057926464109182556	0.01449496661939257	284.0,315.0,357.0,400.0	7.0,166.0,10.0,166.0
000007	185	17	TP	0.980877666094631	0.0	0.0834347180050764	0.011535554000311572	211.0,182.0,278.0,263.0	7.0,185.0,10.0,185.0
000007	198	18	TP	0.9559947299077733	0.0	0.04157536944131137	0.029737082479499063	320.0,128.0,384.0,207.0	7.0,198.0,10.0,198.0
000007	207	19	TP	0.9383474034279867	0.0	0.046651253675751125	0.02532962345241728	407.0,148.0,472.0,228.0	7.0,207.0,10.0,207.0
000007	219	20	TP	0.9531459170013387	0.0	0.1203558757419965	0.007382037027588917	453.0,229.0,521.0,317.0	7.0,219.0,10.0,219.0
000007	229	21	TP	0.9726656025538707	0.0	0.027541750822714508	0.015012298744584901	393.0,289.0,466.0,380.0	7.0,229.0,10.0,229.0
000007	239	22	TP	0.9666535122336227	0.0	0.036987915604942516	0.007047115865539051	278.0,295.0,351.0,387.0	7.0,239.0,10.0,239.0
000007	251	23	TP	0.9924360400444939	0.0	0.02605035379252724	0.02102013029156822	199.0,230.0,268.0,318.0	7.0,251.0,10.0,251.0
000007	270	24	TP	0.9304697986577182	0.0	0.0465405955761109	0.011208820628926875	316.0,145.0,378.0,226.0	7.0,270.0,10.0,270.0
000007	277	25	TP	0.9143610013175231	0.0	0.014822868763208562	0.0022746429157730957	385.0,152.0,448.0,234.0	7.0,277.0,10.0,277.0
000007	285	26	TP	0.9317132442284326	0.0	0.03417047762517544	0.027363488905723873	441.0,189.0,507.0,273.0	7.0,285.0,10.0,285.0
000007	289	27	TP	0.8185372585096596	0.0	0.08630501599286902	0.009159310510042	453.0,219.0,520.0,307.0	7.0,289.0,10.0,289.0
000007	295	28	TP	0.9627316260670414	0.0	0.18967015839761675	0.08798515005273998	437.0,249.0,508.0,342.0	7.0,295.0,10.0,295.0
000007	306	29	TP	0.9829286798179059	0.0	0.04439990336481527	0.004024069889733394	332.0,280.0,406.0,377.0	7.0,306.0,10.0,306.0
000007	314	30	TP	0.9950797087187562	0.0	0.02749009386567085	0.007026838626133212	243.0,265.0,316.0,361.0	7.0,314.0,10.0,314.0
000007	328	31	TP	0.947560975609756	0.0	0.06321208004471467	0.0033255347724520587	211.0,198.0,276.0,285.0	7.0,328.0,10.0,328.0
000007	342	32	TP	0.8520266518600778	0.0	0.06810050495464316	0.044365463444324335	322.0,163.0,383.0,245.0	7.0,342.0,10.0,342.0
000007	348	33	TP	0.8449401523394995	0.0	0.03506794293259712	0.008804020884866042	379.0,169.0,441.0,251.0	7.0,348.0,10.0,348.0
000007	354	34	TP	0.9724137931034482	0.0	0.08618937295483232	0.005449569406459542	427.0,186.0,490.0,271.0	7.0,354.0,10.0,354.0
000007	366	35	TP	0.9750325662179765	0.0	0.25623658507442426	0.03819283919271826	443.0,235.0,513.0,327.0	7.0,366.0,10.0,366.0
000007	378	36	TP	0.9975152905198776	0.0	0.12001123591748929	0.01604183198871736	339.0,258.0,412.0,357.0	7.0,378.0,10.0,378.0
000007	385	37	TP	0.9972500491062659	0.0	0.08887405038470485	0.0053314270645164735	259.0,251.0,332.0,348.0	7.0,385.0,10.0,385.0
000007	393	38	TP	0.995385629531971	0.0	0.061974606026309526	0.01867220919754308	206.0,228.0,275.0,320.0	7.0,393.0,10.0,393.0
000007	399	39	TP	0.9106529209621993	0.0	0.1104251382712066	0.00651184808538944	208.0,209.0,273.0,296.0	7.0,399.0,10.0,399.0
000007	413	40	TP	0.7526664744883251	0.0	0.6107549614814681	1.3997615180291818	309.0,183.0,368.0,264.0	7.0,413.0,10.0,413.0
000007	428	41	TP	0.8400621118012422	0.0	0.6929891904711355	0.09002285119237478	434.0,203.0,497.0,288.0	7.0,428.0,10.0,428.0
000007	435	42	TP	0.6658482690891235	0.0	0.307661879107059	0.027085509773959147	450.0,223.0,515.0,310.0	7.0,435.0,10.0,435.0
000007	447	43	TP	0.9965185336883063	0.0	0.15278150988445208	0.030108813005780492	378.0,235.0,450.0,330.0	7.0,447.0,10.0,447.0
000007	450	44	TP	0.9852405984634047	0.0	0.12184542906580408	0.011187250871845774	345.0,235.0,417.0,331.0	7.0,450.0,10.0,450.0
000007	458	45	TP	0.9993740872105153	0.0	0.01858636351182058	0.0217619943094542	256.0,231.0,327.0,325.0	7.0,458.0,10.0,458.0
000007	468	46	TP	0.9699045754832395	0.0	0.10860965525803715	0.0031670615550683356	207.0,219.0,273.0,305.0	7.0,468.0,10.0,468.0
000007	478	47	TP	0.6199767035527082	0.0	0.16102557339331874	0.37207046747178385	246.0,208.0,306.0,288.0	7.0,478.0,10.0,478.0
000007	486	48	TP	0.44039838157485217	0.0	0.25036429302767954	0.22467250570760075	315.0,206.0,372.0,283.0	7.0,486.0,10.0,486.0
000007	493	*	FN	0.48816747572815533	*	*	*	379.0,209.0,438.0,286.0	*
000009	0	49	TP	0.9445550184816605	248.91764771967894	2.778079566815805	0.15992192009325434	276.0,149.0,339.0,217.0	9.0,0.0,12.0,248.91764771967894
000009	0	50	TP	0.9435102469784551	244.97443383722432	0.08695028411125508	0.00928082899244668	342.0,158.0,410.0,228.0	9.0,0.0,12.0,244.97443383722432
000009	0	51	TP	0.9948604992657856	155.2040102324374	0.25504307815506067	0.1460234058697862	371.0,340.0,442.0,412.0	9.0,0.0,12.0,155.2040102324374
000009	11	52	TP	0.8590145257761321	234.77984713394983	2.8369917718109434	0.04511077217274416	375.0,146.0,438.0,215.0	9.0,11.0,12.0,245.77984713394983
000009	11	53	TP	0.9523192536926665	83.55544602035134	2.888241537856526	0.05934607978283832	394.0,200.0,463.0,270.0	9.0,11.0,12.0,94.55544602035134
000009	11	54	TP	0.9887585532746823	71.69318066097563	1.109687375739879	0.2928455819579286	251.0,328.0,322.0,399.0	9.0,11.0,12.0,82.69318066097563
000009	21	55	TP	0.8633436012321478	238.0789007669761	2.8328940245139322	0.05131802807743066	432.0,213.0,496.0,282.0	9.0,21.0,12.0,259.07890076697606
000009	21	56	TP	0.9637055837563452	236.188158336945	0.1696587027770758	0.1276586131062466	390.0,258.0,460.0,329.0	9.0,21.0,12.0,257.188158336945
000009	21	57	TP	0.9627485527309338	151.07790573019045	0.19877198021267461	0.15437320380602343	197.0,239.0,266.0,309.0	9.0,21.0,12.0,172.07790573019045
000009	31	58	TP	0.8822726031139033	206.85989096697404	2.9501094193590625	0.052638080504319784	417.0,302.0,483.0,371.0	9.0,31.0,12.0,237.85989096697404
000009	31	59	TP	0.9793866264454499	168.0886145480815	0.18215495167875909	0.1204625484731754	340.0,295.0,410.0,366.0	9.0,31.0,12.0,199.0886145480815
000009	31	60	TP	0.9763903462749213	88.07905211085702	2.256104982243337	0.28839458405224055	236.0,145.0,303.0,215.0	9.0,31.0,12.0,119.07905211085702
000009	45	61	TP	0.8806941431670282	241.7465552148872	3.058058817309613	0.16435932853046592	296.0,345.0,362.0,414.0	9.0,45.0,12.0,286.74655521488717
000009	45	62	TP	0.9655521783181358	237.41867905787902	0.18134975364868391	0.02285229434107086	260.0,263.0,330.0,334.0	9.0,45.0,12.0,282.418679057879
000009	45	63	TP	0.9358803099118355	69.29163721325817	1.4008830869117812	0.06294543572874164	375.0,119.0,442.0,189.0	9.0,45.0,12.0,114.29163721325817
000009	57	64	TP	0.929041095890411	242.79092190003223	3.1167603044856316	0.05390279972056778	221.0,267.0,286.0,335.0	9.0,57.0,12.0,299.79092190003223
000009	57	65	TP	0.9461976202793585	184.26206626002184	0.20838582547306236	0.09955703609752772	260.0,192.0,329.0,263.0	9.0,57.0,12.0,241.26206626002184
000009	57	66	TP	0.9451563300871348	94.79938886147218	0.07719603474976507	0.020175203687981116	452.0,212.0,520.0,282.0	9.0,57.0,12.0,151.79938886147218
000009	64	67	TP	0.9757051103043842	250.5025654453977	3.1201077137907425	0.053425820474697155	227.0,203.0,291.0,271.0	9.0,64.0,12.0,314.5025654453977
000009	64	68	TP	0.9490947257937549	246.65978250160853	0.0700176322844067	0.13426573284295407	293.0,163.0,361.0,234.0	9.0,64.0,12.0,310.65978250160856
000009	64	69	TP	0.9708447545477199	66.55632731233796	1.8824727910467893	0.41016865415985326	438.0,283.0,509.0,354.0	9.0,64.0,12.0,130.55632731233794
000009	70	70	TP	0.9770538243626062	240.82084863783504	2.762192359710138	0.16031722832624146	259.0,159.0,323.0,228.0	9.0,70.0,12.0,310.82084863783507
000009	70	71	TP	0.9495798319327731	231.7883681681527	0.09058946732193393	0.007986183895116161	329.0,156.0,397.0,226.0	9.0,70.0,12.0,301.7883681681527
000009	70	72	TP	0.9926271811255837	152.30892510184063	0.13967003569889314	0.17534542301102904	392.0,330.0,463.0,402.0	9.0,70.0,12.0,222.30892510184063
000009	91	73	TP	0.7131885593220338	253.1219218646052	3.1360792135737157	0.06902818667418116	423.0,191.0,487.0,267.0	9.0,91.0,12.0,344.1219218646052
000009	91	74	TP	0.9431511884342073	227.68708437701335	0.05534562154616369	0.1306459767703172	396.0,238.0,466.0,313.0	9.0,91.0,12.0,318.6870843770133
000009	91	75	TP	0.9712520788785934	53.886261941302	2.0983937847706877	0.37071584760532733	202.0,255.0,272.0,330.0	9.0,91.0,12.0,144.886261941302
000009	100	76	TP	0.9124553343542624	194.89626252317913	3.074326361159627	0.05609133024974468	431.0,268.0,496.0,343.0	9.0,100.0,12.0,294.89626252317913
000009	100	77	TP	0.9619708203779	87.15888041169242	0.6667312937459211	0.08456275288846392	361.0,277.0,431.0,352.0	9.0,100.0,12.0,187.15888041169242
000009	100	78	TP	0.9705289672544081	74.152204364698	1.278679387153407	0.11948869467966111	215.0,173.0,283.0,249.0	9.0,100.0,12.0,174.15220436469798
000009	108	79	TP	0.9307846076961519	234.11619509996422	3.0954120673724983	0.1562058173729595	385.0,324.0,452.0,399.0	9.0,108.0,12.0,342.1161950999642
000009	108	80	TP	0.9493821292775665	212.35746096520847	0.07308439430942552	0.002844709176601661	309.0,284.0,380.0,359.0	9.0,108.0,12.0,320.3574609652085
000009	108	81	TP	0.9533227848101266	143.39413581001943	0.778696552950687	0.11771251330917396	279.0,125.0,344.0,201.0	9.0,108.0,12.0,251.39413581001943
000009	118	82	TP	0.94610630407911	231.53222649709227	3.000619841080462	0.048433638815569044	290.0,335.0,358.0,409.0	9.0,118.0,12.0,349.53222649709227
000009	118	83	TP	0.9461034231609614	125.53328544822318	0.9616472807911599	0.11808129327340523	258.0,251.0,328.0,326.0	9.0,118.0,12.0,243.53328544822318
000009	118	84	TP	0.9538502109704642	89.93541842271473	1.3439766190058615	0.12897245550226283	379.0,127.0,445.0,203.0	9.0,118.0,12.0,207.93541842271475
000009	128	85	TP	0.9700100806451613	256.4630751327064	3.0272789258696866	0.16546174707256509	224.0,274.0,290.0,349.0	9.0,128.0,12.0,384.4630751327064
000009	128	86	TP	0.9580209895052474	209.64756044524685	0.05593713062262644	0.010306107323522336	257.0,198.0,325.0,273.0	9.0,128.0,12.0,337.6475604452469
000009	128	87	TP	0.9516533066132264	164.1940161987713	0.11204230775688782	0.12165519000034376	447.0,195.0,515.0,270.0	9.0,128.0,12.0,292.1940161987713
000009	136	88	TP	0.9655622228019828	241.96353933702932	3.0732559021284755	0.16830622618661734	225.0,205.0,289.0,281.0	9.0,136.0,12.0,377.9635393370293
000009	136	89	TP	0.9659585359610955	200.32537594411147	0.11703670207989876	0.007085792881763539	290.0,166.0,357.0,242.0	9.0,136.0,12.0,336.32537594411144
000009	136	90	TP	0.9427009034712316	153.6504587027669	0.1630969907241037	0.12285491327235347	440.0,269.0,511.0,344.0	9.0,136.0,12.0,289.6504587027669
000009	147	91	TP	0.7211640211640211	234.09381290653258	3.0722716632024984	0.17145485185019457	295.0,151.0,357.0,232.0	9.0,147.0,12.0,381.09381290653255
000009	147	92	TP	0.9099597585513078	197.19462084890856	0.08092665950267205	0.004869540482399831	355.0,169.0,421.0,249.0	9.0,147.0,12.0,344.1946208489086
000009	147	93	TP	0.9573659772055719	98.95819625346842	2.549661892199041	0.2665061943711293	349.0,317.0,422.0,401.0	9.0,147.0,12.0,245.95819625346843
000009	161	94	TP	0.5244249159989661	226.47710438399352	3.105461796764342	0.17173660671783214	409.0,176.0,472.0,257.0	9.0,161.0,12.0,387.4771043839935
000009	161	95	TP	0.9501417769376181	219.80442618536733	0.06351825396802517	0.005252219210045548	400.0,220.0,468.0,302.0	9.0,161.0,12.0,380.80442618536733
000009	161	96	TP	0.9735099337748344	44.05322766969654	0.9414162885169126	0.10628069810867553	213.0,267.0,284.0,351.0	9.0,161.0,12.0,205.05322766969653
000009	167	97	TP	0.7939214232765011	235.03810089600577	3.1294926065906523	0.06490763130582991	434.0,216.0,498.0,298.0	9.0,167.0,12.0,402.03810089600574
000009	167	98	TP	0.9439981638742254	130.41569867472427	0.18105128644031623	0.13092339146950405	388.0,249.0,458.0,332.0	9.0,167.0,12.0,297.41569867472424
000009	167	99	TP	0.9603544776119403	43.934505581856406	2.379005291431755	0.39519406400192875	200.0,220.0,268.0,302.0	9.0,167.0,12.0,210.9345055818564
000009	179	100	TP	0.953430258973194	168.96198840534586	3.0507855994860558	0.05826862319978129	397.0,300.0,466.0,384.0	9.0,179.0,12.0,347.9619884053459
000009	179	101	TP	0.955253784505788	167.9103349034951	0.037814062117872714	0.1255623644072517	320.0,274.0,391.0,357.0	9.0,179.0,12.0,346.91033490349514
000009	179	102	TP	0.9477806788511749	153.4910490534722	0.12816269625252366	0.10324738279911566	266.0,142.0,331.0,221.0	9.0,179.0,12.0,332.49104905347224
000009	195	103	TP	0.964825253664036	207.35366211934738	3.0951791132432613	0.04318314595003165	251.0,298.0,320.0,383.0	9.0,195.0,12.0,402.3536621193474
000009	195	104	TP	0.9437704153056463	184.3035496435391	0.06081758964349078	0.1276815054458494	252.0,224.0,320.0,306.0	9.0,195.0,12.0,379.3035496435391
000009	195	105	TP	0.9245426829268293	112.61900533118128	3.0318585607552766	0.16043583630542863	417.0,159.0,482.0,239.0	9.0,195.0,12.0,307.61900533118126
000009	204	106	TP	0.978789323164919	218.32152070351964	3.0229390238239238	0.1668825931857043	216.0,235.0,283.0,319.0	9.0,204.0,12.0,422.32152070351964
000009	204	107	TP	0.9262335124572545	185.26397782161155	0.017952267054882162	0.006406476294284788	270.0,184.0,336.0,265.0	9.0,204.0,12.0,389.26397782161155
000009	204	108	TP	0.9418903150525088	116.7016867786464	0.7558569571968698	0.12715270887796432	452.0,224.0,520.0,306.0	9.0,204.0,12.0,320.7016867786464
000009	210	109	TP	0.9050363317464295	265.38622943620084	3.1136582450860044	0.17167394931574706	231.0,192.0,295.0,274.0	9.0,210.0,12.0,475.38622943620084
000009	210	110	TP	0.9312076324378609	187.44092326934486	0.17320355230749138	0.0064773752133537215	300.0,168.0,366.0,248.0	9.0,210.0,12.0,397.44092326934486
000009	210	111	TP	0.9324324324324325	100.3887640145856	0.13341359287736096	0.1403693247860399	433.0,272.0,504.0,355.0	9.0,210.0,12.0,310.3887640145856
000009	217	112	TP	0.500658414537793	227.59677982285376	3.0358202322282066	0.19214734420786303	283.0,164.0,344.0,248.0	9.0,217.0,12.0,444.59677982285376
000009	217	113	TP	0.8283185840707965	164.1917007876	0.045098647600789674	0.006316706393520405	347.0,175.0,411.0,258.0	9.0,217.0,12.0,381.1917007876
000009	217	114	TP	0.9674520766773163	40.268285905221205	1.1694689882307259	0.09627631958232587	366.0,295.0,439.0,387.0	9.0,217.0,12.0,257.2682859052212
000009	227	115	TP	0.470151233749005	216.3889048408888	3.077326947570211	0.17615303718691674	369.0,164.0,430.0,247.0	9.0,227.0,12.0,443.3889048408888
000009	227	116	TP	0.8978754225012071	184.46528877836462	0.07112838962931123	0.0281335158544943	392.0,199.0,458.0,284.0	9.0,227.0,12.0,411.46528877836465
000009	227	117	TP	0.9781387886081027	71.7577519402172	2.6407590129587892	0.20100262473432842	252.0,286.0,325.0,377.0	9.0,227.0,12.0,298.7577519402172
000009	235	118	TP	0.5184164369832123	181.7064285256383	3.054712687429076	0.08716627578962896	422.0,195.0,485.0,280.0	9.0,235.0,12.0,416.70642852563833
000009	235	119	TP	0.9727148703956344	171.36397121336796	0.042080993224809564	0.13246178568858333	397.0,230.0,465.0,317.0	9.0,235.0,12.0,406.36397121336796
000009	235	120	TP	0.9373225595108102	72.88207391646208	2.5070749034144493	0.1640488559814159	204.0,240.0,274.0,329.0	9.0,235.0,12.0,307.8820739164621
000009	239	121	TP	0.7511399088072954	188.3094360505186	3.109036428169358	0.05824429912631105	434.0,218.0,498.0,304.0	9.0,239.0,12.0,427.30943605051857
000009	239	122	TP	0.9439397296698426	94.1326339207178	2.611826832242129	0.11479473110391357	386.0,244.0,455.0,332.0	9.0,239.0,12.0,333.1326339207178
000009	239	123	TP	0.8443210733287069	57.56548991002728	1.5113181982017558	0.1454223559221476	202.0,213.0,269.0,300.0	9.0,239.0,12.0,296.5654899100273
000009	248	124	TP	0.9690901175446234	112.89309364626953	3.123664683474798	0.06339490959027878	413.0,271.0,481.0,361.0	9.0,248.0,12.0,360.89309364626956
000009	248	125	TP	0.9741231822070145	108.19399296714839	0.034085701369546265	0.03625469345606318	336.0,263.0,407.0,352.0	9.0,248.0,12.0,356.1939929671484
000009	248	126	TP	0.91343669250646	93.32875233796905	2.3577450361199417	0.14640875370549575	248.0,164.0,311.0,246.0	9.0,248.0,12.0,341.32875233796904
000009	254	127	TP	0.9628857381150959	202.4821731342621	3.1019026009116657	0.052648769260800025	367.0,295.0,436.0,387.0	9.0,254.0,12.0,456.4821731342621
000009	254	128	TP	0.9706896551724138	146.24894995645383	2.6033233942819893	0.11697161696053988	297.0,260.0,368.0,349.0	9.0,254.0,12.0,400.2489499564538
000009	254	129	TP	0.8948794364670821	44.518990297068726	2.0517769957871157	0.25469261952749694	303.0,148.0,364.0,229.0	9.0,254.0,12.0,298.51899029706874
000009	269	130	TP	0.9793370641411967	200.75238023597342	3.115796120373657	0.15580222498836613	234.0,268.0,302.0,359.0	9.0,269.0,12.0,469.7523802359734
000009	269	131	TP	0.931002331002331	145.07627069629493	0.054448827846523565	0.03891265690061423	254.0,211.0,321.0,297.0	9.0,269.0,12.0,414.07627069629496
000009	269	132	TP	0.9377811094452774	125.35601876549549	2.9642069197825722	0.15880073924444485	432.0,183.0,497.0,266.0	9.0,269.0,12.0,394.3560187654955
000009	278	133	TP	0.9666035054476552	209.45076144877723	3.112537883817865	0.16680759131177889	220.0,213.0,284.0,300.0	9.0,278.0,12.0,487.45076144877726
000009	278	134	TP	0.8015775203352231	136.81059016747292	0.01731772615777316	0.020379907716494595	282.0,182.0,347.0,266.0	9.0,278.0,12.0,414.8105901674729
000009	278	135	TP	0.9579366836395838	125.82627839881486	2.9770022078469807	0.17438860287227936	447.0,239.0,517.0,326.0	9.0,278.0,12.0,403.82627839881485
000009	286	136	TP	0.6064599483204134	255.11305451542353	3.1199342704490323	0.18491951699013237	260.0,174.0,321.0,258.0	9.0,286.0,12.0,541.1130545154235
000009	286	137	TP	0.8541561712846347	145.0927446770477	0.04462325673018526	0.005614384642419154	329.0,173.0,393.0,257.0	9.0,286.0,12.0,431.0927446770477
000009	286	138	TP	0.9544072948328267	73.40346901521352	2.8262182962967235	0.2612876729426461	399.0,285.0,471.0,376.0	9.0,286.0,12.0,359.40346901521355
000009	304	139	TP	0.2026315789473684	168.68073098821742	3.0919283525643193	0.17383281933417497	401.0,188.0,463.0,273.0	9.0,304.0,12.0,472.6807309882174
000009	304	140	TP	0.7999528746465598	70.53230822379165	0.05986850579676817	0.013954455605481267	399.0,217.0,465.0,305.0	9.0,304.0,12.0,374.53230822379163
000009	304	141	TP	0.9900682805710739	56.683524639413505	2.309414314832233	0.08888253042696352	218.0,250.0,290.0,344.0	9.0,304.0,12.0,360.6835246394135
000009	310	142	TP	0.6556650246305419	101.15171883265334	3.040580565199412	0.16361970262354072	430.0,210.0,493.0,298.0	9.0,310.0,12.0,411.15171883265333
000009	310	143	TP	0.964716391246092	98.2955668935031	2.5818982970364037	0.06684097842354969	391.0,233.0,459.0,324.0	9.0,310.0,12.0,408.2955668935031
000009	310	144	TP	0.7071898389657518	79.59215721922953	0.5927640362476618	0.1678373994306939	203.0,221.0,270.0,310.0	9.0,310.0,12.0,389.59215721922953
000009	319	145	TP	0.9766935308211718	146.85803346478983	3.0122046763102586	0.0655862536635714	421.0,251.0,488.0,343.0	9.0,319.0,12.0,465.85803346478986
000009	319	146	TP	0.983864118895966	123.7056156961194	2.8418444604160777	0.053601422843233	346.0,250.0,416.0,342.0	9.0,319.0,12.0,442.70561569611937
000009	319	147	TP	0.8639223911903513	81.8207815256444	2.384274273751602	0.18610550307811619	238.0,182.0,301.0,265.0	9.0,319.0,12.0,400.8207815256444
000009	329	148	TP	0.9693202326047724	186.8277247608723	0.29388395341953405	0.04106137426397927	343.0,278.0,412.0,375.0	9.0,329.0,12.0,515.8277247608723
000009	329	149	TP	0.9939836699613236	186.00770553145824	0.02342345362795047	0.050126882951613105	284.0,245.0,353.0,337.0	9.0,329.0,12.0,515.0077055314582
000009	329	150	TP	0.8604913866139509	149.92948321127236	2.694891298351005	0.1418665774515336	327.0,165.0,387.0,246.0	9.0,329.0,12.0,478.9294832112723
000009	344	151	TP	0.973621103117506	163.74383839795075	3.0731910988216713	0.16225253257515612	224.0,242.0,291.0,335.0	9.0,344.0,12.0,507.74383839795075
000009	344	152	TP	0.9347095535285646	160.02803882534008	0.03078241266115378	0.030800725265819964	260.0,205.0,326.0,292.0	9.0,344.0,12.0,504.0280388253401
000009	344	153	TP	0.9656104151314173	119.45202297975422	2.7346077871459635	0.1570432660431906	442.0,202.0,508.0,288.0	9.0,344.0,12.0,463.45202297975425
000009	356	154	TP	0.5143076136944302	179.98256109353375	3.080170350078419	0.19167922034693732	243.0,191.0,305.0,277.0	9.0,356.0,12.0,535.9825610935337
000009	356	155	TP	0.7743682310469314	143.2090285541744	0.09654456708123826	0.16164814467014596	314.0,185.0,377.0,269.0	9.0,356.0,12.0,499.20902855417444
000009	356	156	TP	0.9771568427493371	22.52654735640905	0.4531185928457797	0.2380781249380906	421.0,259.0,492.0,353.0	9.0,356.0,12.0,378.526547356409
000009	374	157	TP	0.16555740432612312	176.98145975484965	3.0882330497687724	0.16335137288215867	391.0,198.0,451.0,281.0	9.0,374.0,12.0,550.9814597548497
000009	374	158	TP	0.5789990186457311	138.44455287254885	0.20315649473291097	0.12432748976197537	397.0,216.0,462.0,303.0	9.0,374.0,12.0,512.4445528725489
000009	374	159	TP	0.9989754098360656	56.09551032755133	1.4580351961631188	0.7632011753593749	230.0,242.0,301.0,338.0	9.0,374.0,12.0,430.0955103275513
000009	380	160	TP	0.5336962156557802	143.39369557967805	2.9477101124436595	0.028009954622366183	424.0,211.0,486.0,297.0	9.0,380.0,12.0,523.393695579678
000009	380	161	TP	0.9907149489322191	73.97548155691862	0.6256902866460694	0.1305964679397872	394.0,227.0,462.0,317.0	9.0,380.0,12.0,453.9754815569186
000009	380	162	TP	0.6993212669683257	63.301779516273	0.5501865362484275	0.045699706860183646	206.0,224.0,273.0,315.0	9.0,380.0,12.0,443.301779516273
000009	391	163	TP	0.9793904845428634	186.9263358038814	0.24733286368554364	0.016298554669346047	419.0,242.0,486.0,335.0	9.0,391.0,12.0,577.9263358038813
000009	391	164	TP	0.9896373056994818	117.19510029638509	0.669367912932686	0.046046954102464566	344.0,240.0,413.0,333.0	9.0,391.0,12.0,508.1951002963851
000009	391	165	TP	0.7105843439911798	116.40026181893913	0.6639694001574604	0.16712093293711797	245.0,194.0,306.0,277.0	9.0,391.0,12.0,507.40026181893916
000009	402	166	TP	0.9863945578231292	195.7051774998786	0.22775175929479152	0.0024311147135303184	329.0,257.0,399.0,354.0	9.0,402.0,12.0,597.7051774998786
000009	402	167	TP	0.99867197875166	184.41304955353147	0.040528043863898834	0.01332248045575131	278.0,234.0,347.0,325.0	9.0,402.0,12.0,586.4130495535314
000009	402	168	TP	0.6447990543735225	140.24400708050106	0.06440656136488124	0.15060106711400278	342.0,186.0,401.0,265.0	9.0,402.0,12.0,542.2440070805011
000009	414	169	TP	0.9704231433506045	163.55399143010766	0.028275465630009607	0.003417950657725606	230.0,237.0,298.0,331.0	9.0,414.0,12.0,577.5539914301077
000009	414	170	TP	0.8059483178937104	133.67639525683117	3.0398893761441332	0.0607732108574463	259.0,213.0,324.0,300.0	9.0,414.0,12.0,547.6763952568311
000009	414	171	TP	0.6899346405228758	124.65563180551399	2.9633455158744124	0.15973990536816454	435.0,206.0,498.0,290.0	9.0,414.0,12.0,538.655631805514
000009	417	172	TP	0.8985376827896513	194.55422524189245	3.120303737823689	0.16194958668180448	220.0,228.0,287.0,320.0	9.0,417.0,12.0,611.5542252418925
000009	417	173	TP	0.8115104297562201	111.80293750557085	3.077029952275141	0.054710315344836245	266.0,207.0,330.0,293.0	9.0,417.0,12.0,528.8029375055709
000009	417	174	TP	0.9804358593363051	84.33512221183531	3.06522490102978	0.16686292586689797	446.0,214.0,511.0,300.0	9.0,417.0,12.0,501.3351222118353
000009	431	175	TP	0.2738554881412024	131.22489437542905	3.110079262771296	0.18245444030219177	269.0,194.0,329.0,278.0	9.0,431.0,12.0,562.224894375429
000009	431	176	TP	0.7298463197627393	85.48548573930206	0.3964483117797793	0.14167271452458824	336.0,198.0,398.0,281.0	9.0,431.0,12.0,516.485485739302
000009	431	177	TP	0.9918876137712703	74.83317051646517	0.522591148024476	0.04932001952883197	390.0,253.0,462.0,350.0	9.0,431.0,12.0,505.8331705164652
000009	437	178	TP	0.1747133373566687	163.2225619593204	3.069452959855102	0.15096923680557223	313.0,209.0,371.0,287.0	9.0,437.0,12.0,600.2225619593204
000009	437	179	TP	0.44552800222903316	97.77121160628796	0.14462270376500017	0.10163578684087173	366.0,214.0,427.0,295.0	9.0,437.0,12.0,534.7712116062879
000009	437	180	TP	0.9912437810945274	62.83868531905	2.815967481330782	0.0655308433392353	328.0,236.0,401.0,333.0	9.0,437.0,12.0,499.83868531905
000009	451	181	TP	0.3611111111111111	176.3575442471682	2.950597573088986	0.07384588008521313	417.0,216.0,478.0,298.0	9.0,451.0,12.0,627.3575442471682
000009	451	182	TP	0.8562992125984252	168.14143714123574	0.2818295660909694	0.1874011915846072	397.0,223.0,462.0,310.0	9.0,451.0,12.0,619.1414371412358
000009	451	183	TP	0.787557603686636	132.3976597733575	0.32280453163823974	0.030174714545423545	211.0,222.0,278.0,311.0	9.0,451.0,12.0,583.3976597733575
000009	465	184	TP	0.984804469273743	196.5697571066388	3.0631061951554854	0.05633482071928848	412.0,232.0,479.0,324.0	9.0,465.0,12.0,661.5697571066388
000009	465	185	TP	0.9894760412001792	193.73695803085855	3.0922217744683707	0.05903817966935431	336.0,229.0,404.0,320.0	9.0,465.0,12.0,658.7369580308585
000009	465	186	TP	0.44217081850533807	181.3469765477936	3.1015532993149795	0.1837105265041454	258.0,207.0,317.0,286.0	9.0,465.0,12.0,646.3469765477936
000009	477	187	TP	0.9894344313238036	146.46055593496092	3.0147128324903236	0.10592234142070947	303.0,235.0,373.0,330.0	9.0,477.0,12.0,623.4605559349609
000009	477	188	TP	0.8060506566604128	117.73441197205634	2.987017130187146	0.07143012904098166	269.0,224.0,336.0,312.0	9.0,477.0,12.0,594.7344119720564
000009	477	189	TP	0.30776368697803896	84.37774671641122	0.19049754317435422	0.12067774079190847	365.0,208.0,423.0,285.0	9.0,477.0,12.0,561.3777467164113
000009	484	190	TP	0.9854695293862503	132.11802555839574	0.14075226459416634	0.021032143267425113	244.0,229.0,313.0,322.0	9.0,484.0,12.0,616.1180255583957
000009	484	191	TP	0.5764291110551498	113.05189880937034	2.98611515319365	0.06910906947334262	259.0,219.0,323.0,304.0	9.0,484.0,12.0,597.0518988093703
000009	484	192	TP	0.07712230215827338	70.61176064861645	2.8613670243153764	0.16685325193732164	420.0,214.0,481.0,294.0	9.0,484.0,12.0,554.6117606486165
000009	490	193	TP	0.8055818353831599	204.94606999038703	3.1267229521867868	0.157168303874176	220.0,222.0,286.0,311.0	9.0,490.0,12.0,694.9460699903871
000009	490	194	TP	0.5144370860927152	100.9032639185931	3.080612951335089	0.0356479026826129	268.0,214.0,331.0,298.0	9.0,490.0,12.0,590.9032639185931
000009	490	195	TP	0.9776349614395887	25.52136473500218	0.46034314717129715	0.0598785369484976	445.0,220.0,509.0,305.0	9.0,490.0,12.0,515.5213647350022
000009	495	196	TP	0.4777348777348777	185.72901392136492	3.074839752297137	0.16812690686546936	223.0,216.0,286.0,301.0	9.0,495.0,12.0,680.7290139213649
000009	495	197	TP	0.19459757442116868	182.74475322180726	0.11190590405342447	0.15123107234573238	289.0,212.0,350.0,294.0	9.0,495.0,12.0,677.7447532218073
000009	495	198	TP	0.9883068288119738	161.05695101788098	0.10645667382109206	0.04856301102043583	445.0,227.0,512.0,316.0	9.0,495.0,12.0,656.0569510178809
000012	2	199	TP	0.9474909467149508	155.56939224858402	1.5530068305298863	0.07951451709849991	146.0,226.0,215.0,295.0	12.0,2.0,15.0,157.56939224858402
000012	2	200	TP	0.9519650655021834	125.0546779027482	0.22880805808345314	0.09014038458077804	210.0,296.0,291.0,385.0	12.0,2.0,15.0,127.0546779027482
000012	7	201	TP	0.9470603884011706	248.76024878367843	0.07059721059263493	0.005450663188184214	167.0,156.0,235.0,225.0	12.0,7.0,15.0,255.76024878367843
000012	7	202	TP	0.9782140292075653	172.6490523198591	0.10123108241913678	0.0514023514118047	193.0,259.0,283.0,334.0	12.0,7.0,15.0,179.6490523198591
000012	14	203	TP	0.9551867219917013	149.56327313818318	1.3784232945163715	0.07105221862339468	242.0,85.0,307.0,154.0	12.0,14.0,15.0,163.56327313818318
000012	14	204	TP	0.9971867007672635	123.51449500872349	1.4644175648982078	0.14980804469495984	211.0,186.0,296.0,250.0	12.0,14.0,15.0,137.5144950087235
000012	26	205	TP	0.9233324107389981	235.5710746297651	0.1685515597687531	0.006988747554297044	413.0,86.0,479.0,156.0	12.0,26.0,15.0,261.5710746297651
000012	26	206	TP	0.9764797105195141	162.67799514233064	1.405273112913022	0.11052579802383	310.0,114.0,381.0,200.0	12.0,26.0,15.0,188.67799514233064
000012	34	207	TP	0.9361532322426177	196.12798587879846	1.492919218454027	0.0974812278571578	490.0,171.0,558.0,240.0	12.0,34.0,15.0,230.12798587879846
000012	34	208	TP	0.9629440327114746	130.9520249991566	0.2528637022164553	0.01731407777512803	402.0,136.0,467.0,223.0	12.0,34.0,15.0,164.9520249991566
000012	43	209	TP	0.9726720647773279	209.5673773028986	0.20719573081689716	0.005253940841267541	488.0,300.0,558.0,370.0	12.0,43.0,15.0,252.5673773028986
000012	43	210	TP	0.9818317570930811	168.07924944790557	1.4904205267457407	0.1635956049321733	437.0,209.0,525.0,287.0	12.0,43.0,15.0,211.07924944790557
000012	49	211	TP	0.9997532082922014	243.67865194107628	0.0854225604514589	0.007340590503860502	428.0,371.0,499.0,441.0	12.0,49.0,15.0,292.6786519410763
000012	49	212	TP	0.9849987902250181	184.56869952036263	1.5444518913156686	0.13229687073473692	428.0,278.0,516.0,344.0	12.0,49.0,15.0,233.56869952036263
000012	60	213	TP	1.0	158.64528927359368	1.7124264178836281	0.10973369274993523	258.0,392.0,330.0,465.0	12.0,60.0,15.0,218.64528927359368
000012	60	214	TP	0.9520089285714286	146.53421993613242	1.5213106154394762	0.14219119801792024	354.0,348.0,437.0,437.0	12.0,60.0,15.0,206.53421993613242
000012	66	215	TP	0.9841269841269841	255.8799575746738	0.2053770850285732	0.014636746530676852	181.0,339.0,251.0,409.0	12.0,66.0,15.0,321.87995757467377
000012	66	216	TP	0.9437402712919725	139.37943688760691	0.14805374572237476	0.02833343330600799	295.0,341.0,362.0,434.0	12.0,66.0,15.0,205.37943688760691
000012	73	217	TP	0.9760019792182089	259.5041313084054	0.07780634864912776	0.007635184800704984	146.0,240.0,214.0,312.0	12.0,73.0,15.0,332.5041313084054
000012	73	218	TP	0.9735345581802275	139.15647990673503	0.3317004837077138	0.11239878503395216	218.0,304.0,295.0,394.0	12.0,73.0,15.0,212.15647990673503
000012	83	219	TP	0.9478494623655914	174.13551073575337	1.519735031728676	0.07499321847484205	203.0,121.0,268.0,195.0	12.0,83.0,15.0,257.13551073575337
000012	83	220	TP	0.9805034550839091	112.32393131094182	1.2565284532648635	0.15148085202244518	198.0,228.0,286.0,293.0	12.0,83.0,15.0,195.32393131094182
000012	100	221	TP	0.9175627240143369	225.19016809441266	0.11323045076214279	0.010119410118165256	431.0,108.0,495.0,181.0	12.0,100.0,15.0,325.1901680944127
000012	100	222	TP	0.9592427031291086	97.17859234712054	0.46755798839382534	0.013847739529515395	329.0,126.0,394.0,211.0	12.0,100.0,15.0,197.17859234712054
000012	108	223	TP	0.9195668986852281	162.75295170703788	1.5457811627688531	0.09851212045391305	496.0,190.0,564.0,263.0	12.0,108.0,15.0,270.7529517070379
000012	108	224	TP	0.9407236335642802	131.23247911334067	1.4785153531221173	0.120531307549856	414.0,153.0,479.0,239.0	12.0,108.0,15.0,239.23247911334067
000012	117	225	TP	0.9231316725978648	257.31011843315815	0.05013233686406216	0.000980181352513927	479.0,309.0,550.0,383.0	12.0,117.0,15.0,374.31011843315815
000012	117	226	TP	0.9764474975466143	143.82564341901977	0.24306500569483455	0.00610155437462202	437.0,227.0,526.0,300.0	12.0,117.0,15.0,260.8256434190198
000012	130	227	TP	0.9509847806624888	128.98931044424484	1.6740325196480774	0.13953515064963232	296.0,387.0,369.0,463.0	12.0,130.0,15.0,258.98931044424484
000012	130	228	TP	0.9788929571397803	106.73871636943521	1.565088535352678	0.15022375034990756	373.0,341.0,464.0,422.0	12.0,130.0,15.0,236.73871636943522
000012	137	229	TP	0.9424493554327809	278.27596528996344	0.10041927077160709	0.003803870534116954	195.0,341.0,267.0,416.0	12.0,137.0,15.0,415.27596528996344
000012	137	230	TP	0.9616114743724953	180.07989397643263	1.5520987098630479	0.10696354565295978	311.0,341.0,382.0,434.0	12.0,137.0,15.0,317.07989397643263
000012	142	231	TP	0.9497367161321206	286.28026833639484	0.0994475363273032	0.011040386019156313	153.0,281.0,225.0,354.0	12.0,142.0,15.0,428.28026833639484
000012	142	232	TP	0.978367958877704	163.85060001277142	0.34628630815449857	0.12064841002193977	248.0,322.0,318.0,415.0	12.0,142.0,15.0,305.85060001277145
000012	148	233	TP	0.9585185185185185	174.39635035519223	0.04906966294849543	0.015699859754668533	155.0,194.0,222.0,273.0	12.0,148.0,15.0,322.3963503551922
000012	148	234	TP	0.9846666666666667	57.187450525808075	1.087549920514917	0.07156945119541325	197.0,281.0,285.0,359.0	12.0,148.0,15.0,205.18745052580806
000012	171	235	TP	0.9076795120598835	110.63730896326769	0.7561094333112504	0.11777931347505882	425.0,119.0,487.0,196.0	12.0,171.0,15.0,281.6373089632677
000012	171	236	TP	0.9291723202170963	107.47976424751305	1.5915625493010779	0.13024240947993643	325.0,140.0,390.0,222.0	12.0,171.0,15.0,278.47976424751306
000012	177	237	TP	0.9188001034393587	234.1010116364075	0.06011774888332034	0.01722081601644006	481.0,166.0,546.0,245.0	12.0,177.0,15.0,411.1010116364075
000012	177	238	TP	0.8548777210427304	111.26334959966508	1.5356799154943255	0.10577791309163198	393.0,153.0,452.0,236.0	12.0,177.0,15.0,288.26334959966505
000012	190	239	TP	0.9112322791712105	135.78863048339835	1.3054487835563393	0.055573185780017804	466.0,312.0,538.0,394.0	12.0,190.0,15.0,325.7886304833984
000012	190	240	TP	0.9823030303030303	122.28884028648126	1.460472629053125	0.10912261577490834	435.0,244.0,525.0,312.0	12.0,190.0,15.0,312.2888402864813
000012	199	241	TP	0.9500102859493931	225.18233377765227	0.030779179681717294	0.01686265417686364	336.0,366.0,410.0,450.0	12.0,199.0,15.0,424.1823337776523
000012	199	242	TP	0.9630901287553648	135.73157383855286	0.28388246997790617	0.11538643349046075	392.0,324.0,486.0,396.0	12.0,199.0,15.0,334.7315738385529
000012	207	243	TP	0.9555369127516778	163.7191880683151	1.6568136347626272	0.13653813951828056	211.0,337.0,284.0,420.0	12.0,207.0,15.0,370.71918806831513
000012	207	244	TP	0.9777732043630376	150.6052296076708	0.14367749522056864	0.01806313914146618	327.0,337.0,402.0,427.0	12.0,207.0,15.0,357.6052296076708
000012	215	245	TP	0.9762502854532998	259.96387202703704	0.055996410870244505	0.002977085745139371	148.0,253.0,218.0,334.0	12.0,215.0,15.0,474.96387202703704
000012	215	246	TP	0.9893730074388948	116.63930314361889	0.11273452282097265	0.006165600800337531	230.0,310.0,304.0,399.0	12.0,215.0,15.0,331.6393031436189
000012	221	247	TP	0.9694956949569495	151.9286430580455	0.014231086130218198	0.00175356169857631	160.0,191.0,227.0,275.0	12.0,221.0,15.0,372.9286430580455
000012	221	248	TP	0.9904252950345135	105.74802603287529	0.439538175914287	0.2189682383331072	196.0,275.0,284.0,347.0	12.0,221.0,15.0,326.74802603287526
000012	228	249	TP	0.9620044052863436	159.67264959305447	0.054846048107207786	0.006986690263110397	222.0,140.0,283.0,220.0	12.0,228.0,15.0,387.6726495930545
000012	228	250	TP	0.9623082921757213	154.46358720725513	0.16889080573047435	0.023285338334730326	204.0,222.0,289.0,285.0	12.0,228.0,15.0,382.46358720725516
000012	239	251	TP	0.8484848484848485	126.53489659471474	0.057021188936853845	0.016285360073552482	367.0,122.0,426.0,200.0	12.0,239.0,15.0,365.5348965947147
000012	239	252	TP	0.8984743411927878	125.83952516500159	0.529698672262835	0.08563290138592104	278.0,162.0,356.0,234.0	12.0,239.0,15.0,364.8395251650016
000012	249	253	TP	0.8901734104046243	122.89883106132282	1.4746986888312528	0.07859614114240167	475.0,172.0,538.0,253.0	12.0,249.0,15.0,371.8988310613228
000012	249	254	TP	0.747386267307149	109.58122421548107	1.6205993797914273	0.11058466334344974	386.0,166.0,444.0,246.0	12.0,249.0,15.0,358.5812242154811
000012	260	255	TP	0.9423736075407027	246.26780870493525	0.06101510372025159	0.003935080695820705	486.0,272.0,558.0,361.0	12.0,260.0,15.0,506.26780870493525
000012	260	256	TP	0.9215928765767994	149.28329657569876	0.39388381809728035	0.02805264263397254	436.0,224.0,522.0,295.0	12.0,260.0,15.0,409.2832965756987
000012	284	257	TP	0.9856638271348431	260.03133884447624	0.04188779585772726	0.004663771160794072	164.0,278.0,237.0,368.0	12.0,284.0,15.0,544.0313388444763
000012	284	258	TP	0.9911523067200337	162.73341900022163	0.07616450784527604	0.03083284942712903	270.0,317.0,342.0,404.0	12.0,284.0,15.0,446.7334190002216
000012	298	259	TP	0.9367369589345172	110.34545712777985	1.4648715193192703	0.05014842776974945	209.0,166.0,270.0,247.0	12.0,298.0,15.0,408.34545712777987
000012	298	260	TP	0.8780365639869772	91.5517957024262	0.2266976135261804	0.09379358396173225	199.0,235.0,286.0,299.0	12.0,298.0,15.0,389.5517957024262
000012	307	261	TP	0.8293055980422147	105.3398991643751	0.05641834166630908	0.04823887930642315	321.0,144.0,379.0,222.0	12.0,307.0,15.0,412.3398991643751
000012	307	262	TP	0.44946957007258515	64.54544922530444	2.054191859382883	0.12774373472371137	249.0,189.0,331.0,252.0	12.0,307.0,15.0,371.5454492253044
000012	319	263	TP	0.8704318936877077	167.6301998865766	0.018633109730093744	0.018390138695746204	462.0,177.0,523.0,258.0	12.0,319.0,15.0,486.63019988657663
000012	319	264	TP	0.5657492354740061	66.44552897173858	1.6296379027390506	0.10017197556023281	370.0,181.0,427.0,255.0	12.0,319.0,15.0,385.44552897173855
000012	336	265	TP	0.9656702025072325	193.0677005066642	0.10835363638179639	0.012931515254665371	444.0,289.0,518.0,385.0	12.0,336.0,15.0,529.0677005066642
000012	336	266	TP	0.6232991167343042	159.43535192049356	1.447393157783067	0.06604803717652034	431.0,256.0,521.0,323.0	12.0,336.0,15.0,495.43535192049353
000012	343	267	TP	0.9769908322847385	212.9904987413074	0.05630995904231289	0.003886180656894733	336.0,312.0,412.0,411.0	12.0,343.0,15.0,555.9904987413074
000012	343	268	TP	0.9133513851280983	81.55242049732405	0.6686299994918373	0.09359134073057072	392.0,298.0,487.0,369.0	12.0,343.0,15.0,424.5524204973241
000012	350	269	TP	0.9890232558139535	159.48565874858102	0.06943970986238746	0.0030707213470100676	222.0,297.0,297.0,395.0	12.0,350.0,15.0,509.48565874858105
000012	350	270	TP	0.9860254829428688	156.46262723016787	0.027314062069850535	0.016444633346533875	335.0,316.0,416.0,393.0	12.0,350.0,15.0,506.46262723016787
000012	357	271	TP	0.9866108786610879	166.5114906091678	0.03667950757920781	0.004692924100746806	156.0,252.0,228.0,344.0	12.0,357.0,15.0,523.5114906091678
000012	357	272	TP	0.9988886419204268	93.36478898126249	1.3236970650625288	0.22348293710812522	250.0,303.0,322.0,381.0	12.0,357.0,15.0,450.3647889812625
000012	363	273	TP	0.9609876543209876	145.41864439644914	0.1098082506827493	0.009844539732964253	158.0,209.0,223.0,296.0	12.0,363.0,15.0,508.41864439644917
000012	363	274	TP	0.9885675857431069	126.40477734669614	0.1667715524735908	0.019933144969684607	200.0,265.0,287.0,335.0	12.0,363.0,15.0,489.40477734669616
000012	368	275	TP	0.8390772651473041	101.88107813775717	0.10428187850274681	0.05962482439015647	193.0,190.0,254.0,271.0	12.0,368.0,15.0,469.8810781377572
000012	368	276	TP	0.9251439539347409	78.22720701123522	0.7892070112630474	0.02509671312950433	195.0,244.0,284.0,309.0	12.0,368.0,15.0,446.22720701123524
000012	383	277	TP	0.5878205128205128	65.30024664487762	0.08538189013153676	0.12385409233690389	374.0,173.0,430.0,250.0	12.0,383.0,15.0,448.30024664487763
000012	383	278	TP	0.5651127819548872	57.74803554803606	0.982762601325893	0.06679976595883415	286.0,199.0,359.0,262.0	12.0,383.0,15.0,440.74803554803606
000012	387	279	TP	0.6976241900647948	60.9415723302476	0.4320019683192739	3.856221315195005	421.0,181.0,479.0,259.0	12.0,387.0,15.0,447.9415723302476
000012	387	280	TP	0.6547619047619048	40.60063867089182	1.1540174712509668	0.17226228713558037	326.0,198.0,388.0,263.0	12.0,387.0,15.0,427.60063867089184
000012	393	281	TP	0.8095502498611882	160.5779469016648	0.025482931483888766	0.023427727561950547	476.0,200.0,537.0,282.0	12.0,393.0,15.0,553.5779469016647
000012	393	282	TP	0.28481432360742703	109.4445601100014	1.6113382865371708	0.07917146469957276	391.0,203.0,448.0,270.0	12.0,393.0,15.0,502.4445601100014
000012	399	283	TP	0.9230769230769231	182.58429650187782	0.06866900898017785	0.015377425683422475	499.0,227.0,565.0,314.0	12.0,399.0,15.0,581.5842965018778
000012	399	284	TP	0.7515598411798071	135.31854891022311	0.8589917032610385	0.08144228749345538	428.0,218.0,500.0,284.0	12.0,399.0,15.0,534.3185489102232
000012	409	285	TP	0.9849981010254463	187.28520126258792	0.24988653794526924	0.10037725061259617	432.0,270.0,506.0,368.0	12.0,409.0,15.0,596.2852012625879
000012	409	286	TP	0.3063363506431634	91.37846299629213	1.3916009789138568	0.10259498503256673	428.0,256.0,517.0,323.0	12.0,409.0,15.0,500.3784629962921
000012	423	287	TP	0.9958809211758097	233.45628542533373	1.3434969760672737	0.08305737516634183	209.0,266.0,284.0,366.0	12.0,423.0,15.0,656.4562854253337
000012	423	288	TP	0.9980506822612085	120.64911134647038	1.6889609503274534	0.08009491419116853	325.0,294.0,403.0,368.0	12.0,423.0,15.0,543.6491113464704
000012	438	289	TP	0.6931911402789172	141.8360835173548	1.47067267454155	0.0894140870305237	175.0,210.0,237.0,291.0	12.0,438.0,15.0,579.8360835173548
000012	438	290	TP	0.9747801943544655	82.48408701126094	1.4125055970530158	0.20305833662254713	196.0,245.0,284.0,312.0	12.0,438.0,15.0,520.484087011261
000012	455	*	FN	0.39494362828834984	*	*	*	365.0,200.0,420.0,274.0	*
000012	455	*	FN	0.6212307692307693	*	*	*	280.0,220.0,354.0,280.0	*
000012	471	291	TP	0.9370219275879653	174.16553618767134	0.08293280520638645	0.059302855966767036	496.0,225.0,560.0,310.0	12.0,471.0,15.0,645.1655361876714
000012	471	292	TP	0.5546707503828484	38.01138726783669	2.163354096385321	0.2281135699859822	424.0,230.0,493.0,291.0	12.0,471.0,15.0,509.0113872678367
000012	482	293	TP	0.982069771974274	215.03518366366546	0.12992056997399698	0.025272640917515084	428.0,244.0,501.0,342.0	12.0,482.0,15.0,697.0351836636655
000012	482	294	TP	0.26440922190201727	165.2682324902747	1.3988057070134046	0.06217721990749774	427.0,250.0,516.0,316.0	12.0,482.0,15.0,647.2682324902747
000012	490	295	TP	0.9957821382725105	177.0678406234938	0.19595845086662478	0.037384264064568226	298.0,247.0,374.0,348.0	12.0,490.0,15.0,667.0678406234938
000012	490	296	TP	0.9266110998170359	134.7201838695196	1.500774450656193	0.06180371709781345	375.0,264.0,468.0,335.0	12.0,490.0,15.0,624.7201838695196
000020	3	297	TP	0.9395124195032198	76.123227733365	1.2663031929572894	0.08963281557637295	297.0,193.0,367.0,273.0	20.0,3.0,23.0,79.123227733365
000020	3	298	TP	0.9588364434687157	39.490551704324304	0.3224890915276875	0.23543590020725783	277.0,115.0,343.0,184.0	20.0,3.0,23.0,42.490551704324304
000020	11	299	TP	0.9282877832282177	151.79848455400958	0.1201977390186034	0.01795508958037351	323.0,182.0,393.0,261.0	20.0,11.0,23.0,162.79848455400958
000020	11	300	TP	0.9670527670527671	63.378671820603934	2.3226911611922496	0.22851788202193135	357.0,113.0,435.0,178.0	20.0,11.0,23.0,74.37867182060393
000020	17	301	TP	0.9392423159399571	179.46426469261905	0.12559621019848638	0.003424657889867747	342.0,185.0,413.0,259.0	20.0,17.0,23.0,196.46426469261905
000020	17	302	TP	0.9677341680712738	80.20218934006373	1.2109801169309888	0.2425100137489804	410.0,149.0,493.0,216.0	20.0,17.0,23.0,97.20218934006373
000020	21	303	TP	0.9578211617257171	102.79901848016198	1.403127759088301	0.17720330855372093	352.0,192.0,424.0,264.0	20.0,21.0,23.0,123.79901848016198
000020	21	304	TP	0.9671676300578035	92.51321007460801	2.4024379172911634	0.2083475869246947	437.0,182.0,519.0,254.0	20.0,21.0,23.0,113.51321007460801
000020	28	305	TP	0.9498401770346693	186.90404841078285	0.4474722959037469	0.017888086088350446	363.0,212.0,435.0,283.0	20.0,28.0,23.0,214.90404841078285
000020	28	306	TP	0.9835958005249343	123.26962361089514	1.5981778887974032	0.12480048793577282	458.0,243.0,530.0,331.0	20.0,28.0,23.0,151.26962361089514
000020	41	307	TP	1.0	199.2716244148911	0.2958331504739168	0.022176709629525986	346.0,250.0,417.0,321.0	20.0,41.0,23.0,240.2716244148911
000020	41	308	TP	0.969534787978592	111.29579228588598	0.35915158118197216	0.1009906068661163	353.0,341.0,425.0,434.0	20.0,41.0,23.0,152.29579228588597
000020	51	309	TP	0.9695937728046704	103.49074182404706	1.6197570686775051	0.20840108143969777	311.0,255.0,383.0,325.0	20.0,51.0,23.0,154.49074182404706
000020	51	310	TP	0.9664970313825275	48.29311266157127	2.3698668093507584	0.14455575668621817	237.0,339.0,323.0,412.0	20.0,51.0,23.0,99.29311266157127
000020	58	311	TP	0.978317228376149	123.19662784358152	1.1194533540375107	0.2972403803086371	292.0,241.0,365.0,314.0	20.0,58.0,23.0,181.19662784358152
000020	58	312	TP	0.9690888119953864	82.45453427758775	1.427913884499113	0.10888186085856848	191.0,274.0,274.0,341.0	20.0,58.0,23.0,140.45453427758775
000020	67	313	TP	0.9636994219653179	109.07643737880704	0.2228843082302465	0.044536706493000594	285.0,214.0,356.0,291.0	20.0,67.0,23.0,176.07643737880704
000020	67	314	TP	0.9820248480042294	83.8376781180396	1.6957283166302997	0.3975836906269792	205.0,172.0,274.0,241.0	20.0,67.0,23.0,150.8376781180396
000020	81	315	TP	0.8441734417344173	65.57284590874305	1.8432810257350598	0.3503423470429582	315.0,180.0,384.0,266.0	20.0,81.0,23.0,146.57284590874303
000020	81	316	TP	0.921623907527488	65.05548623696654	2.553093480151332	0.23139646442028702	335.0,120.0,407.0,183.0	20.0,81.0,23.0,146.05548623696654
000020	88	317	TP	0.7992198256080771	106.93177481713847	1.6656763179684293	0.32281560531113335	337.0,179.0,407.0,261.0	20.0,88.0,23.0,194.9317748171385
000020	88	318	TP	0.9535116220944764	88.43263274818133	2.3441828261809143	0.05546227003048984	397.0,145.0,477.0,211.0	20.0,88.0,23.0,176.43263274818133
000020	94	319	TP	0.8774982365389137	63.556435556881034	2.390126196212696	0.1883826967614327	353.0,188.0,424.0,264.0	20.0,94.0,23.0,157.55643555688104
000020	94	320	TP	0.9673686646609582	44.63501663778486	0.5057506950972535	0.17144125784161887	439.0,183.0,520.0,262.0	20.0,94.0,23.0,138.63501663778487
000020	104	321	TP	0.9441997063142438	161.6989120856439	1.9476562119470222	0.08040342071793123	363.0,213.0,434.0,285.0	20.0,104.0,23.0,265.6989120856439
000020	104	322	TP	0.9855345911949686	58.90123693399286	0.8075938547439852	0.025753945762515558	445.0,265.0,516.0,359.0	20.0,104.0,23.0,162.90123693399286
000020	126	323	TP	0.953375086986778	110.57014769246014	1.882542929174566	0.1730435217281893	303.0,238.0,376.0,312.0	20.0,126.0,23.0,236.57014769246013
000020	126	324	TP	0.9723733779824194	99.85085810550456	0.8061429738607384	0.1251544564059914	214.0,309.0,301.0,383.0	20.0,126.0,23.0,225.85085810550456
000020	133	325	TP	0.9523274117382505	114.44020747221187	2.054726006384896	0.135093911235617	287.0,223.0,360.0,302.0	20.0,133.0,23.0,247.44020747221185
000020	133	326	TP	0.9717761557177615	68.72489019582011	0.4825131489801871	0.21426465433897382	186.0,242.0,265.0,309.0	20.0,133.0,23.0,201.7248901958201
000020	160	327	TP	0.6333333333333333	107.76125172329084	1.0560149725575092	0.15884774419188827	340.0,178.0,409.0,264.0	20.0,160.0,23.0,267.76125172329085
000020	160	328	TP	0.9249241658240647	93.7341035137647	0.778999419692498	0.09060959141468126	402.0,156.0,481.0,225.0	20.0,160.0,23.0,253.7341035137647
000020	167	329	TP	0.8245695672405771	97.83490766410958	2.089298746263681	0.0744714926810294	357.0,188.0,427.0,269.0	20.0,167.0,23.0,264.83490766410955
000020	167	330	TP	0.9644752018454441	90.25924370118469	0.0705955819648013	0.052274748939173867	445.0,192.0,524.0,277.0	20.0,167.0,23.0,257.2592437011847
000020	174	331	TP	0.9347929557353641	114.23202223081823	1.8485153759904127	0.11691892095801955	364.0,203.0,434.0,279.0	20.0,174.0,23.0,288.23202223081825
000020	174	332	TP	0.9904947072801901	102.55854581982355	0.31069700588820276	0.00566342757240541	452.0,244.0,524.0,338.0	20.0,174.0,23.0,276.55854581982356
000020	189	333	TP	0.9284185493460166	130.355475532152	1.3418481589595992	0.09605239133458326	333.0,229.0,404.0,303.0	20.0,189.0,23.0,319.355475532152
000020	189	334	TP	0.9813881349360217	111.7131083051452	0.8020613937620421	0.03868549405345151	301.0,314.0,383.0,411.0	20.0,189.0,23.0,300.71310830514517
000020	197	335	TP	0.941163260723108	125.39870677042335	1.4876040354834643	0.07580377209972959	306.0,227.0,378.0,307.0	20.0,197.0,23.0,322.39870677042336
000020	197	336	TP	0.9847328244274809	56.03957357951099	1.4300430605302688	0.17277452049770134	217.0,295.0,306.0,377.0	20.0,197.0,23.0,253.039573579511
000020	208	337	TP	0.984766050054407	113.47683015114518	2.271409698880924	0.6226657581761507	286.0,209.0,357.0,296.0	20.0,208.0,23.0,321.4768301511452
000020	208	338	TP	0.9133010231556273	66.78152669021951	1.4142790017377698	0.029175135012561325	194.0,210.0,264.0,274.0	20.0,208.0,23.0,274.7815266902195
000020	217	339	TP	0.921804170444243	112.64413807356061	0.15946158164003357	0.14133752959299126	294.0,190.0,362.0,280.0	20.0,217.0,23.0,329.6441380735606
000020	217	340	TP	0.5137997432605905	101.70808315961601	2.5905347958125478	0.18979092777395395	258.0,164.0,320.0,227.0	20.0,217.0,23.0,318.708083159616
000020	223	341	TP	0.6454671600370028	100.14010760494139	2.645030117655255	0.09611594762260697	312.0,183.0,378.0,272.0	20.0,223.0,23.0,323.14010760494136
000020	223	342	TP	0.5434250764525994	73.27977796673092	2.0065754397899247	0.055351507311674486	319.0,152.0,383.0,215.0	20.0,223.0,23.0,296.27977796673093
000020	230	343	TP	0.4110929853181077	149.36909010776148	2.413469991851953	0.110367182488934	333.0,179.0,401.0,268.0	20.0,230.0,23.0,379.3690901077615
000020	230	344	TP	0.7595511621693829	63.91830211648923	2.082255600706728	0.13448615951705822	381.0,157.0,456.0,227.0	20.0,230.0,23.0,293.91830211648926
000020	234	345	TP	0.5181311018131102	113.98034628455471	1.747668729838929	0.11338641559345738	345.0,180.0,413.0,268.0	20.0,234.0,23.0,347.9803462845547
000020	234	346	TP	0.8543096872616324	63.118199713701635	2.8212539522432567	0.2980278844373907	413.0,168.0,491.0,244.0	20.0,234.0,23.0,297.11819971370164
000020	240	347	TP	0.8237619158335271	114.93465917344422	2.585225336042272	0.09185491390289521	357.0,187.0,427.0,272.0	20.0,240.0,23.0,354.93465917344423
000020	240	348	TP	0.9724596391263058	111.06623503281769	0.4410144209255487	0.058483137834871385	446.0,196.0,524.0,282.0	20.0,240.0,23.0,351.0662350328177
000020	260	349	TP	0.8804597701149425	136.17626650500864	1.9620475515466123	0.11497609476102418	338.0,218.0,407.0,299.0	20.0,260.0,23.0,396.17626650500864
000020	260	350	TP	0.9871668311944719	110.26087370679106	1.899197616090334	0.11829048508082571	318.0,292.0,397.0,391.0	20.0,260.0,23.0,370.2608737067911
000020	269	351	TP	0.9113730626500764	95.16271784321503	1.2660778991363337	0.14118682229646598	307.0,218.0,379.0,304.0	20.0,269.0,23.0,364.16271784321503
000020	269	352	TP	0.9905400078833267	94.95858180226243	1.2783325217805253	0.0869818050325216	219.0,277.0,310.0,366.0	20.0,269.0,23.0,363.9585818022624
000020	277	353	TP	0.9503361526783778	149.47623129336426	2.408284528956487	0.1797905084374954	290.0,209.0,361.0,299.0	20.0,277.0,23.0,426.47623129336426
000020	277	354	TP	0.9242565055762082	75.52587350849552	1.679463832235933	0.05346179689534466	188.0,234.0,267.0,306.0	20.0,277.0,23.0,352.5258735084955
000020	288	355	TP	0.9206200093940817	132.282015530567	0.07868380569036976	0.06407590310145068	294.0,192.0,361.0,281.0	20.0,288.0,23.0,420.28201553056704
000020	288	356	TP	0.4852941176470588	98.39050330380311	1.659052943062103	0.11274917744537268	250.0,180.0,311.0,246.0	20.0,288.0,23.0,386.39050330380314
000020	298	357	TP	0.3281628696073679	168.4410667491521	2.5353287347011637	0.11448747190694263	322.0,184.0,388.0,272.0	20.0,298.0,23.0,466.4410667491521
000020	298	358	TP	0.5339105339105339	167.1454500374923	1.096662831753893	0.14348751799150428	346.0,166.0,414.0,235.0	20.0,298.0,23.0,465.1454500374923
000020	305	359	TP	0.32477597481230325	106.15495411860806	2.613942500192473	0.11350861218437966	342.0,183.0,409.0,271.0	20.0,305.0,23.0,411.1549541186081
000020	305	360	TP	0.7740652346857597	87.6999363012646	1.2589130155483186	0.1408320397414688	404.0,175.0,480.0,252.0	20.0,305.0,23.0,392.6999363012646
000020	310	361	TP	0.713877648179005	118.31652675360145	2.2043721474515277	0.06807880309492652	354.0,186.0,422.0,274.0	20.0,310.0,23.0,428.31652675360147
000020	310	362	TP	0.920779549481144	114.13990143425545	0.9766755198284228	0.13614887212230528	435.0,190.0,514.0,274.0	20.0,310.0,23.0,424.1399014342554
000020	314	363	TP	0.7517062838314897	124.96922158123157	0.6668461811860404	0.08517230601482557	361.0,190.0,430.0,276.0	20.0,314.0,23.0,438.9692215812316
000020	314	364	TP	0.9696673189823874	106.73204878707344	0.938856511691217	0.16947775963852557	451.0,206.0,528.0,294.0	20.0,314.0,23.0,420.73204878707344
000020	327	365	TP	0.8633867276887872	175.00599193226645	2.2869803207339787	0.06842520732651126	354.0,205.0,422.0,291.0	20.0,327.0,23.0,502.00599193226645
000020	327	366	TP	0.9748733535967579	146.36107127154142	0.12892276129524705	0.024238046264507578	383.0,260.0,456.0,357.0	20.0,327.0,23.0,473.3610712715414
000020	339	367	TP	0.8599128540305011	104.5326515684211	2.424473455662199	0.13885785980181015	315.0,210.0,385.0,299.0	20.0,339.0,23.0,443.5326515684211
000020	339	368	TP	0.9921011058451816	73.22006378796458	1.4547076375028392	0.3105177417661589	238.0,261.0,328.0,356.0	20.0,339.0,23.0,412.2200637879646
000020	346	369	TP	0.8227709790209791	84.34953576045285	2.9946459134426213	0.2098525771610148	295.0,207.0,366.0,298.0	20.0,346.0,23.0,430.34953576045285
000020	346	370	TP	0.9285109983079526	78.00050638515287	1.6396505112234008	0.08336232972828186	192.0,238.0,278.0,321.0	20.0,346.0,23.0,424.0005063851529
000020	358	371	TP	0.9574964969640355	107.6349766028711	0.41016225301577697	0.05934143075249565	291.0,195.0,357.0,284.0	20.0,358.0,23.0,465.6349766028711
000020	358	372	TP	0.48033877797943136	65.95693342710472	1.8881972658034931	0.4172453936224638	232.0,187.0,294.0,254.0	20.0,358.0,23.0,423.95693342710473
000020	372	373	TP	0.11382951326294102	167.85552249332795	2.75081628614132	0.0698446001194044	330.0,188.0,395.0,274.0	20.0,372.0,23.0,539.855522493328
000020	372	374	TP	0.27672955974842767	45.75051398298423	0.34376297500520864	0.2963427526731258	368.0,182.0,438.0,256.0	20.0,372.0,23.0,417.7505139829842
000020	378	375	TP	0.3565812832868374	100.1411361986101	2.777106825598305	0.046505639718345884	347.0,188.0,413.0,275.0	20.0,378.0,23.0,478.14113619861007
000020	378	376	TP	0.776778413736713	85.09525763500146	2.6944367110676177	0.09536738441175921	414.0,189.0,490.0,269.0	20.0,378.0,23.0,463.0952576350015
000020	398	377	TP	0.7665056360708534	149.29858815751464	2.55830732868106	0.03478748370574242	355.0,201.0,423.0,289.0	20.0,398.0,23.0,547.2985881575146
000020	398	378	TP	0.9280589876444799	73.3864558798635	0.32807240269906884	0.07792915292492864	389.0,240.0,462.0,336.0	20.0,398.0,23.0,471.3864558798635
000020	407	379	TP	0.644097995545657	119.89624642401577	2.2436898974105257	0.04901778322504051	328.0,204.0,397.0,294.0	20.0,407.0,23.0,526.8962464240158
000020	407	380	TP	0.9871460132556739	100.91961506595685	2.8525703559290188	0.28740268726662166	277.0,244.0,363.0,342.0	20.0,407.0,23.0,507.91961506595686
000020	413	381	TP	0.7011775161075317	114.64606708685818	1.9019149819193724	0.08201634329999331	309.0,203.0,378.0,295.0	20.0,413.0,23.0,527.6460670868582
000020	413	382	TP	0.9735503560528993	90.10910320405472	0.649238733995549	0.10685836548715316	218.0,235.0,308.0,328.0	20.0,413.0,23.0,503.1091032040547
000020	431	383	TP	0.9041677065136012	93.54687188010666	0.07212265123697241	0.044972952445193615	294.0,194.0,360.0,280.0	20.0,431.0,23.0,524.5468718801067
000020	431	384	TP	0.5884995507637018	70.34486478954211	2.0614642795214793	0.09690047899342298	247.0,189.0,307.0,261.0	20.0,431.0,23.0,501.3448647895421
000020	442	385	TP	0.0340639028254555	121.54431260460518	2.740731208433491	0.07650204958959468	325.0,193.0,388.0,278.0	20.0,442.0,23.0,563.5443126046052
000020	442	386	TP	0.0005938242280285036	117.05369918280242	0.7196815739678797	0.09724060072877576	351.0,198.0,417.0,273.0	20.0,442.0,23.0,559.0536991828025
000020	450	387	TP	0.1800107469102633	130.80225116897552	2.940618200231701	0.033824368604888515	346.0,194.0,412.0,280.0	20.0,450.0,23.0,580.8022511689755
000020	450	388	TP	0.5790225778793942	89.76504370733147	2.8485424405673574	0.10473013373493963	412.0,203.0,488.0,282.0	20.0,450.0,23.0,539.7650437073314
000020	463	389	TP	0.4706172839506173	112.06898953154317	2.431822106863718	0.1251759249997627	364.0,197.0,430.0,284.0	20.0,463.0,23.0,575.0689895315431
000020	463	390	TP	0.8746923249049005	99.77689189310681	2.718050562711104	0.21458021543453018	446.0,216.0,518.0,305.0	20.0,463.0,23.0,562.7768918931068
000020	474	391	TP	0.5207555970149254	106.09692881647028	2.6814230815381928	0.026016953275144642	345.0,199.0,412.0,288.0	20.0,474.0,23.0,580.0969288164703
000020	474	392	TP	0.8864833235810415	86.73487016822307	0.687540158238166	0.11275702686170075	340.0,223.0,416.0,319.0	20.0,474.0,23.0,560.7348701682231
000020	482	393	TP	0.5403225806451613	150.58794246686395	2.3159667431574125	0.06326565460017028	319.0,199.0,387.0,289.0	20.0,482.0,23.0,632.587942466864
000020	482	394	TP	0.930955836616214	128.91111499488568	0.10542486263851643	0.015497154577815664	246.0,220.0,335.0,314.0	20.0,482.0,23.0,610.9111149948857
000020	491	395	TP	0.5538907684871919	75.34086250247803	2.9481976846095743	0.21843896191689322	295.0,197.0,364.0,287.0	20.0,491.0,23.0,566.340862502478
000020	491	396	TP	0.6818894112379673	47.682084179754256	1.2337448132352833	0.21594650496936377	192.0,210.0,275.0,297.0	20.0,491.0,23.0,538.6820841797543
