#  Index into NumPy file "pose_data_tless-10-epos.npz".
#  Created at  6:44PM EDT on Sep 11, 2023
#    DATASET:   tless
#    OBJECT:    10
#    ESTIMATOR: epos
#  The errors reported in this file have taken discrete and continuous object symmetries into account.
#  Bounding boxes are recorded in pixel coordinates as ((upper-left x, y), (lower-right x, y)) with the origin in the upper-left.
#
#  When a row is marked as a TP, it does not necessarily mean that the bounding boxes overlap.
#  For each ground-truth instance, the prediction best overlapping that instance belongs to that ground-truth.
#  All TPs are in the corresponding *.npz file.
#
#  When a row is marked as a FN, it means that there is a ground-truth but the predictor failed to make a prediction at all.
#  FNs are NOT recorded in the *.npz at all.
#
#  When a row is marked as a FP, it means the predictor hallucinated; there is no corresponding ground-truth instance.
#  FPs are NOT recorded in the *.npz at all.
#
#  Scene  <t>  Frame  <t>  Index  <t>  Error cat.  <t>  Visibility ratio  <t>  Score  <t>  R_err(degrees)  <t>  t_err(meters)  <t>  Gr.Tr.BBox  <t>  Pred.BBox
000005	7	0	TP	0.980526237550171	0.0	6.909408072264851	0.015033374337567901	170.0,186.0,261.0,310.0	5.0,7.0,15.0,7.0
000005	20	1	TP	0.9656254262719957	0.0	1.4984976794315383	0.0036967627583460788	254.0,79.0,373.0,191.0	5.0,20.0,15.0,20.0
000005	25	2	TP	0.9684955279668936	0.0	1.8789365571782746	0.009073629246794761	313.0,84.0,437.0,179.0	5.0,25.0,15.0,25.0
000005	31	3	TP	0.9414006043883852	0.0	1.7343409668717487	0.0034873322055598848	383.0,112.0,502.0,201.0	5.0,31.0,15.0,31.0
000005	43	4	TP	0.9459890913928429	0.0	1.3037057349075813	0.005373470719636835	456.0,215.0,553.0,339.0	5.0,43.0,15.0,43.0
000005	56	5	TP	0.961292897047087	0.0	3.5921089528636507	0.0047760492646481386	345.0,335.0,472.0,462.0	5.0,56.0,15.0,56.0
000005	64	6	TP	0.950050454086781	0.0	5.6881966768099606	0.010196806527239801	244.0,358.0,367.0,434.0	5.0,64.0,15.0,64.0
000005	70	7	TP	0.9588157894736842	0.0	6.484765592467677	0.0041001320024695274	177.0,299.0,310.0,404.0	5.0,70.0,15.0,70.0
000005	81	8	TP	0.9538017324350336	0.0	6.220063737963472	0.023284389401395336	184.0,172.0,259.0,283.0	5.0,81.0,15.0,81.0
000005	86	9	TP	0.9231574226341756	0.0	3.5878924748798235	0.004988734693632282	208.0,126.0,293.0,236.0	5.0,86.0,15.0,86.0
000005	94	10	TP	0.9734355744214707	0.0	1.238481968359175	0.004270940929435709	273.0,90.0,393.0,195.0	5.0,94.0,15.0,94.0
000005	100	11	TP	0.9743385188139875	0.0	0.9999610689391866	0.0010926108757017736	347.0,102.0,462.0,195.0	5.0,100.0,15.0,100.0
000005	107	12	TP	0.9738098309895498	0.0	3.251566147730206	0.0066265694708963875	410.0,137.0,534.0,241.0	5.0,107.0,15.0,107.0
000005	117	13	TP	0.9639237940818808	0.0	2.7971355002954716	0.003112452431855026	459.0,232.0,546.0,347.0	5.0,117.0,15.0,117.0
000005	127	14	TP	0.9464845218699085	0.0	1.4679159369089732	0.006873766957738149	365.0,315.0,487.0,442.0	5.0,127.0,15.0,127.0
000005	138	15	TP	0.9557402830824534	0.0	3.6778533020059956	0.0041490631826757995	222.0,333.0,348.0,423.0	5.0,138.0,15.0,138.0
000005	149	16	TP	0.9399166307316372	0.0	3.8486735524479228	0.016932234076488747	165.0,206.0,267.0,321.0	5.0,149.0,15.0,149.0
000005	171	17	TP	0.9691400356604032	0.0	2.3011263612562933	0.001098473541359945	342.0,113.0,455.0,209.0	5.0,171.0,15.0,171.0
000005	188	18	TP	0.9318029265673244	0.0	2.32880196289163	0.00461050104138935	457.0,225.0,551.0,338.0	5.0,188.0,15.0,188.0
000005	195	19	TP	0.91846853050544	0.0	1.7181107761571928	0.0026291947515555444	416.0,282.0,511.0,402.0	5.0,195.0,15.0,195.0
000005	208	20	TP	0.9786928908010654	0.0	0.8599659629595293	0.002157339947238884	241.0,320.0,367.0,422.0	5.0,208.0,15.0,208.0
000005	215	21	TP	0.9673888255416192	0.0	1.2113611261676753	0.006707848404866164	167.0,265.0,301.0,380.0	5.0,215.0,15.0,215.0
000005	221	22	TP	0.9459082671127841	0.0	2.0052671341285118	0.0022535834151533127	166.0,210.0,269.0,324.0	5.0,221.0,15.0,221.0
000005	239	23	TP	0.916419679905157	0.0	2.3730079486478854	0.021430960959402893	289.0,124.0,404.0,226.0	5.0,239.0,15.0,239.0
000005	247	24	TP	0.9410843887861107	0.0	1.4971907045668245	0.004360946291355753	378.0,142.0,486.0,237.0	5.0,247.0,15.0,247.0
000005	254	25	TP	0.9646840148698885	0.0	2.6346434898749473	0.019624086582828913	428.0,173.0,547.0,282.0	5.0,254.0,15.0,254.0
000005	280	26	TP	0.9672018122722348	0.0	0.8303497694132043	0.007209661453620737	246.0,299.0,376.0,409.0	5.0,280.0,15.0,280.0
000005	290	27	TP	0.9559919555187507	0.0	1.6184867212291572	0.0052632211133627526	163.0,227.0,288.0,343.0	5.0,290.0,15.0,290.0
000005	293	28	TP	0.9629481005885501	0.0	1.9801663258929132	0.013440223694711916	166.0,210.0,272.0,323.0	5.0,293.0,15.0,293.0
000005	306	29	TP	0.26737530662305803	0.0	50.74698026468014	0.17165208662717923	237.0,154.0,337.0,254.0	5.0,306.0,15.0,306.0
000005	317	30	TP	0.837575564747057	0.0	4.781805627222684	0.029593785014919202	354.0,155.0,460.0,245.0	5.0,317.0,15.0,317.0
000005	324	31	TP	0.9647684785734829	0.0	8.222526000301087	0.003276743087804327	411.0,173.0,528.0,273.0	5.0,324.0,15.0,324.0
000005	332	32	TP	0.957927915581746	0.0	4.523597126189599	0.00600241574519993	452.0,214.0,553.0,323.0	5.0,332.0,15.0,332.0
000005	341	33	TP	0.9353459119496855	0.0	3.5109306287479014	0.012381765401039075	404.0,259.0,506.0,379.0	5.0,341.0,15.0,341.0
000005	348	34	TP	0.9618942288357129	0.0	1.3661852378301902	0.016109019873949654	301.0,275.0,442.0,397.0	5.0,348.0,15.0,348.0
000005	353	35	TP	0.9691488292633906	0.0	2.2196235520713197	0.02360649470522806	240.0,275.0,368.0,385.0	5.0,353.0,15.0,353.0
000005	364	36	TP	0.9529839687457902	0.0	1.5179264364931377	0.018884104405961617	167.0,211.0,275.0,318.0	5.0,364.0,15.0,364.0
000005	377	37	TP	0.07351904090267983	0.0	86.38514275203858	0.3548267342158966	236.0,176.0,332.0,269.0	5.0,377.0,15.0,377.0
000005	386	38	TP	0.6446529745042493	0.0	16.175360424624138	0.009632032290467026	325.0,173.0,434.0,260.0	5.0,386.0,15.0,386.0
000005	393	39	TP	0.5532588764794132	0.0	20.35932313475823	0.15399360425707415	393.0,185.0,503.0,274.0	5.0,393.0,15.0,393.0
000005	409	40	TP	0.9427184466019417	0.0	4.179423087423546	0.011760348352779988	451.0,235.0,516.0,343.0	5.0,409.0,15.0,409.0
000005	423	41	TP	0.9726027397260274	0.0	1.4026801893160843	0.02157679757082296	258.0,253.0,392.0,363.0	5.0,423.0,15.0,423.0
000005	436	42	TP	0.9646279594137542	0.0	1.399136500927163	0.013191690777652244	168.0,212.0,278.0,310.0	5.0,436.0,15.0,436.0
000005	450	43	TP	0.04318618042226487	0.0	61.02459641414692	0.16650421838375204	240.0,198.0,337.0,283.0	5.0,450.0,15.0,450.0
000005	458	*	FN	0.4813027744270205	*	*	*	319.0,200.0,426.0,280.0	*
000005	463	*	FN	0.014452709883103081	*	*	*	372.0,203.0,472.0,283.0	*
000005	468	*	FN	0.18232623122598673	*	*	*	409.0,208.0,523.0,293.0	*
000005	475	44	TP	0.9353032659409021	0.0	2.0489508663498794	0.017261576479117094	446.0,218.0,550.0,309.0	5.0,475.0,15.0,475.0
000005	486	45	TP	0.9425073196699494	0.0	3.2652642411234916	0.052840299501587064	391.0,229.0,499.0,333.0	5.0,486.0,15.0,486.0
000005	493	46	TP	0.97340930674264	0.0	3.955319436616923	0.03259619513986624	289.0,231.0,428.0,334.0	5.0,493.0,15.0,493.0
000011	4	47	TP	0.9471591637809413	0.0	6.9763788816621535	0.006582712287138971	223.0,379.0,359.0,490.0	11.0,4.0,21.0,4.0
000011	12	48	TP	0.9538904899135446	0.0	1.604650331111865	0.006252206309923539	148.0,286.0,246.0,417.0	11.0,12.0,21.0,12.0
000011	23	49	TP	0.9745762711864406	0.0	3.4647942535287006	0.008179861124040387	141.0,129.0,254.0,249.0	11.0,23.0,21.0,23.0
000011	32	50	TP	0.9745034889962426	0.0	2.7202150746268554	0.009283558591520831	242.0,63.0,361.0,153.0	11.0,32.0,21.0,32.0
000011	37	51	TP	0.9766657674669544	0.0	3.1650588754978917	0.003731763872699418	316.0,54.0,435.0,144.0	11.0,37.0,21.0,37.0
000011	44	52	TP	0.9793197278911565	0.0	5.989845173041879	0.012596225582751542	415.0,77.0,533.0,191.0	11.0,44.0,21.0,44.0
000011	54	53	TP	0.9708682677277248	0.0	5.912738140698292	0.017378406638096415	506.0,205.0,578.0,323.0	11.0,54.0,21.0,54.0
000011	61	54	TP	0.9605734767025089	0.0	5.232484246669061	0.003874013789860923	450.0,303.0,573.0,431.0	11.0,61.0,21.0,61.0
000011	69	55	TP	0.9469259723964868	0.0	3.788117413602007	0.005357008147951037	344.0,401.0,472.0,480.0	11.0,69.0,21.0,69.0
000011	76	56	TP	0.9581297201243891	0.0	3.0627286431237137	0.012254955410071388	230.0,371.0,369.0,478.0	11.0,76.0,21.0,76.0
000011	92	57	TP	0.9582312925170068	0.0	4.717104927516627	0.005342121643276662	134.0,180.0,227.0,293.0	11.0,92.0,21.0,92.0
000011	99	58	TP	0.9653425753132499	0.0	3.7624728101675102	0.01822664826365352	172.0,105.0,293.0,211.0	11.0,99.0,21.0,99.0
000011	106	59	TP	0.9803412969283276	0.0	0.4379482963999646	0.004403644510731154	269.0,72.0,379.0,162.0	11.0,106.0,21.0,106.0
000011	114	60	TP	0.9801762114537445	0.0	3.5628357659960743	0.009773460226120556	379.0,77.0,498.0,181.0	11.0,114.0,21.0,114.0
000011	138	61	TP	0.9417815962016731	0.0	2.9984365180324137	0.008798539817050553	394.0,351.0,532.0,458.0	11.0,138.0,21.0,138.0
000011	151	62	TP	0.9548572693073689	0.0	1.6612710552615986	0.007627700566297591	179.0,323.0,312.0,446.0	11.0,151.0,21.0,151.0
000011	174	63	TP	0.9690964523281597	0.0	3.2641466836223048	0.010964094941792802	220.0,97.0,337.0,198.0	11.0,174.0,21.0,174.0
000011	179	64	TP	0.9689052960386199	0.0	2.600441902155107	0.0049659988226916155	292.0,87.0,398.0,178.0	11.0,179.0,21.0,179.0
000011	185	65	TP	0.9571891282917899	0.0	2.7689142159232802	0.006398079163987725	373.0,92.0,489.0,195.0	11.0,185.0,21.0,185.0
000011	193	66	TP	0.9499636363636363	0.0	1.4922207205218132	0.0035586067762803774	471.0,150.0,565.0,259.0	11.0,193.0,21.0,193.0
000011	204	67	TP	0.9118798131549047	0.0	2.7742200699959407	0.012285261312590936	465.0,274.0,582.0,395.0	11.0,204.0,21.0,204.0
000011	216	68	TP	0.9613980653403906	0.0	3.0821259088747888	0.01043188914426339	297.0,336.0,432.0,451.0	11.0,216.0,21.0,216.0
000011	226	69	TP	0.92407277816655	0.0	1.5990889845570049	0.015891300133282053	157.0,282.0,274.0,406.0	11.0,226.0,21.0,226.0
000011	242	70	TP	0.9119245067200458	0.0	5.73128161410403	0.010844542704676937	171.0,138.0,287.0,243.0	11.0,242.0,21.0,242.0
000011	251	71	TP	0.9235571798385869	0.0	0.5300325881337212	0.005017879140848365	288.0,112.0,390.0,201.0	11.0,251.0,21.0,251.0
000011	262	72	TP	0.8800239055729867	0.0	5.958179244602128	0.029277441861479174	429.0,136.0,537.0,240.0	11.0,262.0,21.0,262.0
000011	281	73	TP	0.9540600443280274	0.0	2.720503920528281	0.008573196372277672	410.0,301.0,550.0,425.0	11.0,281.0,21.0,281.0
000011	293	74	TP	0.9621812625346194	0.0	3.585333334599158	0.004098691846773891	201.0,286.0,344.0,414.0	11.0,293.0,21.0,293.0
000011	312	75	TP	0.7888458097226364	0.0	9.79604947059566	0.06315079431905081	160.0,163.0,272.0,266.0	11.0,312.0,21.0,312.0
000011	322	76	TP	0.8879932829554996	0.0	3.8180902379822776	0.0012789647654417524	285.0,138.0,384.0,225.0	11.0,322.0,21.0,322.0
000011	331	77	TP	0.6603385540262616	0.0	6.38258781344764	0.059292730270852065	397.0,146.0,507.0,244.0	11.0,331.0,21.0,331.0
000011	346	78	TP	0.891522210184182	0.0	3.4780926314268106	0.005023150094578679	486.0,235.0,582.0,351.0	11.0,346.0,21.0,346.0
000011	354	79	TP	0.9635717031910803	0.0	4.286894858010014	0.01606423763665078	389.0,287.0,533.0,409.0	11.0,354.0,21.0,354.0
000011	359	80	TP	0.9348501461988304	0.0	2.0036786548820857	0.019963405519285767	311.0,304.0,444.0,421.0	11.0,359.0,21.0,359.0
000011	368	81	TP	0.9724292101341282	0.0	2.0358987092486274	0.019594033819205454	169.0,248.0,296.0,367.0	11.0,368.0,21.0,368.0
000011	374	82	TP	0.9228847955042148	0.0	0.44024184262293103	0.03200988582229326	152.0,224.0,221.0,332.0	11.0,374.0,21.0,374.0
000011	382	83	TP	0.6559899513267389	0.0	6.864449110996159	0.03050043532552468	149.0,187.0,254.0,286.0	11.0,382.0,21.0,382.0
000011	388	84	TP	0.5789562860047441	0.0	31.13272012307766	0.7108786511427369	203.0,171.0,315.0,261.0	11.0,388.0,21.0,388.0
000011	397	85	TP	0.7195640125623499	0.0	80.14690489901997	0.3527705938324633	321.0,165.0,424.0,249.0	11.0,397.0,21.0,397.0
000011	405	86	TP	0.5017555592710249	0.0	46.62923848129648	0.3616231954247487	419.0,178.0,525.0,270.0	11.0,405.0,21.0,405.0
000011	412	87	TP	0.7573045093734166	0.0	2.385401751664125	0.01752219051151089	492.0,205.0,568.0,303.0	11.0,412.0,21.0,412.0
000011	421	88	TP	0.9469922572960096	0.0	3.014391900376025	0.005842757220885655	457.0,243.0,577.0,356.0	11.0,421.0,21.0,421.0
000011	431	89	TP	0.9569033530571992	0.0	6.119685870801984	0.025375979765603324	310.0,271.0,445.0,386.0	11.0,431.0,21.0,431.0
000011	441	90	TP	0.9624291115311909	0.0	0.8605424472804422	0.03594113952001039	165.0,226.0,283.0,334.0	11.0,441.0,21.0,441.0
000011	452	91	TP	0.6834977428523659	0.0	84.52640644403093	0.05423403281288773	144.0,205.0,240.0,297.0	11.0,452.0,21.0,452.0
000011	459	92	TP	0.3613461176912954	0.0	25.837260570598772	1.1554069564906875	195.0,197.0,305.0,280.0	11.0,459.0,21.0,459.0
000011	469	*	FN	0.48624629707998307	*	*	*	321.0,196.0,422.0,275.0	*
000011	476	*	FN	0.18096637883520117	*	*	*	406.0,201.0,512.0,284.0	*
000011	486	93	TP	0.7492163009404389	0.0	10.084999090080467	0.02240058426626157	504.0,218.0,565.0,311.0	11.0,486.0,21.0,486.0
000011	497	94	TP	0.967896721124186	0.0	6.7761703382533724	0.06666000648484731	405.0,236.0,546.0,342.0	11.0,497.0,21.0,497.0
000016	8	95	TP	0.9539151712887439	0.0	5.074836288446761	0.00615703126931202	139.0,293.0,271.0,409.0	16.0,8.0,26.0,8.0
000016	14	96	TP	0.9653948535936113	0.0	7.4707437685745495	0.00470934121169991	136.0,202.0,235.0,328.0	16.0,14.0,26.0,14.0
000016	20	97	TP	0.9635968092820885	0.0	5.120757016249006	0.01610137734362058	174.0,127.0,246.0,239.0	16.0,20.0,26.0,20.0
000016	31	98	TP	0.9644954253721153	0.0	2.5687699983305663	0.00881976257323355	282.0,55.0,405.0,156.0	16.0,31.0,26.0,31.0
000016	35	99	TP	0.9587378640776699	0.0	1.8774670334135968	0.009836283430746674	342.0,66.0,460.0,154.0	16.0,35.0,26.0,35.0
000016	48	100	TP	0.9797200052335471	0.0	1.4748753452554642	0.0035950967900591304	472.0,170.0,588.0,292.0	16.0,48.0,26.0,48.0
000016	55	101	TP	0.9840610768818645	0.0	5.28479020295085	0.00393338885604933	487.0,274.0,556.0,391.0	16.0,55.0,26.0,55.0
000016	61	102	TP	0.962043991416309	0.0	2.5236665010265646	0.011681421396082121	409.0,337.0,520.0,472.0	16.0,61.0,26.0,61.0
000016	68	103	TP	0.9423342108562116	0.0	4.280482183777182	0.00964904071632246	294.0,385.0,429.0,493.0	16.0,68.0,26.0,68.0
000016	73	104	TP	0.9606661553632081	0.0	4.2430479350709	0.013236688067095981	209.0,364.0,338.0,453.0	16.0,73.0,26.0,73.0
000016	86	105	TP	0.9556143902818875	0.0	3.757348212301575	0.009066589385853537	141.0,194.0,233.0,310.0	16.0,86.0,26.0,86.0
000016	96	106	TP	0.9691765741963893	0.0	2.764413209304341	0.012367950676510572	206.0,90.0,309.0,199.0	16.0,96.0,26.0,96.0
000016	117	107	TP	0.9754498714652956	0.0	5.2185633587172715	0.017202018302752118	454.0,147.0,577.0,256.0	16.0,117.0,26.0,117.0
000016	126	108	TP	0.9643381861893949	0.0	1.2955707648388939	0.016644164734457123	489.0,260.0,564.0,376.0	16.0,126.0,26.0,126.0
000016	140	109	TP	0.9471727004265559	0.0	2.763435761684402	0.005321670772119042	285.0,373.0,424.0,478.0	16.0,140.0,26.0,140.0
000016	153	110	TP	0.9470206631427198	0.0	1.8686660790689762	0.0024991399382508425	132.0,262.0,260.0,379.0	16.0,153.0,26.0,153.0
000016	161	111	TP	0.9197530864197531	0.0	3.902808963968615	0.0019066117609099905	162.0,172.0,230.0,281.0	16.0,161.0,26.0,161.0
000016	174	112	TP	0.9241719930273097	0.0	5.83720336090698	0.01463820990005651	274.0,86.0,390.0,190.0	16.0,174.0,26.0,174.0
000016	194	113	TP	0.952038060948952	0.0	2.059509350533425	0.0029774302266384017	479.0,201.0,588.0,315.0	16.0,194.0,26.0,194.0
000016	200	114	TP	0.9273385300668151	0.0	2.8234351757014675	0.03612052394362118	484.0,272.0,552.0,388.0	16.0,200.0,26.0,200.0
000016	208	115	TP	0.9582253886010362	0.0	1.8752410548102454	0.005720282415869285	358.0,336.0,491.0,461.0	16.0,208.0,26.0,208.0
000016	219	116	TP	0.9619074760140591	0.0	1.9916457863323342	0.013103019911983366	188.0,306.0,325.0,421.0	16.0,219.0,26.0,219.0
000016	231	117	TP	0.9060024375380865	0.0	1.6739284987449994	0.009524132070824238	147.0,199.0,234.0,311.0	16.0,231.0,26.0,231.0
000016	238	118	TP	0.9587831207065751	0.0	2.179729256628437	0.03641584014429646	188.0,145.0,272.0,249.0	16.0,238.0,26.0,238.0
000016	246	119	TP	0.8561273373512595	0.0	9.977424961337562	0.028020051345286512	269.0,111.0,381.0,212.0	16.0,246.0,26.0,246.0
000016	255	120	TP	0.8110155908494827	0.0	9.53353428466313	0.07266596132021154	389.0,127.0,495.0,221.0	16.0,255.0,26.0,255.0
000016	268	121	TP	0.9384372533543804	0.0	3.5051725839000274	0.010630196548485748	483.0,219.0,584.0,332.0	16.0,268.0,26.0,268.0
000016	275	122	TP	0.9059701492537313	0.0	5.292968868323296	0.006540211921162015	453.0,281.0,541.0,403.0	16.0,275.0,26.0,275.0
000016	287	123	TP	0.9703327171903882	0.0	2.9121813291248495	0.009530318455810654	252.0,324.0,391.0,442.0	16.0,287.0,26.0,287.0
000016	298	124	TP	0.9683499288762447	0.0	1.378707969467683	0.016391326373616677	133.0,230.0,254.0,347.0	16.0,298.0,26.0,298.0
000016	305	125	TP	0.8611311239193083	0.0	5.556576980280364	0.01519582418036581	171.0,186.0,233.0,289.0	16.0,305.0,26.0,305.0
000016	310	126	TP	0.7973500934261933	0.0	5.553565588481451	0.019418285975911338	194.0,158.0,280.0,258.0	16.0,310.0,26.0,310.0
000016	322	127	TP	0.6672612291227501	0.0	3.5441104635176655	0.022257690370129174	330.0,139.0,439.0,230.0	16.0,322.0,26.0,322.0
000016	332	128	TP	0.7961883089176504	0.0	14.684029693560547	0.12773157424818088	438.0,168.0,556.0,270.0	16.0,332.0,26.0,332.0
000016	339	129	TP	0.9224035017906884	0.0	3.3647655508589245	0.005539937576364025	480.0,213.0,585.0,323.0	16.0,339.0,26.0,339.0
000016	345	130	TP	0.92149236531259	0.0	6.2570248765982175	0.01786286535326397	476.0,256.0,546.0,373.0	16.0,345.0,26.0,345.0
000016	356	131	TP	0.9642231443061319	0.0	3.358061472161323	0.014704964272143538	290.0,295.0,435.0,420.0	16.0,356.0,26.0,356.0
000016	373	132	TP	0.9457175594385563	0.0	1.6033562788733084	0.020938545129757184	144.0,209.0,240.0,314.0	16.0,373.0,26.0,373.0
000016	381	133	TP	0.6192930780559647	0.0	123.48732436440633	0.21144636483447035	191.0,181.0,271.0,275.0	16.0,381.0,26.0,381.0
000016	395	134	TP	0.5759794946905895	0.0	119.81730896332296	8.678272175704635	345.0,169.0,449.0,253.0	16.0,395.0,26.0,395.0
000016	407	135	TP	0.7307414366237895	0.0	26.355558638815243	0.07093012189599239	458.0,198.0,574.0,297.0	16.0,407.0,26.0,407.0
000016	418	136	TP	0.8904822156614649	0.0	3.512360717942302	0.004589855357127744	462.0,245.0,541.0,359.0	16.0,418.0,26.0,418.0
000016	425	137	TP	0.9807457212713936	0.0	3.0858999728875744	0.005576188079782285	343.0,263.0,482.0,384.0	16.0,425.0,26.0,425.0
000016	448	138	TP	0.6952929875120076	0.0	146.88693988638073	0.5273242043978267	168.0,207.0,236.0,298.0	16.0,448.0,26.0,448.0
000016	455	139	TP	0.6326854422848076	0.0	53.391283082901985	0.1485645042390115	207.0,197.0,296.0,282.0	16.0,455.0,26.0,455.0
000016	466	*	FN	0.05974514309588469	*	*	*	332.0,198.0,436.0,276.0	*
000016	480	140	TP	0.8878619839802834	0.0	10.919545037424705	0.09585002716394052	462.0,212.0,576.0,304.0	16.0,480.0,26.0,480.0
000016	486	141	TP	0.923957856161246	0.0	3.0491587447460646	0.009027718137313243	484.0,224.0,570.0,322.0	16.0,486.0,26.0,486.0
000016	495	142	TP	0.9648636153490523	0.0	3.9556931561017983	0.022743815122000962	380.0,234.0,506.0,344.0	16.0,495.0,26.0,495.0
