#  Index into NumPy file "pose_data_tless-4-epos.npz".
#  Created at  6:44PM EDT on Sep 11, 2023
#    DATASET:   tless
#    OBJECT:    4
#    ESTIMATOR: epos
#  The errors reported in this file have taken discrete and continuous object symmetries into account.
#  Bounding boxes are recorded in pixel coordinates as ((upper-left x, y), (lower-right x, y)) with the origin in the upper-left.
#
#  When a row is marked as a TP, it does not necessarily mean that the bounding boxes overlap.
#  For each ground-truth instance, the prediction best overlapping that instance belongs to that ground-truth.
#  All TPs are in the corresponding *.npz file.
#
#  When a row is marked as a FN, it means that there is a ground-truth but the predictor failed to make a prediction at all.
#  FNs are NOT recorded in the *.npz at all.
#
#  When a row is marked as a FP, it means the predictor hallucinated; there is no corresponding ground-truth instance.
#  FPs are NOT recorded in the *.npz at all.
#
#  Scene  <t>  Frame  <t>  Index  <t>  Error cat.  <t>  Visibility ratio  <t>  Score  <t>  R_err(degrees)  <t>  t_err(meters)  <t>  Gr.Tr.BBox  <t>  Pred.BBox
000005	7	0	TP	0.9996349698850155	0.0	0.20017705538217195	0.031987253239407966	310.0,323.0,419.0,414.0	5.0,7.0,9.0,7.0
000005	20	*	FN	0.9977194982896237	*	*	*	196.0,271.0,299.0,351.0	*
000005	25	1	TP	1.0	0.0	0.5350529708544103	0.11714758329402962	201.0,208.0,280.0,305.0	5.0,25.0,9.0,25.0
000005	31	2	TP	1.0	0.0	0.6700676684085307	0.3064990988569666	219.0,144.0,279.0,246.0	5.0,31.0,9.0,31.0
000005	43	3	TP	0.9970748015043878	0.0	0.501175089221515	0.053343112712476215	303.0,105.0,405.0,174.0	5.0,43.0,9.0,43.0
000005	56	4	TP	0.9993956486704271	0.0	0.18135569043023003	0.022065140314471293	418.0,145.0,520.0,236.0	5.0,56.0,9.0,56.0
000005	64	5	TP	0.9996114996114996	0.0	0.09961698522818327	0.049034642366552396	443.0,216.0,512.0,335.0	5.0,64.0,9.0,64.0
000005	70	6	TP	1.0	0.0	0.03489624630003377	0.02812321071270719	424.0,279.0,494.0,394.0	5.0,70.0,9.0,70.0
000005	81	7	TP	0.9980297331183952	0.0	0.18037730191770407	0.012098911383488658	288.0,302.0,402.0,388.0	5.0,81.0,9.0,81.0
000005	86	8	TP	0.9976580796252927	0.0	0.39228407624442907	0.09994728762125143	232.0,299.0,347.0,365.0	5.0,86.0,9.0,86.0
000005	94	9	TP	1.0	0.0	0.3747060202745074	0.06910914873628417	195.0,240.0,291.0,318.0	5.0,94.0,9.0,94.0
000005	100	10	TP	1.0	0.0	0.05126743501580047	0.010462037275560408	209.0,174.0,277.0,266.0	5.0,100.0,9.0,100.0
000005	107	11	TP	0.9997679275934092	0.0	1.4346188488980363	0.11014733025492475	235.0,122.0,303.0,210.0	5.0,107.0,9.0,107.0
000005	117	12	TP	0.9222684475585724	0.0	0.49191404756694324	0.04528845147212348	320.0,105.0,422.0,167.0	5.0,117.0,9.0,117.0
000005	127	13	TP	0.9082472052309639	0.0	0.10095950817946034	0.1695861325885727	408.0,129.0,512.0,212.0	5.0,127.0,9.0,127.0
000005	138	14	TP	0.9950248756218906	0.0	0.13864283136879837	0.006536138820311545	442.0,214.0,509.0,335.0	5.0,138.0,9.0,138.0
000005	149	15	TP	0.996462055545728	0.0	0.22334311383648137	0.04128394791336002	335.0,269.0,441.0,373.0	5.0,149.0,9.0,149.0
000005	171	16	TP	0.9964982491245623	0.0	1.3095766287259218	0.3809427780609767	211.0,177.0,278.0,256.0	5.0,171.0,9.0,171.0
000005	188	17	TP	0.875058275058275	0.0	0.6125838978926662	0.09019552384004494	318.0,109.0,416.0,167.0	5.0,188.0,9.0,188.0
000005	195	18	TP	0.7186654643823264	0.0	1.3082654183178009	0.02915678732135313	383.0,115.0,485.0,181.0	5.0,195.0,9.0,195.0
000005	208	19	TP	0.9827719705768486	0.0	0.33427219323039997	0.007277722589113964	441.0,186.0,511.0,304.0	5.0,208.0,9.0,208.0
000005	215	20	TP	0.9978440531800216	0.0	0.3609986676644039	0.009351795129523305	418.0,243.0,489.0,358.0	5.0,215.0,9.0,215.0
000005	221	21	TP	0.9979097718167567	0.0	0.36125755049022745	0.018676289920542447	342.0,242.0,447.0,344.0	5.0,221.0,9.0,221.0
000005	239	22	TP	0.9979405034324943	0.0	1.6283915455532871	2.76681235812277	200.0,204.0,289.0,271.0	5.0,239.0,9.0,239.0
000005	247	23	TP	0.9953271028037384	0.0	0.41342309861373217	0.16722672199175187	225.0,156.0,282.0,223.0	5.0,247.0,9.0,247.0
000005	254	24	TP	0.9778152204436956	0.0	1.141092010826219	0.046589646339993296	260.0,127.0,338.0,189.0	5.0,254.0,9.0,254.0
000005	280	25	TP	0.9203770557561172	0.0	0.5483422079145083	0.02863659617281176	440.0,174.0,512.0,283.0	5.0,280.0,9.0,280.0
000005	290	26	TP	0.9975605179208107	0.0	0.6626321811455288	0.04589518719202627	395.0,208.0,476.0,310.0	5.0,290.0,9.0,290.0
000005	293	27	TP	0.9964520134823488	0.0	0.47236336662536443	0.0299757631499605	351.0,215.0,452.0,313.0	5.0,293.0,9.0,293.0
000005	306	*	FN	1.0	*	*	*	210.0,212.0,320.0,276.0	*
000005	317	28	TP	0.9910891089108911	0.0	0.6709414370067226	0.12783861111086903	219.0,167.0,282.0,229.0	5.0,317.0,9.0,317.0
000005	324	29	TP	0.9773559773559773	0.0	0.1504579326227492	0.08642738255524134	247.0,143.0,312.0,200.0	5.0,324.0,9.0,324.0
000005	332	30	TP	0.8568050446663164	0.0	0.06769051181462712	0.029591110850989075	310.0,129.0,401.0,184.0	5.0,332.0,9.0,332.0
000005	341	31	TP	0.4465267366316842	0.0	1.1140473681470575	0.01834098842838977	389.0,133.0,487.0,199.0	5.0,341.0,9.0,341.0
000005	348	*	FN	0.5746285207363052	*	*	*	428.0,152.0,519.0,239.0	*
000005	353	32	TP	0.9079820243954633	0.0	0.6872935701726919	0.11129795951345384	439.0,172.0,508.0,270.0	5.0,353.0,9.0,353.0
000005	364	33	TP	0.9962221382697394	0.0	0.6911797859782656	0.04530507420980327	359.0,191.0,456.0,280.0	5.0,364.0,9.0,364.0
000005	377	34	TP	1.0	0.0	0.06084646422842468	0.008102655034733437	215.0,189.0,324.0,257.0	5.0,377.0,9.0,377.0
000005	386	35	TP	0.9954434993924666	0.0	0.7952075443727524	0.06570997400939481	217.0,171.0,286.0,229.0	5.0,386.0,9.0,386.0
000005	393	36	TP	0.9776345716451857	0.0	0.34076228017416565	0.052279829970855285	238.0,156.0,297.0,210.0	5.0,393.0,9.0,393.0
000005	409	37	TP	0.6662226957911561	0.0	0.30486872376968616	0.24122427191652776	363.0,142.0,457.0,202.0	5.0,409.0,9.0,409.0
000005	423	38	TP	0.7545839210155149	0.0	0.8403977278879833	0.12222318330069397	437.0,164.0,513.0,249.0	5.0,423.0,9.0,423.0
000005	436	39	TP	0.992895946510656	0.0	0.8674728734397472	0.0932400403223649	367.0,172.0,459.0,248.0	5.0,436.0,9.0,436.0
000005	450	40	TP	1.0	0.0	0.12457740675284218	0.030044022665655583	214.0,169.0,322.0,237.0	5.0,450.0,9.0,450.0
000005	458	41	TP	0.969803576663735	0.0	0.05223605566122151	0.021785942175277434	217.0,164.0,288.0,227.0	5.0,458.0,9.0,458.0
000005	463	42	TP	0.9499252615844545	0.0	0.42483230378237297	0.043861472542468416	233.0,161.0,287.0,221.0	5.0,463.0,9.0,463.0
000005	468	43	TP	0.9635584137191854	0.0	0.17653023063465603	0.06774227032027248	253.0,159.0,314.0,217.0	5.0,468.0,9.0,468.0
000005	475	*	FN	0.922696890438826	*	*	*	303.0,158.0,388.0,215.0	*
000005	486	*	FN	0.47770360480640855	*	*	*	395.0,160.0,490.0,222.0	*
000005	493	44	TP	0.6022641509433962	0.0	0.7111835603806759	0.24482887830504568	428.0,163.0,515.0,232.0	5.0,493.0,9.0,493.0
000009	0	45	TP	0.9956341911764706	186.49338037800464	1.2878566923005517	0.09756760349591878	212.0,190.0,276.0,288.0	9.0,0.0,13.0,186.49338037800464
000009	0	46	TP	0.9378698224852071	146.63150654113386	1.129062347873012	0.19320821465961927	209.0,285.0,272.0,352.0	9.0,0.0,13.0,146.63150654113386
000009	0	47	TP	0.9990904956798545	72.19713926168019	0.6980882028517154	0.2835630584065031	487.0,220.0,550.0,321.0	9.0,0.0,13.0,72.19713926168019
000009	0	48	TP	0.9118380062305296	56.245260505368904	0.7641557442655283	0.26640753998246886	306.0,299.0,367.0,365.0	9.0,0.0,13.0,56.245260505368904
000009	11	49	TP	0.9954847908745247	208.74955142269795	1.3006230276672988	0.0934273447193627	278.0,143.0,377.0,205.0	9.0,11.0,13.0,219.74955142269795
000009	11	50	TP	0.9705794055839088	166.13356967355435	1.148536689811793	0.19702854268679762	212.0,168.0,273.0,236.0	9.0,11.0,13.0,177.13356967355435
000009	11	51	TP	0.9983291562238931	119.39535764399271	0.04118339948730498	0.014555515160840594	403.0,358.0,497.0,445.0	9.0,11.0,13.0,130.39535764399272
000009	11	52	TP	0.9181506849315069	97.39346413426706	1.3852150428790937	0.3154007987246563	266.0,257.0,325.0,319.0	9.0,11.0,13.0,108.39346413426706
000009	21	53	TP	0.9983253588516746	173.29385578102927	0.4058034980156854	0.19179196563771678	371.0,136.0,468.0,213.0	9.0,21.0,13.0,194.29385578102927
000009	21	54	TP	0.9747490112564648	159.30156443852087	1.4585433963613685	0.2144394802913764	299.0,105.0,356.0,174.0	9.0,21.0,13.0,180.30156443852087
000009	21	55	TP	0.9965299040620534	157.07973835007706	0.3951629572439847	0.23712337523560892	268.0,387.0,378.0,452.0	9.0,21.0,13.0,178.07973835007706
000009	21	56	TP	0.9478516342269555	147.0551658307575	1.580292986232281	0.15610920017155755	277.0,205.0,332.0,265.0	9.0,21.0,13.0,168.0551658307575
000009	31	57	TP	1.0	204.1477684377169	1.2616099216230594	0.07675645392933043	438.0,207.0,501.0,312.0	9.0,31.0,13.0,235.1477684377169
000009	31	58	TP	0.9512343797622677	179.30885601964087	1.2901951731065322	0.20392182100081743	407.0,125.0,465.0,194.0	9.0,31.0,13.0,210.30885601964087
000009	31	59	TP	1.0	175.5706303077951	0.34976357849184303	0.19154142541038888	172.0,285.0,254.0,391.0	9.0,31.0,13.0,206.5706303077951
000009	31	60	TP	0.9195854181558256	136.3335883964578	1.7175936410170514	0.09355729421090381	324.0,178.0,382.0,239.0	9.0,31.0,13.0,167.3335883964578
000009	45	61	TP	0.9995706311721769	156.85539931531252	0.13332701933353677	0.06396431374347966	365.0,325.0,466.0,411.0	9.0,45.0,13.0,201.85539931531252
000009	45	62	TP	0.927120669056153	146.7469262783165	1.3153729626251662	0.22004173581706182	456.0,259.0,519.0,326.0	9.0,45.0,13.0,191.7469262783165
000009	45	63	TP	0.9875806066395988	145.19538983545362	0.09139026610082226	0.06630937213761418	214.0,124.0,294.0,220.0	9.0,45.0,13.0,190.19538983545362
000009	45	64	TP	0.9319574330861012	136.55589759860337	1.6237203249284444	0.13227509951171051	389.0,210.0,448.0,276.0	9.0,45.0,13.0,181.55589759860337
000009	57	65	TP	0.9974608548455354	156.90920217515222	1.1553395213159359	0.20523179238398634	246.0,340.0,348.0,411.0	9.0,57.0,13.0,213.90920217515222
000009	57	66	TP	0.9457667972280808	86.46450435867527	1.4729846046169204	0.1282943394836179	363.0,351.0,424.0,417.0	9.0,57.0,13.0,143.46450435867527
000009	57	67	TP	0.9722824777054712	85.86646303167478	0.4045020626260541	0.3046942780373635	343.0,104.0,445.0,159.0	9.0,57.0,13.0,142.86646303167478
000009	57	68	TP	0.9723131884489431	63.10865632927591	1.2024517709706677	0.2717059246777644	388.0,269.0,444.0,342.0	9.0,57.0,13.0,120.1086563292759
000009	64	69	TP	0.9980184940554822	143.17767750927433	1.1457351683697088	0.11440030456738066	223.0,269.0,294.0,365.0	9.0,64.0,13.0,207.17767750927433
000009	64	70	TP	0.9428914938382927	115.18988911203732	1.3542472032383983	0.0665899466232708	280.0,346.0,341.0,412.0	9.0,64.0,13.0,179.18988911203732
000009	64	71	TP	0.9820330969267139	86.64969530149169	0.3501717709073245	0.19483491273798234	429.0,144.0,521.0,217.0	9.0,64.0,13.0,150.6496953014917
000009	64	72	TP	0.9457202505219207	49.0525089396608	1.1975972210957475	0.17203784742277753	355.0,295.0,414.0,366.0	9.0,64.0,13.0,113.0525089396608
000009	70	73	TP	1.0	195.42646596313372	1.2474288010187726	0.10188021413249704	213.0,208.0,272.0,307.0	9.0,70.0,13.0,265.42646596313375
000009	70	74	TP	0.9390787518573551	136.09585497175715	1.0788243693506345	0.1880016643849282	222.0,305.0,285.0,372.0	9.0,70.0,13.0,206.09585497175715
000009	70	75	TP	0.9986194201564658	123.06527924926766	0.3330583064472068	0.19129048425591322	483.0,197.0,551.0,294.0	9.0,70.0,13.0,193.06527924926766
000009	70	76	TP	0.9493243243243243	27.58296679143324	0.9229580640405071	0.1667418230075909	318.0,301.0,379.0,369.0	9.0,70.0,13.0,97.58296679143324
000009	91	77	TP	0.89075	208.09101795755439	1.2593494160328607	0.0807062065901934	350.0,142.0,449.0,207.0	9.0,91.0,13.0,299.0910179575544
000009	91	78	TP	0.9537296690970275	151.30759472735753	1.549620576520846	0.19665316444428588	276.0,116.0,333.0,196.0	9.0,91.0,13.0,242.30759472735753
000009	91	79	TP	0.9988326848249027	120.9024083162981	0.3360569769100114	0.1202150364580498	296.0,389.0,413.0,450.0	9.0,91.0,13.0,211.90240831629808
000009	91	80	TP	0.9405034324942791	79.63361564341734	1.6574690248316708	0.13679342588570045	271.0,215.0,326.0,282.0	9.0,91.0,13.0,170.63361564341733
000009	100	81	TP	0.9790675547098002	194.23445092605883	0.30505168227879387	0.18985009667388864	419.0,182.0,495.0,281.0	9.0,100.0,13.0,294.2344509260588
000009	100	82	TP	0.9675232985032477	177.3344793070531	1.22721216129751	0.19501688143954493	373.0,112.0,428.0,192.0	9.0,100.0,13.0,277.33447930705313
000009	100	83	TP	1.0	156.8158605346346	0.33677046656213266	0.20101122493617862	190.0,322.0,288.0,418.0	9.0,100.0,13.0,256.81586053463457
000009	100	84	TP	0.9446653412856196	27.702891495779834	1.5195472404828119	0.3769354581836305	306.0,184.0,362.0,251.0	9.0,100.0,13.0,127.70289149577984
000009	108	85	TP	0.9964593936711662	223.14208562356805	1.2825406510278787	0.070729966781294	445.0,243.0,505.0,355.0	9.0,108.0,13.0,331.14208562356805
000009	108	86	TP	0.9324847814056447	169.24183137112487	1.072026091845855	0.1994240199118083	440.0,157.0,499.0,236.0	9.0,108.0,13.0,277.2418313711249
000009	108	87	TP	0.9995491433724075	149.6771439514147	0.3875945963016102	0.20215511094396793	171.0,229.0,232.0,337.0	9.0,108.0,13.0,257.6771439514147
000009	108	88	TP	0.9057312871907297	123.0880299078124	1.8806216681214558	0.09484027942050191	350.0,178.0,408.0,250.0	9.0,108.0,13.0,231.0880299078124
000009	118	89	TP	0.9951680672268908	243.59276879449362	1.3446540363735608	0.08158523138878578	359.0,322.0,463.0,408.0	9.0,118.0,13.0,361.5927687944936
000009	118	90	TP	0.9358018114011721	215.63924922789442	1.2803522025836478	0.0805592105726319	454.0,251.0,517.0,327.0	9.0,118.0,13.0,333.6392492278944
000009	118	91	TP	0.9013836477987421	160.71473676729573	0.2861349489853339	0.18356389653790567	219.0,131.0,302.0,225.0	9.0,118.0,13.0,278.71473676729573
000009	118	92	TP	0.9449259155717081	135.10908880787542	1.9361965564410268	0.16258341051341785	390.0,203.0,449.0,283.0	9.0,118.0,13.0,253.10908880787542
000009	128	93	TP	0.9922131147540983	202.91918186147268	1.3044513554147583	0.08438591856552627	255.0,342.0,361.0,407.0	9.0,128.0,13.0,330.9191818614727
000009	128	94	TP	0.925462600990357	151.67734313405418	3.0144189891337345	0.05967107386246378	380.0,326.0,442.0,401.0	9.0,128.0,13.0,279.6773431340542
000009	128	95	TP	0.8572521029824114	103.23956727770566	0.49560010242672276	0.25094893019515435	325.0,112.0,427.0,170.0	9.0,128.0,13.0,231.23956727770565
000009	128	96	TP	0.9406952965235174	77.15113926216273	1.3006124438230702	0.1637672062212299	392.0,248.0,448.0,335.0	9.0,128.0,13.0,205.15113926216273
000009	136	97	TP	0.9687920969914683	190.04727973098576	1.6451915522342182	0.09692086464036526	222.0,277.0,296.0,367.0	9.0,136.0,13.0,326.0472797309858
000009	136	98	TP	0.95	106.11230685434556	1.1892156783416443	0.05879281640022983	283.0,329.0,345.0,403.0	9.0,136.0,13.0,242.11230685434555
000009	136	99	TP	0.88648782911078	79.46574740834791	0.2187612564114855	0.012968931596799856	421.0,156.0,513.0,220.0	9.0,136.0,13.0,215.4657474083479
000009	136	100	TP	0.9826196473551637	69.67786396597711	1.3890118694454614	0.2818984573114593	357.0,278.0,416.0,365.0	9.0,136.0,13.0,205.6778639659771
000009	147	101	TP	0.6894360603653693	236.3844585678122	1.2679456503367588	0.0912009234092478	218.0,200.0,289.0,276.0	9.0,147.0,13.0,383.3844585678122
000009	147	102	TP	0.966337099811676	138.67761823467666	1.1807387523872164	0.191412847797213	201.0,239.0,264.0,327.0	9.0,147.0,13.0,285.67761823467663
000009	147	103	TP	0.96852871754524	134.06264413370016	1.8132688332085176	0.13332254047068556	487.0,258.0,546.0,340.0	9.0,147.0,13.0,281.06264413370013
000009	147	104	TP	0.9875147232037691	120.78919562296973	0.14301039509403168	0.04799508536749949	294.0,264.0,356.0,357.0	9.0,147.0,13.0,267.7891956229697
000009	161	105	TP	0.7124741200828157	201.27832030037075	1.3230847887822241	0.09249794592189056	328.0,155.0,425.0,214.0	9.0,161.0,13.0,362.27832030037075
000009	161	106	TP	0.9857969489742241	115.69719409413104	1.2667932186974105	0.1938670818839601	255.0,134.0,311.0,222.0	9.0,161.0,13.0,276.697194094131
000009	161	107	TP	0.9945127719962157	115.53859404761558	0.5420751140832883	0.11146448063450284	332.0,375.0,449.0,438.0	9.0,161.0,13.0,276.53859404761556
000009	161	108	TP	0.9265568277017593	57.46312225860487	1.569419244546247	0.1414096858495734	267.0,217.0,323.0,298.0	9.0,161.0,13.0,218.46312225860487
000009	167	109	TP	0.7911862669741224	198.33295669782302	0.29487903765633977	0.17957649866720934	379.0,162.0,473.0,242.0	9.0,167.0,13.0,365.332956697823
000009	167	110	TP	0.9843285598486895	154.31379429515104	1.352563154134172	0.1895574542205627	315.0,118.0,368.0,205.0	9.0,167.0,13.0,321.31379429515107
000009	167	111	TP	0.9988477050124832	107.68902893947639	0.1362967498025522	0.029390884279368496	253.0,357.0,364.0,430.0	9.0,167.0,13.0,274.6890289394764
000009	167	112	TP	0.9832402234636871	101.88837852890155	1.8682043969659805	0.15633665068863054	283.0,196.0,337.0,274.0	9.0,167.0,13.0,268.88837852890157
000009	179	113	TP	0.9821627647714605	213.7011117454835	1.2607700635112633	0.06891928985026351	447.0,230.0,502.0,340.0	9.0,179.0,13.0,392.7011117454835
000009	179	114	TP	0.9432531380753139	156.01494961623868	0.9116117153148783	0.19698174467566745	429.0,147.0,486.0,237.0	9.0,179.0,13.0,335.0149496162387
000009	179	115	TP	1.0	153.10835697467417	0.3333537347275412	0.2018084863875294	169.0,248.0,233.0,353.0	9.0,179.0,13.0,332.10835697467417
000009	179	116	TP	0.8412880966072456	96.8227830768145	2.0292018661647755	0.10050414180067667	342.0,175.0,398.0,256.0	9.0,179.0,13.0,275.8227830768145
000009	195	117	TP	0.9915764139590855	229.76826820303884	1.3348188613595484	0.07956262055894282	308.0,331.0,417.0,399.0	9.0,195.0,13.0,424.7682682030388
000009	195	118	TP	0.915359778597786	178.178837038091	1.3842098945688888	0.09734261572613682	432.0,275.0,495.0,364.0	9.0,195.0,13.0,373.178837038091
000009	195	119	TP	0.714940668824164	147.76379933564124	0.29032381481376296	0.17371402606797112	261.0,127.0,358.0,203.0	9.0,195.0,13.0,342.76379933564124
000009	195	120	TP	0.8873512988589464	70.01481638287294	0.2925702087632572	0.06773744899103819	397.0,214.0,455.0,308.0	9.0,195.0,13.0,265.01481638287294
000009	204	121	TP	0.9997888067581837	99.62271700555094	1.312248389055705	0.1520685856359001	231.0,317.0,330.0,386.0	9.0,204.0,13.0,303.62271700555095
000009	204	122	TP	0.9213533497647323	94.99048333813174	1.3178937541987257	0.07088012839114838	339.0,313.0,401.0,402.0	9.0,204.0,13.0,298.99048333813175
000009	204	123	TP	0.7381389252948886	56.9379404179203	1.9823948532223106	0.1046855834335346	367.0,144.0,462.0,196.0	9.0,204.0,13.0,260.9379404179203
000009	204	124	TP	0.8837892832918833	54.8951227232398	1.4092813492351732	0.19452708919318704	380.0,249.0,437.0,347.0	9.0,204.0,13.0,258.8951227232398
000009	210	125	TP	0.8134969325153374	229.69210012308432	1.617703641600108	0.09405094299514084	219.0,266.0,287.0,348.0	9.0,210.0,13.0,439.6921001230843
000009	210	126	TP	0.9356290794508215	142.0975167893568	0.021297938018390465	0.008595130194595879	266.0,301.0,329.0,390.0	9.0,210.0,13.0,352.0975167893568
000009	210	127	TP	0.7854166666666667	52.712209464660226	0.5405157985271279	0.34335500159438653	436.0,180.0,524.0,242.0	9.0,210.0,13.0,262.71220946466025
000009	210	128	TP	0.9872597228430934	27.961620704943073	1.1971632980746059	0.10784930862845638	348.0,264.0,408.0,365.0	9.0,210.0,13.0,237.96162070494307
000009	217	129	TP	0.32416444838805086	241.46802001133807	1.2727065205667925	0.08017408643165708	215.0,222.0,279.0,288.0	9.0,217.0,13.0,458.46802001133807
000009	217	130	TP	0.9831052181351583	193.43290348374754	2.9745802759302586	0.07076319642047593	207.0,238.0,269.0,336.0	9.0,217.0,13.0,410.4329034837475
000009	217	131	TP	0.8463819691577699	107.80025639126184	1.2610533239293007	0.11650136361804773	486.0,252.0,550.0,320.0	9.0,217.0,13.0,324.8002563912618
000009	217	132	TP	0.996597916223687	85.76606499558083	0.05259161351416565	0.020352289848467965	302.0,250.0,364.0,354.0	9.0,217.0,13.0,302.76606499558085
000009	227	133	TP	0.5534773445732349	259.0168524884564	1.2862766647458508	0.09083985387316425	277.0,182.0,370.0,234.0	9.0,227.0,13.0,486.0168524884564
000009	227	134	TP	0.9944282945736435	155.42400000277578	1.2059059366808975	0.21502473471747782	216.0,171.0,274.0,265.0	9.0,227.0,13.0,382.42400000277576
000009	227	135	TP	0.9840034587116299	60.26957537816169	0.05523190749614301	0.046130766527861786	411.0,334.0,504.0,403.0	9.0,227.0,13.0,287.2695753781617
000009	227	136	TP	0.6632869606224947	59.996905487820584	1.1041136905779334	0.46887384871181315	265.0,227.0,325.0,322.0	9.0,227.0,13.0,286.9969054878206
000009	235	137	TP	0.5329195898542903	192.26478803031702	0.24367391959836993	0.14820254497522578	351.0,171.0,446.0,235.0	9.0,235.0,13.0,427.26478803031705
000009	235	138	TP	0.9223504721930745	122.32186264532596	1.4893406576159107	0.16564474836921964	282.0,137.0,335.0,229.0	9.0,235.0,13.0,357.32186264532595
000009	235	139	TP	0.9990862573099415	121.6602429356044	1.9485651985152896	0.11543315543406227	294.0,351.0,414.0,420.0	9.0,235.0,13.0,356.6602429356044
000009	235	140	TP	0.9626652838994036	121.6503844154892	1.559086704469667	0.11147045002632905	272.0,202.0,328.0,291.0	9.0,235.0,13.0,356.6503844154892
000009	239	141	TP	0.6436870642912471	181.99994593919578	0.3674848771443111	0.16750988811602638	383.0,178.0,475.0,256.0	9.0,239.0,13.0,420.99994593919575
000009	239	142	TP	0.9925492283129325	172.76499265314268	0.12206091841853213	0.022440667381229226	322.0,131.0,374.0,222.0	9.0,239.0,13.0,411.7649926531427
000009	239	143	TP	0.999809813617345	135.70298499684682	0.1113331906463427	0.064255516279971	242.0,334.0,355.0,413.0	9.0,239.0,13.0,374.7029849968468
000009	239	144	TP	0.9769807280513919	80.16401288956874	1.928243124900666	0.11896209791764739	286.0,190.0,339.0,279.0	9.0,239.0,13.0,319.16401288956877
000009	248	145	TP	0.8796426892336624	188.1658814095579	1.3487654748350617	0.07595370090007639	438.0,220.0,498.0,319.0	9.0,248.0,13.0,436.16588140955787
000009	248	146	TP	0.9030334456831735	171.24682937379973	0.7555365033071281	0.19051345189921812	409.0,144.0,463.0,239.0	9.0,248.0,13.0,419.24682937379976
000009	248	147	TP	1.0	147.0661065699092	0.07858333175128417	0.021464057512994263	169.0,265.0,244.0,368.0	9.0,248.0,13.0,395.0661065699092
000009	248	148	TP	0.7328637225684096	101.0844377138352	2.3325414736543046	0.13210099598539288	329.0,177.0,384.0,265.0	9.0,248.0,13.0,349.0844377138352
000009	254	149	TP	0.9978293900586065	244.62326188588375	1.3807859755353178	0.07560332332272639	439.0,254.0,504.0,360.0	9.0,254.0,13.0,498.6232618858837
000009	254	150	TP	0.9227771010962241	122.14941769295893	0.7438588192665526	0.20407797680451956	448.0,172.0,505.0,271.0	9.0,254.0,13.0,376.14941769295893
000009	254	151	TP	0.9976476123265114	117.04945792988552	0.27987287157087626	0.03261149073849984	182.0,215.0,238.0,315.0	9.0,254.0,13.0,371.04945792988553
000009	254	152	TP	0.6176778242677824	107.98143444208672	2.2805912060656346	0.09317752856252119	361.0,179.0,417.0,270.0	9.0,254.0,13.0,361.9814344420867
000009	269	153	TP	0.9966868056908985	241.93678774699205	1.3079175842385231	0.07517313917273417	279.0,320.0,391.0,385.0	9.0,269.0,13.0,510.9367877469921
000009	269	154	TP	0.9491421568627451	157.3482119357294	1.4502293695257964	0.13221555032295207	410.0,272.0,473.0,372.0	9.0,269.0,13.0,426.3482119357294
000009	269	155	TP	0.5454029511918275	146.777172297069	0.30269844988786077	0.1417575814447153	291.0,147.0,389.0,211.0	9.0,269.0,13.0,415.777172297069
000009	269	156	TP	0.619304152637486	60.418472196513704	1.537666397950976	0.13806571560476416	396.0,217.0,453.0,318.0	9.0,269.0,13.0,329.4184721965137
000009	278	157	TP	0.9514699020065329	168.04893591796392	1.2351464316349958	0.07171325702322814	223.0,292.0,309.0,360.0	9.0,278.0,13.0,446.04893591796395
000009	278	158	TP	0.9406156901688183	138.46998481502501	2.4026734760879003	0.04913769508783868	307.0,287.0,370.0,389.0	9.0,278.0,13.0,416.469984815025
000009	278	159	TP	0.6273712737127372	77.2456529357063	0.2990573794152658	0.21023764515034277	396.0,175.0,488.0,226.0	9.0,278.0,13.0,355.2456529357063
000009	278	160	TP	0.9766904661906762	76.98258117299822	1.7356395538983962	0.09415436258618076	368.0,242.0,426.0,352.0	9.0,278.0,13.0,354.9825811729982
000009	286	161	TP	0.31492044431101773	249.96728420842223	1.188710767700537	0.10873142760000137	214.0,239.0,273.0,310.0	9.0,286.0,13.0,535.9672842084223
000009	286	162	TP	0.981112494811125	155.1571085149545	2.815442809332625	0.07198221801112746	225.0,257.0,288.0,357.0	9.0,286.0,13.0,441.15710851495453
000009	286	163	TP	0.7120689655172414	82.68145689061407	1.1950727871454745	0.12076592033013546	476.0,227.0,548.0,291.0	9.0,286.0,13.0,368.6814568906141
000009	286	164	TP	0.9953955629970699	23.86636718892046	0.2050309388329951	0.1790013627998731	320.0,252.0,382.0,360.0	9.0,286.0,13.0,309.86636718892044
000009	304	165	TP	0.15555555555555556	125.21296922399495	1.2802048912681963	0.08158995705951536	320.0,189.0,413.0,246.0	9.0,304.0,13.0,429.21296922399495
000009	304	166	TP	0.8997949769349052	114.50407753868757	1.3484904913821758	0.15887027606595897	251.0,161.0,304.0,256.0	9.0,304.0,13.0,418.50407753868757
000009	304	167	TP	0.9911861917003305	78.90739856958368	0.07062282559283363	0.0020714995978164067	345.0,328.0,462.0,393.0	9.0,304.0,13.0,382.9073985695837
000009	304	168	TP	0.6918179674605046	42.4103113795956	1.5596471094605835	0.11883653257147109	265.0,207.0,323.0,305.0	9.0,304.0,13.0,346.4103113795956
000009	310	169	TP	0.33279483037156704	155.07007142634248	0.3197337616781312	0.14143121437587008	371.0,191.0,463.0,260.0	9.0,310.0,13.0,465.07007142634245
000009	310	170	TP	0.8887388603834728	128.58201377984315	1.3477615765097777	0.15047384259861984	308.0,150.0,358.0,242.0	9.0,310.0,13.0,438.5820137798431
000009	310	171	TP	0.999445471349353	108.64201168283499	0.0863458237334215	0.041461018166252875	262.0,317.0,378.0,393.0	9.0,310.0,13.0,418.642011682835
000009	310	172	TP	0.9695903493340036	99.6235117873575	0.6927211530765407	0.02828126274326816	281.0,193.0,334.0,288.0	9.0,310.0,13.0,409.62351178735753
000009	319	173	TP	0.6096149005789077	141.08736925898276	0.6193331529714632	0.19276615588060383	430.0,218.0,494.0,308.0	9.0,319.0,13.0,460.0873692589828
000009	319	174	TP	0.7759809119830329	124.07325401644904	0.9515790755416842	0.18054370031947498	394.0,152.0,447.0,250.0	9.0,319.0,13.0,443.073254016449
000009	319	175	TP	0.9997947033463355	106.17226635339726	1.2868583260775799	0.23309807625714138	173.0,267.0,257.0,365.0	9.0,319.0,13.0,425.1722663533973
000009	319	176	TP	0.5547998953701282	43.34126376042228	1.9988090924895792	0.40209306563102076	321.0,181.0,374.0,275.0	9.0,319.0,13.0,362.3412637604223
000009	329	177	TP	0.996771416272062	206.81251893945014	1.3910664853217436	0.08321265511056196	420.0,263.0,498.0,360.0	9.0,329.0,13.0,535.8125189394501
000009	329	178	TP	0.8591417910447762	121.740454129254	0.6151892393954314	0.24440138409733378	454.0,188.0,512.0,293.0	9.0,329.0,13.0,450.740454129254
000009	329	179	TP	0.888258064516129	106.40883102949118	0.6125329847043239	0.18570599473703164	194.0,204.0,255.0,295.0	9.0,329.0,13.0,435.4088310294912
000009	329	180	TP	0.41191254083940687	35.07416307135031	1.7313095187686802	0.1296350865459772	371.0,186.0,427.0,282.0	9.0,329.0,13.0,364.0741630713503
000009	344	181	TP	0.9990311955047472	152.62682518123464	0.4179903335541375	0.1912109534262154	256.0,300.0,367.0,363.0	9.0,344.0,13.0,496.6268251812346
000009	344	182	TP	0.9562759140595553	120.6463556209568	1.4339900538926007	0.092349045639716	386.0,259.0,449.0,368.0	9.0,344.0,13.0,464.6463556209568
000009	344	183	TP	0.5164126611957796	112.07312155690992	0.48283653019985523	0.14505659512043403	320.0,172.0,417.0,229.0	9.0,344.0,13.0,456.07312155690994
000009	344	184	TP	0.2942708333333333	71.91915804208357	1.3898407365612655	0.17443407245880466	392.0,216.0,449.0,325.0	9.0,344.0,13.0,415.91915804208355
000009	356	185	TP	0.3164112388250319	244.46409475926146	1.292455264765012	0.0700614167718748	217.0,255.0,278.0,319.0	9.0,356.0,13.0,600.4640947592615
000009	356	186	TP	0.9852235655344463	138.4298707407508	2.560265612881866	0.06469538984162286	247.0,250.0,309.0,358.0	9.0,356.0,13.0,494.4298707407508
000009	356	187	TP	0.4421788523157588	120.12383110673592	1.4881372290867656	0.15787060936399688	452.0,219.0,533.0,274.0	9.0,356.0,13.0,476.1238311067359
000009	356	188	TP	0.9965482233502538	17.209588054746625	1.192493767665718	0.1938826692859652	336.0,236.0,397.0,351.0	9.0,356.0,13.0,373.20958805474663
000009	374	189	TP	0.10859087042812589	122.07964489202479	0.3708086308003539	0.22361691590953306	307.0,208.0,398.0,264.0	9.0,374.0,13.0,496.0796448920248
000009	374	190	TP	0.78755532413434	104.85532647524285	1.1999983710808848	0.21431443243118306	242.0,178.0,294.0,274.0	9.0,374.0,13.0,478.85532647524286
000009	374	191	TP	0.969553706505295	39.136724005471436	0.3097449196893015	0.03404450398228669	368.0,297.0,480.0,364.0	9.0,374.0,13.0,413.1367240054714
000009	374	192	TP	0.4082705049120402	36.593579463561234	1.7876749159458027	0.1197059408377302	264.0,206.0,323.0,308.0	9.0,374.0,13.0,410.59357946356124
000009	380	*	FN	0.11774600504625736	*	*	*	358.0,207.0,450.0,270.0	*
000009	380	*	FN	0.6646375207526287	*	*	*	294.0,168.0,344.0,263.0	*
000009	380	*	FN	1.0	*	*	*	282.0,294.0,402.0,368.0	*
000009	380	*	FN	0.8392682926829268	*	*	*	276.0,197.0,330.0,296.0	*
000009	380	*	FP	*	64.73433730529948	*	*	*	9.0,380.0,13.0,444.7343373052995
000009	380	*	FP	*	41.97649220227467	*	*	*	9.0,380.0,13.0,421.9764922022747
000009	391	193	TP	0.41131456682153594	126.58410499426262	0.5307086423501806	0.19975978902963545	432.0,228.0,494.0,310.0	9.0,391.0,13.0,517.5841049942626
000009	391	194	TP	0.646027397260274	98.95509348537628	1.262292851299793	0.19449741497247783	399.0,170.0,450.0,269.0	9.0,391.0,13.0,489.95509348537627
000009	391	195	TP	1.0	61.765065574265186	0.7389685573619571	0.20537642586909613	173.0,254.0,252.0,345.0	9.0,391.0,13.0,452.7650655742652
000009	391	196	TP	0.34839383651083833	31.303608346944593	2.195401452171589	0.12592587772598102	324.0,188.0,377.0,285.0	9.0,391.0,13.0,422.3036083469446
000009	402	197	TP	0.9857111928988959	151.102328672925	0.13571025999062397	0.026898148699847923	406.0,261.0,493.0,346.0	9.0,402.0,13.0,553.1023286729251
000009	402	198	TP	0.7812645281264529	100.63872353304197	1.2822571936010037	0.07821512992977711	457.0,195.0,513.0,303.0	9.0,402.0,13.0,502.63872353304197
000009	402	199	TP	0.7671734234234234	68.79292620098038	0.5801171561883044	0.1484483216430858	202.0,210.0,268.0,291.0	9.0,402.0,13.0,470.7929262009804
000009	402	200	TP	0.26720443660196624	54.52685568015628	2.7114984592772897	0.252103922949275	377.0,193.0,433.0,291.0	9.0,402.0,13.0,456.5268556801563
000009	414	201	TP	0.996339818917357	288.356031534634	1.2969937566078673	0.07685681155497995	271.0,280.0,383.0,347.0	9.0,414.0,13.0,702.356031534634
000009	414	202	TP	0.9827912254160364	179.8534893342332	1.3482693944856796	0.11531627723335584	403.0,231.0,465.0,347.0	9.0,414.0,13.0,593.8534893342332
000009	414	203	TP	0.25381330079316655	167.691070772738	0.20643254665667712	0.10157111247804372	302.0,195.0,398.0,254.0	9.0,414.0,13.0,581.6910707727379
000009	414	204	TP	0.28623106488808503	58.27213430978179	1.639383579597159	0.08742078935724767	395.0,209.0,452.0,317.0	9.0,414.0,13.0,472.2721343097818
000009	417	205	TP	0.9998029168309026	168.88009998380033	1.282461032038809	0.07217849538567273	245.0,278.0,353.0,341.0	9.0,417.0,13.0,585.8800999838004
000009	417	206	TP	0.9883828139406232	141.69206484926605	0.036389182690176436	0.027145808152805973	370.0,237.0,433.0,352.0	9.0,417.0,13.0,558.692064849266
000009	417	207	TP	0.6005426590292433	117.13341925671544	0.24738399207925432	0.17475488153883928	337.0,198.0,431.0,254.0	9.0,417.0,13.0,534.1334192567155
000009	417	208	TP	0.31927975406236275	107.82782234589709	1.6197513952539115	0.21882591011787655	389.0,213.0,445.0,324.0	9.0,417.0,13.0,524.8278223458971
000009	431	209	TP	0.0025519504192489974	269.9129983912886	1.1989154979458276	0.07551109214461882	215.0,241.0,276.0,297.0	9.0,431.0,13.0,700.9129983912886
000009	431	210	TP	0.9988038277511961	149.64063396742776	2.9216702779170807	0.0689368733650344	223.0,222.0,282.0,330.0	9.0,431.0,13.0,580.6406339674278
000009	431	211	TP	0.4633267845448592	148.85913163523617	1.699998911452281	0.15014465098007304	480.0,244.0,547.0,298.0	9.0,431.0,13.0,579.8591316352362
000009	431	212	TP	0.9991796554552912	64.64668066506711	2.9386515480848914	0.10966561874670976	314.0,222.0,377.0,337.0	9.0,431.0,13.0,495.6466806650671
000009	437	213	TP	0.45740049751243783	270.88737112732036	1.278628603150939	0.07189801492035025	231.0,232.0,307.0,288.0	9.0,437.0,13.0,707.8873711273204
000009	437	214	TP	0.9997726239199636	114.78966911024465	1.1498429504695578	0.19473445927124627	208.0,198.0,263.0,304.0	9.0,437.0,13.0,551.7896691102446
000009	437	215	TP	0.9165023011176857	45.45753149096697	0.5597320374505639	0.01833288884010261	478.0,255.0,537.0,318.0	9.0,437.0,13.0,482.45753149096697
000009	437	216	TP	0.7990946324638931	20.791010500462956	0.7207275041539106	0.11982942000809396	285.0,208.0,347.0,318.0	9.0,437.0,13.0,457.79101050046296
000009	451	217	TP	0.10486454995630644	183.60993835301488	0.15931424971518499	0.14929019158157847	346.0,225.0,437.0,283.0	9.0,451.0,13.0,634.6099383530149
000009	451	218	TP	0.7115933752141633	170.49503080127118	1.3007906546064691	0.1546062265601035	281.0,185.0,330.0,281.0	9.0,451.0,13.0,621.4950308012712
000009	451	219	TP	0.9983876746685776	159.19284141594514	0.2226770622611041	0.06391792362322628	303.0,263.0,425.0,338.0	9.0,451.0,13.0,610.1928414159452
000009	451	220	TP	0.40738928309273303	56.163113493053395	1.7622415158368425	0.2082719545671295	271.0,200.0,327.0,299.0	9.0,451.0,13.0,507.1631134930534
000009	465	221	TP	0.34786670819059484	111.11623232366819	0.4079611398747173	0.19775191979111098	437.0,237.0,496.0,309.0	9.0,465.0,13.0,576.1162323236682
000009	465	222	TP	0.47585427845241457	102.7169338138197	0.635522973199769	0.24581263366402986	409.0,188.0,460.0,287.0	9.0,465.0,13.0,567.7169338138197
000009	465	223	TP	0.9941579883159767	95.89749502147382	0.9420667650835564	0.33976987670781805	173.0,240.0,241.0,320.0	9.0,465.0,13.0,560.8974950214738
000009	465	224	TP	0.2557077625570776	35.71556530898356	2.316456780429325	0.1338130165579406	332.0,197.0,385.0,292.0	9.0,465.0,13.0,500.71556530898357
000009	477	225	TP	0.9883624272651704	187.91699537284353	1.2717884898396576	0.09047818921586502	378.0,253.0,478.0,326.0	9.0,477.0,13.0,664.9169953728435
000009	477	226	TP	0.8240422115164029	127.01746629138361	1.165097847248322	0.04666409024571707	455.0,201.0,512.0,310.0	9.0,477.0,13.0,604.0174662913836
000009	477	227	TP	0.7738920711486282	105.30968239074419	0.8482758673472277	0.14533248558087764	215.0,222.0,290.0,289.0	9.0,477.0,13.0,582.3096823907442
000009	477	228	TP	0.21199692386567548	50.5458007182336	2.4340492458270315	0.026001489855895992	385.0,201.0,441.0,299.0	9.0,477.0,13.0,527.5458007182336
000009	484	229	TP	0.9930789005339133	270.7978333715319	1.2821369553812987	0.06989789910881873	297.0,258.0,408.0,327.0	9.0,484.0,13.0,754.7978333715319
000009	484	230	TP	0.9855276381909548	164.09299543319304	0.02623946314034821	0.031525797284379604	425.0,208.0,485.0,324.0	9.0,484.0,13.0,648.092995433193
000009	484	231	TP	0.056517775752051046	121.36483784612088	0.34482982621615554	0.13916507808703482	276.0,220.0,369.0,279.0	9.0,484.0,13.0,605.3648378461208
000009	484	232	TP	0.5123128923225495	113.6308327205491	1.7375374439771292	0.07541153109587306	396.0,205.0,453.0,310.0	9.0,484.0,13.0,597.630832720549
000009	490	233	TP	0.9970184853905785	195.76811521098693	1.3374542973880685	0.06869099671343908	243.0,256.0,349.0,322.0	9.0,490.0,13.0,685.7681152109869
000009	490	234	TP	0.9928409947249435	176.56316827654808	0.13267033566749764	0.003194889531891099	365.0,211.0,427.0,330.0	9.0,490.0,13.0,666.5631682765481
000009	490	235	TP	0.005896958410924891	118.42828810286501	0.37941436443240467	0.19661031308978896	341.0,222.0,434.0,278.0	9.0,490.0,13.0,608.428288102865
000009	490	236	TP	0.3232758620689655	78.79412492518551	1.8321538138624596	0.10058079081422445	387.0,208.0,443.0,318.0	9.0,490.0,13.0,568.7941249251855
000009	495	237	TP	0.9544088176352705	161.59507476149858	1.7559077668680094	0.11229287463775398	224.0,251.0,308.0,314.0	9.0,495.0,13.0,656.5950747614986
000009	495	238	TP	0.998877245508982	149.80132612656473	0.10567255159890075	0.015883862848914135	305.0,211.0,367.0,329.0	9.0,495.0,13.0,644.8013261265647
000009	495	239	TP	0.18541300527240773	106.63900901566764	1.2867104826041307	0.19516933580194626	398.0,228.0,486.0,284.0	9.0,495.0,13.0,601.6390090156676
000009	495	240	TP	0.9893036454922506	52.677790954101916	1.2816385038696918	0.22617019153232193	366.0,210.0,424.0,323.0	9.0,495.0,13.0,547.677790954102
000017	3	241	TP	0.9590114526823388	188.6643456642653	1.2559289919014724	0.12258312125423954	251.0,65.0,309.0,136.0	17.0,3.0,21.0,191.6643456642653
000017	3	242	TP	0.9997750787224472	161.90748452789745	0.09371727541013328	0.049308443500606036	279.0,213.0,339.0,323.0	17.0,3.0,21.0,164.90748452789745
000017	10	243	TP	0.9614918132201334	184.87262296740835	1.3445815261622869	0.12275641142504295	362.0,51.0,417.0,123.0	17.0,10.0,21.0,194.87262296740835
000017	10	244	TP	0.9829351535836177	97.02126436533929	0.2087845551562277	0.058297394824374724	277.0,188.0,364.0,285.0	17.0,10.0,21.0,107.02126436533929
000017	14	245	TP	0.9654859218891917	214.00253978433437	0.09314398160241502	0.017983082743084595	421.0,71.0,479.0,142.0	17.0,14.0,21.0,228.00253978433437
000017	14	246	TP	0.9979414455626715	160.83601895962016	0.1213801284166288	0.09205341461080194	283.0,182.0,381.0,261.0	17.0,14.0,21.0,174.83601895962016
000017	22	247	TP	0.9412816691505216	141.20310670438613	1.5473805985175593	0.19840000474254463	504.0,161.0,567.0,229.0	17.0,22.0,21.0,163.20310670438613
000017	22	248	TP	0.9967889908256881	132.65147458740432	0.41391333692239046	0.14510439043030898	315.0,193.0,416.0,250.0	17.0,22.0,21.0,154.65147458740432
000017	29	249	TP	0.9508196721311475	209.06683675197777	0.13851973946322083	0.017618225091014364	515.0,270.0,580.0,337.0	17.0,29.0,21.0,238.06683675197777
000017	29	250	TP	0.9965245597775718	97.539221027424	0.20842098687076388	0.02168678467113561	356.0,198.0,444.0,278.0	17.0,29.0,21.0,126.539221027424
000017	41	251	TP	0.9503142771625261	133.19427697449623	1.2192320267691807	0.30968157143913916	383.0,409.0,445.0,475.0	17.0,41.0,21.0,174.19427697449623
000017	41	252	TP	0.9894688644688645	120.88909212733076	0.06476608084267524	0.024159925721186935	374.0,235.0,438.0,331.0	17.0,41.0,21.0,161.88909212733074
000017	50	253	TP	0.9456202233980012	215.72638181630114	0.05114188551614451	0.025928084333575026	229.0,391.0,293.0,457.0	17.0,50.0,21.0,265.7263818163011
000017	50	254	TP	0.9597109700021896	107.71000321749429	0.476033512061111	0.2465756140961432	338.0,287.0,437.0,354.0	17.0,50.0,21.0,157.7100032174943
000017	60	255	TP	0.9493780734741105	157.17616803317918	1.4828251490597333	0.1263856886692896	136.0,259.0,201.0,326.0	17.0,60.0,21.0,217.17616803317918
000017	60	256	TP	0.9345186470078057	127.89560696611225	0.25508740484741116	0.01693741781581028	292.0,276.0,395.0,351.0	17.0,60.0,21.0,187.89560696611227
000017	72	257	TP	0.9675524475524475	206.17039591908372	0.09131389629931928	0.017456135659614947	207.0,99.0,265.0,179.0	17.0,72.0,21.0,278.1703959190837
000017	72	258	TP	0.9538393253439857	157.65573740464427	0.11124802829195732	0.04479119999103305	273.0,228.0,334.0,338.0	17.0,72.0,21.0,229.65573740464427
000017	85	259	TP	0.9371428571428572	224.58096403834674	0.0634791405496811	0.006303122277083196	400.0,70.0,455.0,152.0	17.0,85.0,21.0,309.58096403834674
000017	85	260	TP	0.999065638869423	144.09218753962978	0.0827850098099934	0.08394216790130053	280.0,186.0,375.0,273.0	17.0,85.0,21.0,229.09218753962978
000017	92	261	TP	0.9530816213214881	243.9474398327191	0.0856394363877023	0.012125506577728448	484.0,130.0,543.0,209.0	17.0,92.0,21.0,335.9474398327191
000017	92	262	TP	0.9946198830409356	157.4861523622491	0.3297651432672618	0.06331712955956055	304.0,190.0,404.0,251.0	17.0,92.0,21.0,249.4861523622491
000017	107	263	TP	0.9540289256198347	220.20345913250742	0.06948194743193976	0.02341991113878174	475.0,332.0,540.0,406.0	17.0,107.0,21.0,327.2034591325074
000017	107	264	TP	0.9984954864593781	146.74235769781848	2.248859262255409	0.24305178096974883	383.0,215.0,447.0,301.0	17.0,107.0,21.0,253.74235769781848
000017	121	265	TP	0.9245426829268293	239.2152551746145	0.00863272434495654	0.025591682494272093	250.0,380.0,314.0,454.0	17.0,121.0,21.0,360.2152551746145
000017	121	266	TP	0.8693244739756367	77.85660201869199	0.6790282329058902	0.6886011245640793	344.0,280.0,441.0,347.0	17.0,121.0,21.0,198.856602018692
000017	128	267	TP	0.9642309657639244	229.30761707194617	0.042530483125442754	0.031165942582572992	159.0,309.0,225.0,384.0	17.0,128.0,21.0,357.3076170719462
000017	128	268	TP	0.7268261426740709	88.06319349474524	0.3895707569980973	0.07379851014332792	314.0,284.0,419.0,346.0	17.0,128.0,21.0,216.06319349474524
000017	136	269	TP	0.9809119830328739	217.31124311083212	0.08205535966439843	0.01889584558911101	139.0,194.0,202.0,272.0	17.0,136.0,21.0,353.31124311083215
000017	136	270	TP	0.7667320688903423	140.17887099549333	0.09932218276867379	0.021472273018782052	278.0,260.0,373.0,354.0	17.0,136.0,21.0,276.1788709954933
000017	151	271	TP	0.9684709821428571	218.02489921582546	0.023310445830251412	0.005182572678065614	311.0,76.0,363.0,165.0	17.0,151.0,21.0,369.0248992158255
000017	151	272	TP	0.987027765134274	160.68748027939967	0.28448407159085476	0.06014636290075381	281.0,199.0,352.0,307.0	17.0,151.0,21.0,311.68748027939967
000017	159	273	TP	0.9661809183392907	218.67023847530615	0.06227175550256296	0.01735169909201338	425.0,96.0,480.0,184.0	17.0,159.0,21.0,377.6702384753062
000017	159	274	TP	0.9966362325804902	165.73803389159505	0.07062903353360692	0.0661580401626835	284.0,190.0,382.0,268.0	17.0,159.0,21.0,324.738033891595
000017	168	275	TP	0.925414364640884	134.93866642769	1.4611057987150629	0.19788763719154884	509.0,178.0,570.0,265.0	17.0,168.0,21.0,302.93866642769
000017	168	276	TP	0.9976036424634556	69.5394719146444	0.36506382997215714	0.08285417947512559	324.0,204.0,422.0,258.0	17.0,168.0,21.0,237.5394719146444
000017	184	277	TP	0.9403539436311995	226.46655423181195	0.06805492726411189	0.004874275390611565	407.0,353.0,473.0,441.0	17.0,184.0,21.0,410.466554231812
000017	184	278	TP	0.9875553097345132	150.58456834045566	1.953746351101977	0.2963837584478252	379.0,241.0,439.0,319.0	17.0,184.0,21.0,334.5845683404557
000017	189	279	TP	0.9328438782120493	270.75666888784957	0.04704345837871462	0.010688392976828375	319.0,366.0,384.0,455.0	17.0,189.0,21.0,459.75666888784957
000017	189	280	TP	0.881786771964462	156.15273327434264	0.18695621729422446	0.003976298636538148	360.0,263.0,440.0,334.0	17.0,189.0,21.0,345.1527332743426
000017	195	281	TP	0.9704347826086956	236.47481993684312	0.0906391089231481	0.024940207330504817	215.0,339.0,281.0,428.0	17.0,195.0,21.0,431.4748199368431
000017	195	282	TP	0.5854877253964805	73.65398122092148	0.7304524065465953	0.21167281785883935	335.0,279.0,437.0,339.0	17.0,195.0,21.0,268.6539812209215
000017	200	283	TP	0.9770345596432553	214.70275116268965	0.04625963250565257	0.029203874042927458	157.0,289.0,223.0,378.0	17.0,200.0,21.0,414.70275116268965
000017	200	284	TP	0.4979748454487316	78.6230921976704	0.3568761794425753	0.2117657144754246	314.0,276.0,419.0,341.0	17.0,200.0,21.0,278.6230921976704
000017	215	285	TP	0.9632566745968808	210.2421626667863	0.07525800419388548	0.01282420854263044	199.0,118.0,256.0,205.0	17.0,215.0,21.0,425.24216266678627
000017	215	286	TP	0.7941304347826087	146.74587252408205	0.2444250022854748	0.056263729577763454	273.0,230.0,336.0,339.0	17.0,215.0,21.0,361.7458725240821
000017	224	287	TP	0.9890387858347386	202.44593991519946	0.06190781713396539	0.004427308102449849	319.0,97.0,369.0,191.0	17.0,224.0,21.0,426.44593991519946
000017	224	288	TP	0.893646408839779	121.94143581999741	0.34502606962726956	0.11266804672720904	279.0,203.0,353.0,305.0	17.0,224.0,21.0,345.9414358199974
000017	231	289	TP	0.9546703296703297	237.24501842193513	0.0683882461379706	0.02263977898818475	418.0,111.0,470.0,205.0	17.0,231.0,21.0,468.24501842193513
000017	231	290	TP	0.8782991202346041	107.28217997558195	0.17656118289974093	0.07096745530702338	284.0,197.0,381.0,276.0	17.0,231.0,21.0,338.2821799755819
000017	240	291	TP	0.914195430238211	119.03174752363377	1.4894618637288737	0.19578886995710235	504.0,177.0,563.0,270.0	17.0,240.0,21.0,359.0317475236338
000017	240	292	TP	0.9872922776148583	84.96446873370614	2.6559248581125954	0.15495984944815086	321.0,208.0,418.0,264.0	17.0,240.0,21.0,324.96446873370616
000017	256	293	TP	0.9667240390131956	212.3063307507205	0.09360605293463566	0.008084028572246065	417.0,320.0,484.0,423.0	17.0,256.0,21.0,468.30633075072046
000017	256	294	TP	0.9860891558646854	112.61476438766572	1.7833345064689183	0.31010857279359366	381.0,246.0,439.0,312.0	17.0,256.0,21.0,368.61476438766573
000017	268	295	TP	0.9881203295650508	307.4616701050299	0.02366906268112468	0.02873078185566832	208.0,308.0,274.0,410.0	17.0,268.0,21.0,575.46167010503
000017	268	296	TP	0.4114459137220898	41.75000497090571	1.1454741373415775	0.3629850559236284	333.0,272.0,435.0,330.0	17.0,268.0,21.0,309.7500049709057
000017	278	297	TP	0.9993394980184941	168.6862654973545	0.056774634828056225	0.012473742111666653	139.0,212.0,201.0,310.0	17.0,278.0,21.0,446.6862654973545
000017	278	298	TP	0.3247422680412371	98.37852737965889	1.2504295332322966	0.12121499916746402	287.0,256.0,389.0,342.0	17.0,278.0,21.0,376.37852737965886
000017	297	299	TP	0.9810881582775677	180.6389150407446	0.10819176588000762	0.02540581542392892	346.0,122.0,394.0,218.0	17.0,297.0,21.0,477.63891504074456
000017	297	300	TP	0.5294257803192757	72.41745276120764	0.5066349689624542	0.31115647434375826	278.0,207.0,360.0,299.0	17.0,297.0,21.0,369.41745276120764
000017	302	301	TP	0.9327683615819209	170.96397301220438	0.07522472734734192	0.03869417188163182	413.0,132.0,464.0,228.0	17.0,302.0,21.0,472.9639730122044
000017	302	302	TP	0.5711472181191531	37.28099442652985	0.16907118825659734	0.3483865783050168	284.0,205.0,380.0,282.0	17.0,302.0,21.0,339.28099442652984
000017	308	303	TP	0.94116122343183	190.3668552697773	0.05133103838360142	0.035454069600177926	479.0,160.0,533.0,257.0	17.0,308.0,21.0,498.36685526977726
000017	308	304	TP	0.8619131308059251	46.308181983481056	0.16729710062087624	0.16914601094235576	305.0,208.0,403.0,269.0	17.0,308.0,21.0,354.30818198348106
000017	324	305	TP	0.9809506195672276	172.55895441635076	0.07458994477647238	0.002512123797881161	464.0,274.0,530.0,383.0	17.0,324.0,21.0,496.55895441635073
000017	324	306	TP	0.9868512110726644	101.26250532813451	1.228942368560208	0.11233534580312476	383.0,238.0,444.0,298.0	17.0,324.0,21.0,425.2625053281345
000017	332	307	TP	0.988009592326139	256.0739792003877	0.0431570623623063	0.024993634250912066	335.0,299.0,400.0,413.0	17.0,332.0,21.0,588.0739792003877
000017	332	308	TP	0.7112068965517241	20.82205002161697	2.8707715108037295	0.41227449963141355	364.0,255.0,438.0,315.0	17.0,332.0,21.0,352.822050021617
000017	341	309	TP	0.9985449254274281	273.3655552490375	0.05138728634639313	0.033024902980040106	186.0,267.0,251.0,378.0	17.0,341.0,21.0,614.3655552490375
000017	341	310	TP	0.26280956447480786	91.40285310137892	2.2941242469920624	0.4727248888781347	326.0,260.0,430.0,324.0	17.0,341.0,21.0,432.4028531013789
000017	358	311	TP	0.7508434985725408	64.22036055844329	0.5833985530261087	0.21385745007873375	199.0,147.0,252.0,245.0	17.0,358.0,21.0,422.2203605584433
000017	358	312	TP	0.454668776848293	63.17951522311778	0.7340988403208697	0.39559879726407327	274.0,230.0,337.0,329.0	17.0,358.0,21.0,421.1795152231178
000017	360	313	TP	0.6836393989983306	50.750941769757645	0.397667574918123	0.5151099625799747	223.0,159.0,273.0,257.0	17.0,360.0,21.0,410.7509417697577
000017	360	314	TP	0.45532776512275375	38.769880299769525	0.8985667279378647	0.5088307151959113	277.0,227.0,336.0,317.0	17.0,360.0,21.0,398.7698802997695
000017	369	315	TP	0.9029918404351768	27.11720824916373	0.26013171766583115	0.045523327791233754	342.0,150.0,390.0,245.0	17.0,369.0,21.0,396.11720824916375
000017	369	316	TP	0.16154806491885143	19.190632406274958	0.9932682880634179	0.0778067889105594	278.0,216.0,359.0,298.0	17.0,369.0,21.0,388.190632406275
000017	386	317	TP	0.5641025641025641	74.66145197965457	0.8034026213320694	0.13115689717383922	511.0,200.0,569.0,303.0	17.0,386.0,21.0,460.66145197965454
000017	386	318	TP	0.9282024793388429	55.05712053714049	0.8212019371593264	0.1307041899279569	336.0,222.0,428.0,280.0	17.0,386.0,21.0,441.05712053714046
000017	397	319	TP	0.9638098667626935	117.44030860122975	1.1074879500048302	0.10044969032875309	456.0,250.0,521.0,364.0	17.0,397.0,21.0,514.4403086012297
000017	397	320	TP	0.9695603156708005	45.708662572056824	1.5846676105909048	0.16973402002572027	383.0,239.0,442.0,294.0	17.0,397.0,21.0,442.7086625720568
000017	404	321	TP	0.992494996664443	169.79438674555954	0.011178254244219692	0.03098853133761173	341.0,263.0,407.0,382.0	17.0,404.0,21.0,573.7943867455596
000017	404	322	TP	0.38330341113105926	31.287065499204104	1.661375429986801	0.2651659689861699	365.0,248.0,436.0,306.0	17.0,404.0,21.0,435.2870654992041
000017	411	323	TP	0.9993084370677732	242.46247992620448	0.024984479446156335	0.026456302350383508	218.0,250.0,282.0,366.0	17.0,411.0,21.0,653.4624799262044
000017	411	324	TP	0.052330694810905895	202.21696132565478	1.222947372749252	0.13515545595366127	335.0,250.0,436.0,314.0	17.0,411.0,21.0,613.2169613256548
000017	415	325	TP	0.9998148833765272	245.47161351470282	0.030955511978042503	0.015273691288641613	170.0,234.0,233.0,346.0	17.0,415.0,21.0,660.4716135147028
000017	415	326	TP	0.035867697594501716	177.42267153240925	1.2078751157766698	0.12917017799376515	318.0,248.0,423.0,315.0	17.0,415.0,21.0,592.4226715324093
000017	427	327	TP	0.5155155155155156	39.29689246528319	1.3699100276046763	0.38740523588530223	172.0,175.0,225.0,277.0	17.0,427.0,21.0,466.2968924652832
000017	427	328	TP	0.05733634311512415	25.101337817083348	0.7170898220643066	0.18510113559382585	273.0,234.0,354.0,323.0	17.0,427.0,21.0,452.10133781708333
000017	437	329	TP	0.8102466793168881	51.95067143070127	0.19162371014404947	0.07422973766979145	288.0,180.0,335.0,273.0	17.0,437.0,21.0,488.9506714307013
000017	437	330	TP	0.4737903225806452	37.044863898617834	1.0707460849582866	0.05409022455393314	283.0,226.0,344.0,302.0	17.0,437.0,21.0,474.04486389861785
000017	446	*	FN	0.602991586163914	*	*	*	407.0,183.0,455.0,277.0	*
000017	446	*	FN	0.08473711077080143	*	*	*	284.0,223.0,378.0,290.0	*
000017	453	331	TP	0.5690989496959646	39.623325386442076	1.9215100512856675	0.659387812282553	480.0,192.0,532.0,290.0	17.0,453.0,21.0,492.62332538644205
000017	453	332	TP	0.7253707627118644	39.33263532971873	2.662604165086968	0.07067091510870631	309.0,225.0,405.0,285.0	17.0,453.0,21.0,492.33263532971876
000017	462	*	FN	0.43126626192541195	*	*	*	510.0,209.0,569.0,318.0	*
000017	462	*	FN	0.5299121066061809	*	*	*	358.0,231.0,440.0,290.0	*
000017	468	*	FN	0.9545539554890593	*	*	*	468.0,218.0,531.0,335.0	*
000017	468	*	FN	0.35374868004223864	*	*	*	383.0,234.0,443.0,294.0	*
000017	485	333	TP	0.9761948028348174	210.36890099803222	0.07916663329990035	0.029201548947735124	194.0,212.0,256.0,331.0	17.0,485.0,21.0,695.3689009980322
000017	485	334	TP	0.09150469534832933	148.6396407756554	1.244712728261949	0.1346356405063483	328.0,239.0,431.0,306.0	17.0,485.0,21.0,633.6396407756554
000018	2	335	TP	0.6929746554024011	138.08415571243765	0.8487309471107128	0.11440251941271669	214.0,225.0,309.0,316.0	18.0,2.0,22.0,140.08415571243765
000018	2	336	TP	0.9276393831553974	84.16434742485248	1.3746863449951676	0.17663287805139583	277.0,252.0,338.0,320.0	18.0,2.0,22.0,86.16434742485248
000018	13	337	TP	0.662089830114033	138.72532358213942	1.203998041043629	0.08685921671130108	250.0,170.0,355.0,230.0	18.0,13.0,22.0,151.72532358213942
000018	13	338	TP	0.944030961595713	54.74670129695135	1.8316486267117165	0.45256861517132274	273.0,200.0,333.0,268.0	18.0,13.0,22.0,67.74670129695136
000018	19	339	TP	0.7448807516261142	130.43862679987714	0.7348633500693895	0.06615394160634483	309.0,145.0,396.0,224.0	18.0,19.0,22.0,149.43862679987714
000018	19	340	TP	0.9507168458781362	82.36954433852914	0.05030723739836087	0.03498795920943906	292.0,176.0,352.0,245.0	18.0,19.0,22.0,101.36954433852914
000018	30	341	TP	0.8574550752792618	130.31188452633552	1.2368305822562995	0.0703099760655781	397.0,163.0,458.0,256.0	18.0,30.0,22.0,160.31188452633552
000018	30	342	TP	0.9533974744437763	66.08309692022132	2.2982240695605287	0.08687980535254768	347.0,167.0,405.0,235.0	18.0,30.0,22.0,96.08309692022132
000018	35	343	TP	0.8444027223656418	137.4206248449556	0.7680382968481121	0.07826941030523822	408.0,205.0,488.0,290.0	18.0,35.0,22.0,172.4206248449556
000018	35	344	TP	0.941282746160795	71.72114783798281	1.120411097562158	0.03340896656085937	370.0,179.0,428.0,247.0	18.0,35.0,22.0,106.72114783798281
000018	43	345	TP	0.7686895338610378	158.23788157281635	0.9575469218416697	0.059518056857193594	402.0,279.0,504.0,340.0	18.0,43.0,22.0,201.23788157281635
000018	43	346	TP	0.9515550239234449	46.464517578316126	1.5246216543777313	0.0918597278206855	389.0,212.0,448.0,280.0	18.0,43.0,22.0,89.46451757831613
000018	49	347	TP	0.7389627089584226	169.83485658057324	0.8844525679302503	0.07497515811159099	366.0,306.0,475.0,375.0	18.0,49.0,22.0,218.83485658057324
000018	49	348	TP	0.9545184304399524	93.85861037840756	1.6193022536680572	0.21644110136019876	386.0,241.0,446.0,309.0	18.0,49.0,22.0,142.85861037840755
000018	55	349	TP	0.7512744265080714	156.02059605298666	0.8356056683598931	0.12507275770056747	322.0,317.0,415.0,415.0	18.0,55.0,22.0,211.02059605298666
000018	55	350	TP	0.9281685960225586	73.65622832532372	1.546054999718504	0.18566578988860521	367.0,266.0,427.0,334.0	18.0,55.0,22.0,128.65622832532372
000018	67	351	TP	0.7542869546342522	128.04609302665398	0.8242068157768244	0.14133172748099607	253.0,273.0,318.0,387.0	18.0,67.0,22.0,195.04609302665398
000018	67	352	TP	0.9311776920795016	98.66905567234348	1.4311862766280885	0.2546076753744008	307.0,275.0,367.0,343.0	18.0,67.0,22.0,165.66905567234346
000018	86	353	TP	0.500242013552759	113.05534135978297	1.2523370553694735	0.07469142028487015	264.0,173.0,365.0,232.0	18.0,86.0,22.0,199.05534135978297
000018	86	354	TP	0.9382582906443785	66.82422074624263	0.1820059304233784	0.028590841981825075	278.0,186.0,337.0,265.0	18.0,86.0,22.0,152.82422074624264
000018	92	355	TP	0.5793444328824141	137.95981546257028	1.1944815021983721	0.04402193364042182	325.0,156.0,404.0,230.0	18.0,92.0,22.0,229.95981546257028
000018	92	356	TP	0.938891906572515	71.5370910284253	0.07001472345158002	0.02558071961550906	300.0,167.0,358.0,246.0	18.0,92.0,22.0,163.5370910284253
000018	106	357	TP	0.8262839879154078	145.95407257315784	1.1806932330495217	0.05983398636611817	407.0,209.0,483.0,287.0	18.0,106.0,22.0,251.95407257315784
000018	106	358	TP	0.9361876193073357	66.6043856292389	2.956613372225769	0.05040524069085089	368.0,172.0,426.0,251.0	18.0,106.0,22.0,172.6043856292389
000018	112	359	TP	0.706536541080345	188.66086732838238	1.0390279329327816	0.0752138485318664	407.0,260.0,506.0,323.0	18.0,112.0,22.0,300.6608673283824
000018	112	360	TP	0.9391634980988594	40.41704754995034	2.244819203716382	0.04656248389025823	386.0,193.0,445.0,271.0	18.0,112.0,22.0,152.41704754995033
000018	130	361	TP	0.6830646849487125	165.22308674523904	1.1737329440011761	0.07268949202700416	299.0,310.0,373.0,418.0	18.0,130.0,22.0,295.223086745239
000018	130	362	TP	0.9555908009516257	121.45837511658448	1.3974372384524554	0.2632501231685681	353.0,259.0,413.0,336.0	18.0,130.0,22.0,251.45837511658448
000018	139	363	TP	0.754169374052415	153.68969832678027	1.0676714692733587	0.062225039719211374	250.0,267.0,317.0,381.0	18.0,139.0,22.0,292.6896983267803
000018	139	364	TP	0.9629139072847682	84.69724187578954	1.1405516299162624	0.3013467694989794	305.0,259.0,365.0,335.0	18.0,139.0,22.0,223.69724187578953
000018	151	365	TP	0.47902507616592455	158.3585450158731	1.1897932625939505	0.07689853438871445	218.0,204.0,319.0,271.0	18.0,151.0,22.0,309.3585450158731
000018	151	366	TP	0.91985559566787	85.90612614366188	0.9762368496613749	0.2170589462861797	271.0,209.0,330.0,298.0	18.0,151.0,22.0,236.90612614366188
000018	162	367	TP	0.301498127340824	87.65524088134353	1.2439371792232643	0.026855013682623424	300.0,176.0,389.0,237.0	18.0,162.0,22.0,249.65524088134353
000018	162	368	TP	0.8760640961442163	82.21228020448139	0.09790185301262562	0.04687312552893063	292.0,171.0,349.0,260.0	18.0,162.0,22.0,244.21228020448137
000018	174	369	TP	0.730722525804493	85.06636869768879	1.1333631326481886	0.052904965816592424	397.0,192.0,456.0,265.0	18.0,174.0,22.0,259.0663686976888
000018	174	370	TP	0.8618488253319714	75.8511211568382	0.160513178601428	0.01665072049712532	349.0,162.0,404.0,251.0	18.0,174.0,22.0,249.8511211568382
000018	190	371	TP	0.48617021276595745	175.58633123240128	1.0973727435801022	0.04979481322219861	387.0,284.0,495.0,349.0	18.0,190.0,22.0,365.5863312324013
000018	190	372	TP	0.9190499272903538	76.1605295464418	1.6952199125359106	0.25029130295548535	389.0,205.0,448.0,297.0	18.0,190.0,22.0,266.1605295464418
000018	195	373	TP	0.49135956693733085	187.06462588268394	1.1487840197667243	0.05673068122592875	350.0,298.0,460.0,383.0	18.0,195.0,22.0,382.0646258826839
000018	195	374	TP	0.9117228286663502	96.78790506285634	0.738629902469829	0.19496882158656897	381.0,224.0,441.0,316.0	18.0,195.0,22.0,291.78790506285634
000018	206	375	TP	0.6761306023119042	85.98390835153886	0.7114729813509493	0.09399748262290278	279.0,294.0,340.0,404.0	18.0,206.0,22.0,291.98390835153884
000018	206	376	TP	0.9278087279480037	79.38236110970796	0.05859413585763826	0.03949405920290084	334.0,248.0,394.0,338.0	18.0,206.0,22.0,285.382361109708
000018	229	377	TP	0.07971014492753623	63.970942177610574	1.1830186667923626	0.040483146728006965	251.0,195.0,352.0,251.0	18.0,229.0,22.0,292.9709421776106
000018	229	378	TP	0.8272093023255814	52.67755568389301	0.1966240156835166	0.08092591666106845	277.0,185.0,334.0,281.0	18.0,229.0,22.0,281.677555683893
000018	236	379	TP	0.25242433147223037	92.97254664772142	1.0227672368630878	0.02896043604585559	317.0,188.0,398.0,246.0	18.0,236.0,22.0,328.9725466477214
000018	236	380	TP	0.8087880251086431	30.6038071207149	0.5914593672510599	0.04514473782071178	300.0,170.0,355.0,265.0	18.0,236.0,22.0,266.6038071207149
000018	246	381	TP	0.5460273013650683	74.55414398974484	1.0423690367407734	0.06852551138842694	394.0,206.0,451.0,269.0	18.0,246.0,22.0,320.55414398974483
000018	246	382	TP	0.8025024533856723	61.197563482495674	0.2714166128986807	0.10429834753972414	346.0,165.0,401.0,260.0	18.0,246.0,22.0,307.1975634824957
000018	266	383	TP	0.25261615738802845	146.5771718136418	1.0539307946438417	0.0481237991465145	362.0,284.0,474.0,363.0	18.0,266.0,22.0,412.5771718136418
000018	266	384	TP	0.8952402135231317	91.08967713106894	0.7631324871063554	0.3614635585244792	385.0,207.0,444.0,310.0	18.0,266.0,22.0,357.0896771310689
000018	272	385	TP	0.299089469517023	59.867008245976194	1.6154641640536351	0.5022635222192863	318.0,291.0,412.0,393.0	18.0,272.0,22.0,331.8670082459762
000018	272	386	TP	0.9481193255512321	45.14627569554316	0.6200401411863343	0.0422910344342648	366.0,225.0,426.0,326.0	18.0,272.0,22.0,317.1462756955432
000018	279	387	TP	0.6243460764587525	69.94033704624891	0.7605280727558532	0.07781559718494557	277.0,280.0,337.0,390.0	18.0,279.0,22.0,348.94033704624894
000018	279	388	TP	0.9534735500318674	64.82025084998236	0.8987187331624767	0.1124198962876741	332.0,234.0,392.0,333.0	18.0,279.0,22.0,343.82025084998236
000018	291	389	TP	0.48496066635816754	50.41940194861335	0.8237072685626222	0.11082920141793262	212.0,227.0,311.0,307.0	18.0,291.0,22.0,341.41940194861337
000018	291	390	TP	0.4713334764870088	43.9543313353278	0.3831258589994046	0.12383045801865061	279.0,207.0,336.0,310.0	18.0,291.0,22.0,334.9543313353278
000018	309	391	TP	0.15477748691099477	36.080172571863194	1.0839697700259032	0.1471971615493573	333.0,202.0,406.0,256.0	18.0,309.0,22.0,345.0801725718632
000018	309	392	TP	0.7003162247628314	30.38819860870084	0.2823258289942717	0.2191532941408361	308.0,172.0,362.0,270.0	18.0,309.0,22.0,339.38819860870086
000018	316	393	TP	0.3755020080321285	49.75275265430266	1.7646547213221295	0.05617692514304711	389.0,213.0,442.0,270.0	18.0,316.0,22.0,365.75275265430264
000018	316	394	TP	0.6705969049373618	45.3278521102681	0.086291120994231	0.14774089253865363	340.0,171.0,393.0,268.0	18.0,316.0,22.0,361.3278521102681
000018	324	*	FN	0.398105625717566	*	*	*	408.0,238.0,488.0,294.0	*
000018	324	*	FN	0.76	*	*	*	374.0,175.0,429.0,277.0	*
000018	324	*	FP	*	5.903808323873353	*	*	*	18.0,324.0,22.0,329.90380832387336
000018	336	395	TP	0.07379295804343243	69.32982869860356	1.2517894665187073	0.08262266380652439	373.0,270.0,485.0,343.0	18.0,336.0,22.0,405.3298286986036
000018	336	396	TP	0.8959246275197196	31.81111010665472	0.1381082246948571	0.05112678480867669	387.0,196.0,445.0,304.0	18.0,336.0,22.0,367.8111101066547
000018	342	*	FN	0.09117762898779047	*	*	*	328.0,277.0,430.0,371.0	*
000018	342	*	FN	0.8894493484657419	*	*	*	372.0,209.0,431.0,318.0	*
000018	342	*	FP	*	10.210919718544389	*	*	*	18.0,342.0,22.0,352.2109197185444
000018	350	397	TP	0.5234941006002898	74.04101129490603	1.069560273611223	0.04830180531828639	279.0,268.0,341.0,373.0	18.0,350.0,22.0,424.041011294906
000018	350	398	TP	0.9305923061266029	73.68226493269391	0.5681587221707578	0.1202018641108349	335.0,220.0,394.0,326.0	18.0,350.0,22.0,423.6822649326939
000018	357	399	TP	0.5746557659208261	93.3884094834392	0.5249905815939356	0.3637484612794465	234.0,248.0,313.0,344.0	18.0,357.0,22.0,450.3884094834392
000018	357	400	TP	0.9462767060775773	70.55876643407956	0.5756715640991271	0.06442183622010403	299.0,217.0,358.0,322.0	18.0,357.0,22.0,427.55876643407953
000018	373	*	FN	0.005246589716684155	*	*	*	251.0,216.0,351.0,274.0	*
000018	373	*	FN	0.4247704261831881	*	*	*	280.0,189.0,334.0,289.0	*
000018	391	*	FN	0.017380759902991108	*	*	*	397.0,228.0,454.0,281.0	*
000018	391	*	FN	0.6353535353535353	*	*	*	352.0,177.0,405.0,278.0	*
000018	399	*	FN	0.2952674897119342	*	*	*	408.0,244.0,498.0,302.0	*
000018	399	*	FN	0.7240125999515387	*	*	*	381.0,181.0,435.0,287.0	*
000018	407	*	FN	0.005383290267011198	*	*	*	385.0,257.0,494.0,326.0	*
000018	407	*	FN	0.7215447154471545	*	*	*	388.0,190.0,445.0,300.0	*
000018	407	*	FP	*	8.711510664265242	*	*	*	18.0,407.0,22.0,415.71151066426523
000018	415	*	FN	0.020771513353115726	*	*	*	325.0,262.0,426.0,351.0	*
000018	415	*	FN	0.7313559322033898	*	*	*	370.0,200.0,429.0,312.0	*
000018	426	*	FN	0.3776912505726065	*	*	*	259.0,250.0,324.0,344.0	*
000018	426	*	FN	0.9574249280131633	*	*	*	318.0,207.0,377.0,317.0	*
000018	439	*	FN	0.0010170353419781336	*	*	*	219.0,229.0,318.0,292.0	*
000018	439	*	FN	0.21846011131725418	*	*	*	278.0,190.0,333.0,296.0	*
000018	452	*	FN	0.0881334592382751	*	*	*	316.0,227.0,395.0,283.0	*
000018	452	*	FN	0.2631849755595575	*	*	*	303.0,186.0,355.0,287.0	*
000018	461	*	FN	0.07986548970155527	*	*	*	390.0,232.0,442.0,288.0	*
000018	461	*	FN	0.14918292040063258	*	*	*	343.0,184.0,394.0,285.0	*
000018	466	*	FN	0.4380704041720991	*	*	*	364.0,186.0,417.0,288.0	*
000018	473	*	FN	0.16427889207258833	*	*	*	406.0,242.0,501.0,305.0	*
000018	473	*	FN	0.6376089663760897	*	*	*	384.0,188.0,437.0,293.0	*
000018	480	*	FN	0.4292375845185358	*	*	*	387.0,191.0,443.0,300.0	*
000018	487	*	FN	0.0042796005706134095	*	*	*	327.0,247.0,427.0,328.0	*
000018	487	*	FN	0.46945478432231225	*	*	*	371.0,193.0,428.0,305.0	*
000018	491	*	FN	0.15493601462522852	*	*	*	300.0,246.0,375.0,330.0	*
000018	491	*	FN	0.6905579399141631	*	*	*	354.0,195.0,411.0,307.0	*
000018	496	*	FN	0.18015187221785808	*	*	*	272.0,242.0,330.0,325.0	*
000018	496	*	FN	0.6207703766758885	*	*	*	328.0,195.0,386.0,307.0	*
000020	3	401	TP	0.9801016088060965	177.7120014105295	1.551406372187108	0.10281308509799833	328.0,233.0,418.0,311.0	20.0,3.0,24.0,180.7120014105295
000020	3	402	TP	0.9587046294283851	99.20062444059712	0.21006636619802352	0.08245537228816781	333.0,177.0,438.0,250.0	20.0,3.0,24.0,102.20062444059712
000020	3	403	TP	0.9955780164245104	93.04636937515261	1.0151140534301248	0.16449580725456706	197.0,192.0,302.0,260.0	20.0,3.0,24.0,96.04636937515261
000020	3	404	TP	0.9830902557598816	81.4092115630631	1.6460958672508208	0.12065028106795861	406.0,302.0,491.0,405.0	20.0,3.0,24.0,84.4092115630631
000020	11	405	TP	0.9852330410706045	131.85983176679423	1.533565593958856	0.08523872043979996	311.0,248.0,402.0,308.0	20.0,11.0,24.0,142.85983176679423
000020	11	406	TP	0.9754561251086012	113.2620657308731	2.8949190638983735	0.22748181512640886	384.0,183.0,462.0,293.0	20.0,11.0,24.0,124.2620657308731
000020	11	407	TP	0.9908604547481052	83.70722657931766	2.3099542341779453	0.07581360959978312	256.0,120.0,326.0,221.0	20.0,11.0,24.0,94.70722657931766
000020	11	408	TP	0.9991683991683992	52.07350766087532	2.6973257027055735	0.15427698819672037	346.0,336.0,407.0,452.0	20.0,11.0,24.0,63.07350766087532
000020	17	409	TP	0.9931645569620253	164.3900850402094	1.595415555026841	0.09273311475444075	310.0,244.0,386.0,312.0	20.0,17.0,24.0,181.3900850402094
000020	17	410	TP	0.9846219564288765	153.84414812682675	2.5108895483427776	0.12584378416325173	394.0,211.0,451.0,322.0	20.0,17.0,24.0,170.84414812682675
000020	17	411	TP	0.9516897255613518	136.36087106469404	2.7419227269644524	0.09605326377008906	325.0,101.0,382.0,207.0	20.0,17.0,24.0,153.36087106469404
000020	17	412	TP	0.9987513007284079	83.6982633946948	2.5638241700305757	0.11202702292581913	270.0,332.0,356.0,436.0	20.0,17.0,24.0,100.6982633946948
000020	21	413	TP	0.9954714970697922	182.2294895278781	1.3407813694065693	0.07013954457645483	308.0,237.0,375.0,308.0	20.0,21.0,24.0,203.2294895278781
000020	21	414	TP	0.990899470899471	149.91995873448897	2.508870504890831	0.13769777568371624	375.0,232.0,445.0,339.0	20.0,21.0,24.0,170.91995873448897
000020	21	415	TP	0.9490187232122717	111.67717622970032	2.564167165652988	0.09272657996367108	361.0,110.0,431.0,206.0	20.0,21.0,24.0,132.6771762297003
000020	21	416	TP	0.996031746031746	107.00258236495382	0.1910644866695159	0.14072971985567587	221.0,310.0,323.0,399.0	20.0,21.0,24.0,128.0025823649538
000020	28	417	TP	0.9959261271048343	150.3643081468618	1.2390867404093011	0.06554673036487486	300.0,222.0,365.0,294.0	20.0,28.0,24.0,178.3643081468618
000020	28	418	TP	0.9890337264638941	122.04748472603409	0.16366627024073227	0.027290618893271196	338.0,274.0,442.0,364.0	20.0,28.0,24.0,150.0474847260341
000020	28	419	TP	0.9672774869109948	113.59285113123606	2.8018835029341878	0.09152376743821361	397.0,153.0,500.0,224.0	20.0,28.0,24.0,141.59285113123605
000020	28	420	TP	0.9888364104765994	91.93082671171834	0.15147029052134298	0.053098284426060925	181.0,263.0,294.0,321.0	20.0,28.0,24.0,119.93082671171834
000020	41	421	TP	0.9704100652376515	137.51430688809293	2.0922619564496734	0.11449568745150358	304.0,200.0,395.0,262.0	20.0,41.0,24.0,178.51430688809293
000020	41	422	TP	0.9922210849539407	124.88447829461374	0.49467996174312456	0.03518652923062639	269.0,268.0,374.0,342.0	20.0,41.0,24.0,165.88447829461376
000020	41	423	TP	0.9869375907111756	96.26871529786354	0.7409117677570619	0.2525672379005149	413.0,271.0,517.0,359.0	20.0,41.0,24.0,137.26871529786354
000020	41	424	TP	0.951761645779144	92.54108266590508	0.041980071654653076	0.054971417931850446	258.0,132.0,326.0,223.0	20.0,41.0,24.0,133.5410826659051
000020	51	425	TP	0.9651858180264844	145.17412413305235	2.1153938343752636	0.09439431183704529	327.0,189.0,410.0,278.0	20.0,51.0,24.0,196.17412413305235
000020	51	426	TP	0.9891072191371209	136.43222579948164	0.5990643677254682	0.09295285142935487	263.0,214.0,324.0,318.0	20.0,51.0,24.0,187.43222579948164
000020	51	427	TP	0.9971688574317492	74.3319273053179	2.5646361827560193	0.42082677084770614	359.0,314.0,422.0,432.0	20.0,51.0,24.0,125.3319273053179
000020	51	428	TP	0.9228372873232686	71.38938523987842	0.20580040967295898	0.046240960745022965	345.0,113.0,414.0,207.0	20.0,51.0,24.0,122.38938523987842
000020	58	429	TP	0.973585690515807	147.52048470587644	1.6275749370940251	0.22435801053241108	346.0,198.0,412.0,300.0	20.0,58.0,24.0,205.52048470587644
000020	58	430	TP	0.9592847910383455	118.17531038912054	0.6469258814836794	0.07824105762862978	272.0,180.0,348.0,278.0	20.0,58.0,24.0,176.17531038912054
000020	58	431	TP	0.99738430583501	115.38964250337415	0.04126619250486487	0.09194410245471293	271.0,314.0,353.0,423.0	20.0,58.0,24.0,173.38964250337415
000020	58	432	TP	0.9894106813996317	112.7668093784455	2.7529256093065313	0.13080022344375553	401.0,163.0,498.0,230.0	20.0,58.0,24.0,170.7668093784455
000020	67	433	TP	0.979822935968705	130.03639331832932	0.008533577794834839	0.003995525598018983	354.0,211.0,423.0,316.0	20.0,67.0,24.0,197.03639331832932
000020	67	434	TP	0.936989247311828	126.81771382654017	0.4038274624483843	0.02785159899604494	290.0,167.0,396.0,230.0	20.0,67.0,24.0,193.81771382654017
000020	67	435	TP	0.9943112555871597	105.77928320994083	0.26857379500224826	0.06664839879276348	193.0,280.0,310.0,348.0	20.0,67.0,24.0,172.77928320994084
000020	67	436	TP	0.9660979877515311	83.79181413592636	1.4539854955883675	0.11046460470224155	428.0,236.0,539.0,301.0	20.0,67.0,24.0,150.79181413592636
000020	81	437	TP	0.9884481255448997	156.06135409281518	1.3591245920804393	0.0861233695184214	315.0,228.0,407.0,298.0	20.0,81.0,24.0,237.06135409281518
000020	81	438	TP	0.8828470380194519	105.84420030862495	1.312895092873058	0.1744249004393016	369.0,176.0,459.0,278.0	20.0,81.0,24.0,186.84420030862495
000020	81	439	TP	0.9878105954055321	92.36613624814231	1.9474648313261023	0.20652324633020397	235.0,144.0,317.0,228.0	20.0,81.0,24.0,173.3661362481423
000020	81	440	TP	0.9977710233029382	67.71465569686214	1.1302235779322765	0.41743563219114604	369.0,327.0,431.0,439.0	20.0,81.0,24.0,148.71465569686214
000020	88	441	TP	0.9905298182748912	201.27938756728886	1.478870983474515	0.0879247289309499	309.0,235.0,389.0,295.0	20.0,88.0,24.0,289.27938756728884
000020	88	442	TP	0.9678449744463373	136.15060612603676	0.03403402762895129	0.04701847899490805	394.0,198.0,455.0,312.0	20.0,88.0,24.0,224.15060612603676
000020	88	443	TP	0.9330817610062893	90.21053753613162	0.8067921107431164	0.15986211163302508	310.0,112.0,364.0,208.0	20.0,88.0,24.0,178.21053753613162
000020	88	444	TP	0.9991859991859992	84.29288004566413	0.3425523307379686	0.1624396064311426	289.0,328.0,368.0,437.0	20.0,88.0,24.0,172.29288004566413
000020	94	445	TP	0.993502658003544	170.32932970939336	1.5905677330291565	0.0994267136113787	307.0,227.0,373.0,292.0	20.0,94.0,24.0,264.3293297093934
000020	94	446	TP	0.9879342625338049	115.38917626086591	0.8047896393606478	0.1166781801782832	372.0,228.0,444.0,335.0	20.0,94.0,24.0,209.3891762608659
000020	94	447	TP	0.907552721922511	86.43668198083346	0.8362143061806393	0.1414283243389788	364.0,121.0,436.0,207.0	20.0,94.0,24.0,180.43668198083344
000020	94	448	TP	0.9945900957136912	37.581680522471345	1.6256713067122432	0.42553107456960637	213.0,301.0,317.0,388.0	20.0,94.0,24.0,131.58168052247134
000020	104	449	TP	0.9879931389365352	185.58065708655153	1.1991400366612377	0.06027856914234374	296.0,208.0,366.0,271.0	20.0,104.0,24.0,289.5806570865515
000020	104	450	TP	0.994475138121547	109.5186238207885	1.146159131281044	0.24674453537491797	319.0,282.0,428.0,354.0	20.0,104.0,24.0,213.5186238207885
000020	104	451	TP	0.9244785949506037	96.43135825380465	0.42696450036801037	0.256212039368388	409.0,191.0,521.0,249.0	20.0,104.0,24.0,200.43135825380466
000020	104	452	TP	0.9551839464882943	54.29784855606468	2.4860028428861547	0.22918913821634165	184.0,230.0,292.0,290.0	20.0,104.0,24.0,158.29784855606468
000020	126	453	TP	0.9572827672431756	125.3368203062822	2.273361200335232	0.09187193065208214	335.0,183.0,409.0,284.0	20.0,126.0,24.0,251.33682030628222
000020	126	454	TP	0.9495700673948408	106.5109137466924	2.478531732035293	0.09707015970258354	269.0,198.0,329.0,294.0	20.0,126.0,24.0,232.51091374669238
000020	126	455	TP	0.993025958930647	93.87553150434735	2.7851986152638157	0.18950721927673633	327.0,305.0,392.0,418.0	20.0,126.0,24.0,219.87553150434735
000020	126	456	TP	0.8392766174223127	64.99443279939301	1.6084850200318757	0.07567641572082745	367.0,141.0,447.0,217.0	20.0,126.0,24.0,190.994432799393
000020	133	457	TP	0.9836467702371219	151.3461105641386	0.39976153278692933	0.09627986904529866	353.0,192.0,413.0,302.0	20.0,133.0,24.0,284.3461105641386
000020	133	458	TP	0.8534541336353341	137.24569107789273	2.27426764694539	0.3050819654431108	273.0,173.0,362.0,253.0	20.0,133.0,24.0,270.24569107789273
000020	133	459	TP	0.9976345357776464	121.5899409897553	0.6981153365800591	0.1999230455226022	241.0,296.0,338.0,399.0	20.0,133.0,24.0,254.5899409897553
000020	133	460	TP	0.9531865585168019	86.52787750734505	2.601230494710324	0.12599828086742723	415.0,189.0,517.0,247.0	20.0,133.0,24.0,219.52787750734507
000020	160	461	TP	0.967335390946502	181.8161151943141	1.3058768176658833	0.07695552236784975	310.0,219.0,389.0,283.0	20.0,160.0,24.0,341.8161151943141
000020	160	462	TP	0.9724829351535836	146.00558248773947	2.398698302001174	0.1047147195301473	395.0,198.0,455.0,310.0	20.0,160.0,24.0,306.0055824877395
000020	160	463	TP	0.8789028304639627	86.33662235932555	2.2702038250277217	0.13619264071793277	318.0,127.0,370.0,209.0	20.0,160.0,24.0,246.33662235932553
000020	160	464	TP	0.9992173742907454	77.33717596599793	1.2647150847971365	0.2744977484418789	279.0,314.0,364.0,422.0	20.0,160.0,24.0,237.33717596599791
000020	167	465	TP	0.9776389345609997	176.48974598169417	1.556993816742072	0.09457794002218481	307.0,215.0,370.0,275.0	20.0,167.0,24.0,343.48974598169417
000020	167	466	TP	0.9832955248504847	148.2059822866461	2.594591665469132	0.1268284643766013	365.0,230.0,445.0,334.0	20.0,167.0,24.0,315.2059822866461
000020	167	467	TP	0.7813990461049285	107.03410381689896	0.42625505762550187	0.18420799405204666	372.0,139.0,450.0,211.0	20.0,167.0,24.0,274.03410381689895
000020	167	468	TP	0.9806007509386734	105.87270914115176	1.9757909194483922	0.10588133813288975	200.0,284.0,307.0,363.0	20.0,167.0,24.0,272.87270914115174
000020	174	469	TP	0.9770290964777948	184.82879055055778	1.3411621653860788	0.052156977399855996	298.0,203.0,365.0,262.0	20.0,174.0,24.0,358.82879055055776
000020	174	470	TP	0.9971008490370677	106.82309436545533	2.4330777341082865	0.18955346260781297	327.0,265.0,435.0,345.0	20.0,174.0,24.0,280.82309436545535
000020	174	471	TP	0.849862258953168	89.74453483074181	2.494268748153199	0.24828313409918304	404.0,183.0,510.0,241.0	20.0,174.0,24.0,263.7445348307418
000020	174	472	TP	0.8478692868182822	89.10204637786283	0.37141446819232704	0.15864382502889968	181.0,242.0,292.0,298.0	20.0,174.0,24.0,263.10204637786285
000020	189	473	TP	0.7916666666666666	118.62942310162732	2.45174136524903	0.08157212430574066	315.0,175.0,404.0,259.0	20.0,189.0,24.0,307.6294231016273
000020	189	474	TP	0.9941123188405797	107.86664692513013	2.603218245864065	0.4882845430687167	259.0,235.0,347.0,310.0	20.0,189.0,24.0,296.8666469251301
000020	189	475	TP	0.9761526232114467	99.53779598671616	0.26615534914487565	0.40193316809652124	402.0,271.0,493.0,373.0	20.0,189.0,24.0,288.53779598671616
000020	189	476	TP	0.5460141582025239	89.3462900462622	0.9195444044993516	0.14562725142849917	300.0,147.0,355.0,223.0	20.0,189.0,24.0,278.3462900462622
000020	197	477	TP	0.9213554987212276	99.99125207697152	0.2073933383265986	0.07374895449195841	334.0,177.0,409.0,280.0	20.0,197.0,24.0,296.99125207697153
000020	197	478	TP	0.9229758149316509	98.5701141530929	1.020005856997102	0.2435155180743564	269.0,200.0,327.0,285.0	20.0,197.0,24.0,295.5701141530929
000020	197	479	TP	0.9941421012849584	93.73444022005897	0.19780281529336338	0.11606503886907683	334.0,291.0,398.0,402.0	20.0,197.0,24.0,290.73444022005896
000020	197	480	TP	0.5702247191011236	90.62581743141774	0.9198586448032764	0.13207027848738756	363.0,157.0,438.0,224.0	20.0,197.0,24.0,287.6258174314178
000020	208	481	TP	0.9925031236984589	180.929298943291	0.1424535512737468	0.03000537963872516	356.0,187.0,419.0,303.0	20.0,208.0,24.0,388.929298943291
000020	208	482	TP	0.6378791386895115	163.44423216838206	2.3721265176793827	0.19733181277017278	281.0,175.0,380.0,236.0	20.0,208.0,24.0,371.4442321683821
000020	208	483	TP	0.9894295971280415	128.0140852388384	2.2764706022321417	0.08523153885480195	210.0,275.0,322.0,360.0	20.0,208.0,24.0,336.0140852388384
000020	208	484	TP	0.8805117660498059	105.17611522842057	2.745396240589144	0.28137675159273495	425.0,216.0,534.0,276.0	20.0,208.0,24.0,313.1761152284206
000020	217	485	TP	0.970068592808148	155.116357440788	1.3309528297179611	0.07678984438824599	336.0,194.0,421.0,300.0	20.0,217.0,24.0,372.11635744078797
000020	217	486	TP	0.3226577437858509	151.6955602615705	1.3100076943854706	0.02890348705377408	321.0,184.0,423.0,248.0	20.0,217.0,24.0,368.6955602615705
000020	217	487	TP	0.91458153580673	110.01232627965035	1.9663088443298837	0.11873487301409728	193.0,217.0,302.0,273.0	20.0,217.0,24.0,327.0123262796503
000020	217	488	TP	0.949163050216987	70.7263237982951	1.6365452230264206	0.1770830421958651	420.0,264.0,519.0,358.0	20.0,217.0,24.0,287.7263237982951
000020	223	489	TP	0.9721025641025641	94.06002430707429	0.43066145689311336	0.1132221276938018	319.0,202.0,412.0,292.0	20.0,223.0,24.0,317.0600243070743
000020	223	490	TP	0.6020809248554914	81.8903543375006	1.450795627908451	0.23275427021307174	357.0,181.0,451.0,268.0	20.0,223.0,24.0,304.8903543375006
000020	223	491	TP	0.9012535175236633	56.90331696393524	1.6902492859474865	0.20639529372888799	223.0,175.0,312.0,237.0	20.0,223.0,24.0,279.90331696393525
000020	223	492	TP	0.9883449883449883	55.16020107482409	1.3471889244979227	0.18208576546330824	384.0,293.0,453.0,402.0	20.0,223.0,24.0,278.1602010748241
000020	230	493	TP	0.9799132618123716	131.29670274794597	1.1714132909275516	0.06476705696727368	310.0,205.0,395.0,277.0	20.0,230.0,24.0,361.296702747946
000020	230	494	TP	0.9397052255471192	98.79697463544439	0.5452899374383613	0.07765124352563306	394.0,192.0,459.0,295.0	20.0,230.0,24.0,328.79697463544437
000020	230	495	TP	0.8268586738111185	96.79513063123808	2.703418035632548	0.1147362516218019	291.0,148.0,348.0,216.0	20.0,230.0,24.0,326.79513063123807
000020	230	496	TP	0.99885801294252	71.4815161979945	2.303572492569009	0.1373843849354682	316.0,303.0,386.0,413.0	20.0,230.0,24.0,301.4815161979945
000020	234	497	TP	0.95845385222193	158.84315218578513	1.252107273295456	0.07065119066315084	312.0,205.0,385.0,272.0	20.0,234.0,24.0,392.84315218578513
000020	234	498	TP	0.9914754098360655	80.99603844491634	1.5663938739200975	0.5447603714518173	392.0,204.0,450.0,308.0	20.0,234.0,24.0,314.99603844491634
000020	234	499	TP	0.7595890410958904	77.76984633352957	2.8476525573781846	0.21512224403945807	333.0,144.0,388.0,212.0	20.0,234.0,24.0,311.7698463335296
000020	234	500	TP	0.9976883066846465	74.64276681072835	1.2525050973039231	0.20616038958709912	256.0,294.0,351.0,396.0	20.0,234.0,24.0,308.64276681072835
000020	240	501	TP	0.9596953348143447	172.6998863593109	1.5314103522791973	0.08344314261225796	308.0,201.0,369.0,265.0	20.0,240.0,24.0,412.6998863593109
000020	240	502	TP	0.983395599833956	98.42908469330902	0.6358952517980048	0.09130270434842055	362.0,227.0,445.0,325.0	20.0,240.0,24.0,338.42908469330905
000020	240	503	TP	0.613662456946039	91.04222522620535	2.714969345637242	0.07321049408454734	374.0,156.0,454.0,217.0	20.0,240.0,24.0,331.04222522620535
000020	240	504	TP	0.9158800083910216	51.9016739243454	0.4390697441159083	0.09502216332291194	195.0,271.0,305.0,347.0	20.0,240.0,24.0,291.9016739243454
000020	260	505	TP	0.691002455905336	134.24082701426335	2.526706191605824	0.11027169477578891	312.0,173.0,400.0,259.0	20.0,260.0,24.0,394.24082701426335
000020	260	506	TP	0.9965745604019183	126.66026717874283	2.427109938047518	0.12719232179863946	262.0,237.0,356.0,301.0	20.0,260.0,24.0,386.66026717874286
000020	260	507	TP	0.9734833266372037	112.40995818086915	0.30703552901483777	0.13084963808343383	406.0,256.0,503.0,350.0	20.0,260.0,24.0,372.4099581808691
000020	260	508	TP	0.45384345384345387	91.95741424348486	1.7716851447136532	0.08771227702962621	287.0,174.0,344.0,237.0	20.0,260.0,24.0,351.9574142434849
000020	269	509	TP	0.8665929203539823	147.11798643467034	2.798450758887767	0.2736640622383219	333.0,174.0,408.0,277.0	20.0,269.0,24.0,416.11798643467034
000020	269	510	TP	0.8797763280521901	121.11977171470518	1.9941884965705476	0.3152085988714601	270.0,203.0,325.0,274.0	20.0,269.0,24.0,390.11977171470517
000020	269	511	TP	0.9994263862332696	101.67430103160102	0.0926759406834938	0.023252428376036458	341.0,276.0,403.0,384.0	20.0,269.0,24.0,370.67430103160103
000020	269	512	TP	0.26107298814722396	90.2024343254939	0.5685438676560796	0.17852243353628944	358.0,174.0,430.0,234.0	20.0,269.0,24.0,359.20243432549387
000020	277	513	TP	0.9841338839382743	137.05833751680322	0.05819502236011204	0.0045681895456520984	354.0,181.0,413.0,291.0	20.0,277.0,24.0,414.05833751680325
000020	277	514	TP	0.5526587506453279	135.54560224425265	1.3393908926221463	0.05149542285669256	275.0,185.0,362.0,246.0	20.0,277.0,24.0,412.5456022442527
000020	277	515	TP	0.9851541682527598	94.82075395791209	0.7516069610381877	0.4825785380894576	240.0,272.0,339.0,367.0	20.0,277.0,24.0,371.8207539579121
000020	277	516	TP	0.7315699240754348	94.48919507589204	0.68820917628337	0.15495291233910652	414.0,203.0,513.0,257.0	20.0,277.0,24.0,371.48919507589204
000020	288	517	TP	0.9398871527777778	167.11830885535255	0.036524766604286614	0.03704268660508008	340.0,188.0,421.0,293.0	20.0,288.0,24.0,455.11830885535255
000020	288	518	TP	0.10093549975381585	152.87347112726715	1.4099909438882392	0.026997450014074758	317.0,191.0,416.0,253.0	20.0,288.0,24.0,440.8734711272672
000020	288	519	TP	0.8605005440696409	148.718959569113	0.690291276960306	0.17024184701449688	192.0,220.0,303.0,279.0	20.0,288.0,24.0,436.718959569113
000020	288	520	TP	0.9239949748743719	148.25638545449812	0.25313871623189593	0.037921309865849795	423.0,252.0,527.0,337.0	20.0,288.0,24.0,436.2563854544981
000020	298	521	TP	0.9135646687697161	112.7411084345934	1.051706573843352	0.08715418217404633	314.0,193.0,405.0,282.0	20.0,298.0,24.0,410.7411084345934
000020	298	522	TP	0.7544811320754717	100.18928454223823	2.4681298140840804	0.07309330026385022	375.0,191.0,458.0,278.0	20.0,298.0,24.0,398.1892845422382
000020	298	523	TP	0.8577300031615555	92.20258597207538	1.0134925809757958	0.3615806395133955	250.0,175.0,323.0,233.0	20.0,298.0,24.0,390.2025859720754
000020	298	524	TP	0.9819927971188476	67.08276237989979	0.8443439333353792	0.4133206909561572	361.0,282.0,423.0,388.0	20.0,298.0,24.0,365.0827623798998
000020	305	525	TP	0.9535387578237843	135.4406310062232	0.9516377487614254	0.06769362197557606	311.0,194.0,388.0,270.0	20.0,305.0,24.0,440.4406310062232
000020	305	526	TP	0.9005695301376364	114.88496866567608	2.1545417276041827	0.09084764099415014	394.0,204.0,452.0,297.0	20.0,305.0,24.0,419.88496866567607
000020	305	527	TP	0.5899837133550488	99.13478339094473	1.4663151037355115	0.22214335597052823	324.0,164.0,375.0,222.0	20.0,305.0,24.0,404.13478339094473
000020	305	528	TP	0.9924956705791803	59.192048238635564	0.1267618431618105	0.23916653223362977	270.0,280.0,360.0,379.0	20.0,305.0,24.0,364.19204823863555
000020	310	529	TP	0.9563739376770538	118.90798046733015	1.2322495619022389	0.07442717626697312	310.0,192.0,374.0,262.0	20.0,310.0,24.0,428.90798046733016
000020	310	530	TP	0.8736042876284056	101.49203401940333	2.31378942733721	0.11665228494454337	373.0,217.0,442.0,310.0	20.0,310.0,24.0,411.4920340194033
000020	310	531	TP	0.36527153234175025	89.19786423989716	0.8584645380547926	0.14810308597834504	364.0,169.0,431.0,226.0	20.0,310.0,24.0,399.19786423989717
000020	310	532	TP	0.9043600562587905	43.48622301419913	0.6542543207896862	0.18398349847272566	210.0,268.0,318.0,350.0	20.0,310.0,24.0,353.48622301419914
000020	314	533	TP	0.9704730340463995	124.6539352718563	1.5692273500626412	0.09985718635723216	308.0,188.0,365.0,257.0	20.0,314.0,24.0,438.6539352718563
000020	314	534	TP	0.9495287958115183	105.82816001454628	0.24595834666429317	0.08325604705282404	352.0,229.0,444.0,317.0	20.0,314.0,24.0,419.82816001454626
000020	314	535	TP	0.4234157431088377	77.21372530625474	0.7528442718618764	0.1654196154292283	384.0,179.0,470.0,234.0	20.0,314.0,24.0,391.21372530625473
000020	314	536	TP	0.8177128116938951	66.33833496457576	2.5693732294543525	0.11849808797238545	186.0,253.0,299.0,320.0	20.0,314.0,24.0,380.3383349645758
000020	327	537	TP	0.740434577231932	178.69666318923524	0.9932704478063262	0.05127725483243046	304.0,174.0,387.0,256.0	20.0,327.0,24.0,505.6966631892352
000020	327	538	TP	0.9983494945327006	154.34558153470846	0.4481228246072281	0.006318196103251506	281.0,244.0,390.0,304.0	20.0,327.0,24.0,481.34558153470846
000020	327	539	TP	0.8300021963540523	102.24284689117201	2.077248667639215	0.10643233470685076	416.0,234.0,525.0,304.0	20.0,327.0,24.0,429.242846891172
000020	327	540	TP	0.5153029356652092	79.32842453600027	1.740729623877608	0.06615465537803282	240.0,203.0,314.0,260.0	20.0,327.0,24.0,406.3284245360003
000020	339	541	TP	0.7275655775425679	99.35357802888822	2.10069743086077	0.0872058880017033	330.0,172.0,409.0,272.0	20.0,339.0,24.0,438.35357802888825
000020	339	542	TP	0.8839131932483638	92.67246374316869	1.986144206868148	0.27442881509159955	266.0,212.0,326.0,273.0	20.0,339.0,24.0,431.6724637431687
000020	339	543	TP	0.9995921696574225	88.18618502471743	0.8688090534170274	0.29191210904714204	365.0,260.0,432.0,359.0	20.0,339.0,24.0,427.1861850247174
000020	339	544	TP	0.0044411547002220575	88.08988292531653	0.6924931917706453	0.15108049816893834	344.0,188.0,405.0,244.0	20.0,339.0,24.0,427.08988292531654
000020	346	545	TP	0.9192615658362989	137.64473406771722	2.9850504065991927	0.25048824384652996	347.0,178.0,410.0,283.0	20.0,346.0,24.0,483.6447340677172
000020	346	546	TP	0.42317301686445974	132.30739160231434	1.2658010921912473	0.20357041445504465	276.0,197.0,347.0,256.0	20.0,346.0,24.0,478.30739160231434
000020	346	547	TP	0.9879424348502528	89.23959054936674	1.1115623004595865	0.3179635598486816	272.0,262.0,356.0,357.0	20.0,346.0,24.0,435.23959054936677
000020	346	548	TP	0.37974337974337974	67.6869035186745	1.2385089300401126	0.11594829396333171	396.0,203.0,485.0,255.0	20.0,346.0,24.0,413.6869035186745
000020	358	549	TP	0.943359375	171.964949792932	1.2521790653463194	0.07812987359137166	348.0,185.0,422.0,293.0	20.0,358.0,24.0,529.964949792932
000020	358	550	TP	0.11445198836081474	145.47843859819537	2.6340072736107967	0.1186204826448254	306.0,190.0,406.0,250.0	20.0,358.0,24.0,503.47843859819534
000020	358	551	TP	0.8512184694313809	137.47345600766764	2.201526870053875	0.0984538462778601	190.0,230.0,305.0,293.0	20.0,358.0,24.0,495.47345600766766
000020	358	552	TP	0.8951859956236324	54.42038454796875	1.0371541789896337	0.08704769222583575	426.0,244.0,535.0,321.0	20.0,358.0,24.0,412.42038454796875
000020	372	553	TP	0.8663484486873508	116.55733155859946	0.8179852997194503	0.18801017822846847	312.0,186.0,399.0,275.0	20.0,372.0,24.0,488.55733155859946
000020	372	554	TP	0.6518177163338453	111.86038335016883	2.2349515782704312	0.23334120034601225	389.0,202.0,459.0,283.0	20.0,372.0,24.0,483.86038335016883
000020	372	555	TP	0.6926476496584973	90.08025813643151	1.4921197316871835	0.11738191021770537	277.0,188.0,336.0,241.0	20.0,372.0,24.0,462.0802581364315
000020	372	556	TP	0.9810992830762546	78.70620396178354	0.6965319492743964	0.21722400676215486	333.0,265.0,399.0,360.0	20.0,372.0,24.0,450.70620396178356
000020	378	557	TP	0.9419246460283177	167.54878433030754	0.9083390110033382	0.07650644900018788	313.0,185.0,384.0,268.0	20.0,378.0,24.0,545.5487843303075
000020	378	558	TP	0.630554825138049	146.17951843933784	1.3056166212388147	0.05899742758989712	390.0,211.0,448.0,294.0	20.0,378.0,24.0,524.1795184393378
000020	378	559	TP	0.02011622708985248	139.34991082354156	1.2573997345874286	0.07978560948099396	338.0,187.0,392.0,238.0	20.0,378.0,24.0,517.3499108235416
000020	378	560	TP	0.9282484765087478	83.0824912220193	0.5245829024187157	0.08743913175321562	249.0,260.0,347.0,346.0	20.0,378.0,24.0,461.0824912220193
000020	398	561	TP	0.719377990430622	179.64257864333706	1.1081524406762733	0.06141492026597327	305.0,175.0,385.0,261.0	20.0,398.0,24.0,577.6425786433371
000020	398	562	TP	0.9991644035930646	97.09651320834263	0.40863089765810273	0.00823071372415496	285.0,233.0,393.0,296.0	20.0,398.0,24.0,495.0965132083426
000020	398	563	TP	0.6861330326944758	44.94102182763332	1.5459989092933282	0.9215641035978979	416.0,229.0,525.0,295.0	20.0,398.0,24.0,442.94102182763334
000020	398	564	TP	0.5723310170562224	34.73101889856843	1.6014786809238148	0.10342629367247788	236.0,217.0,312.0,268.0	20.0,398.0,24.0,432.73101889856844
000020	407	565	TP	0.44032528103324564	136.21608300890577	2.1784329663665534	0.09039368077393457	322.0,173.0,406.0,269.0	20.0,407.0,24.0,543.2160830089058
000020	407	566	TP	0.9326720769461978	89.03953002645075	1.8342427639443344	0.4420204224397796	262.0,222.0,336.0,277.0	20.0,407.0,24.0,496.03953002645073
000020	407	567	TP	0.9778827571397896	73.38922552196891	0.6921452647579962	0.12135797102353665	394.0,245.0,475.0,328.0	20.0,407.0,24.0,480.3892255219689
000020	407	568	TP	0.05178735105407883	71.29801626560474	1.8188383275294095	0.49043713474105066	318.0,206.0,371.0,257.0	20.0,407.0,24.0,478.29801626560476
000020	413	569	TP	0.7527803521779426	139.33436189956987	2.1478707930289462	0.08239021886233985	337.0,174.0,408.0,275.0	20.0,413.0,24.0,552.3343618995699
000020	413	570	TP	0.4372964169381108	106.31637930732212	1.6355320879493376	0.38805582899308755	273.0,212.0,329.0,266.0	20.0,413.0,24.0,519.3163793073221
000020	413	571	TP	0.9929561463303794	102.85502497719497	0.05831494280330068	0.0034324595379834513	335.0,248.0,399.0,336.0	20.0,413.0,24.0,515.855024977195
000020	413	572	TP	0.016223679668622714	76.0106060753023	1.776981900916577	0.07684711094180828	363.0,208.0,434.0,259.0	20.0,413.0,24.0,489.0106060753023
000020	431	573	TP	0.8949912126537786	137.56254816056165	0.17198574408877204	0.030443644799815442	342.0,182.0,420.0,285.0	20.0,431.0,24.0,568.5625481605616
000020	431	574	TP	0.01403061224489796	126.02533125285707	2.3455148850234866	0.27607397869154454	315.0,199.0,412.0,260.0	20.0,431.0,24.0,557.0253312528571
000020	431	575	TP	0.7779012894619831	96.74253041130845	0.9200852404642916	0.17287106483474435	193.0,219.0,303.0,279.0	20.0,431.0,24.0,527.7425304113085
000020	431	576	TP	0.8552295918367347	38.3277624616208	0.5894792932461012	0.2828323833255664	423.0,244.0,529.0,321.0	20.0,431.0,24.0,469.3277624616208
000020	442	577	TP	0.7477176575372968	89.12480855563324	1.074568022572011	0.3195292794776891	314.0,180.0,403.0,274.0	20.0,442.0,24.0,531.1248085556332
000020	442	578	TP	0.3490743225114033	86.47704930008962	1.912606615528937	0.3307203386886676	377.0,212.0,456.0,279.0	20.0,442.0,24.0,528.4770493000897
000020	442	579	TP	0.4181159420289855	76.49500707703382	1.8582493852412867	0.4231158802523239	258.0,208.0,326.0,259.0	20.0,442.0,24.0,518.4950070770338
000020	442	580	TP	0.9070967741935484	44.55868641494021	1.3445365053673128	0.22318983612934204	357.0,246.0,417.0,326.0	20.0,442.0,24.0,486.5586864149402
000020	450	581	TP	0.8056727613689639	98.641308662417	0.12307844647849243	0.015782201992895383	313.0,180.0,384.0,270.0	20.0,450.0,24.0,548.641308662417
000020	450	582	TP	0.20454545454545456	57.177010652019	1.9545205330754465	0.10975736610633859	389.0,217.0,446.0,288.0	20.0,450.0,24.0,507.177010652019
000020	450	583	TP	0.0004679457182966776	41.862832539374615	1.1269846387595683	0.06457482793370412	338.0,207.0,390.0,258.0	20.0,450.0,24.0,491.8628325393746
000020	450	584	TP	0.8003693065244153	34.87836785153631	2.1023739164255533	0.3508993157204622	249.0,244.0,347.0,318.0	20.0,450.0,24.0,484.8783678515363
000020	463	585	TP	0.7521584560690706	142.19064841339997	1.3760112942434064	0.03545546413067853	303.0,178.0,366.0,266.0	20.0,463.0,24.0,605.1906484133999
000020	463	586	TP	0.9754745148219236	84.60633281145003	0.29879017445819883	0.055576701071962574	323.0,224.0,429.0,291.0	20.0,463.0,24.0,547.60633281145
000020	463	587	TP	0.09964230965763925	54.44277996131788	2.455481106068023	0.09190566773882759	405.0,217.0,506.0,273.0	20.0,463.0,24.0,517.4427799613179
000020	463	588	TP	0.1328688130706391	54.106429590053956	1.0281350902188928	0.17711466474710025	189.0,231.0,294.0,290.0	20.0,463.0,24.0,517.106429590054
000020	474	589	TP	0.46249071552364446	128.81444207919077	1.0776311202391904	0.0668360890400799	313.0,176.0,396.0,268.0	20.0,474.0,24.0,602.8144420791907
000020	474	590	TP	0.968094804010939	105.30855324598564	0.703534384877273	0.08247484895995262	270.0,220.0,368.0,282.0	20.0,474.0,24.0,579.3085532459856
000020	474	591	TP	0.7873352063972336	88.85037814287554	2.0626156712826758	0.14221887210284864	410.0,230.0,510.0,297.0	20.0,474.0,24.0,562.8503781428756
000020	474	592	TP	0.0186084142394822	62.57846771842562	1.1650967482757943	0.31279396978019625	278.0,222.0,336.0,275.0	20.0,474.0,24.0,536.5784677184256
000020	482	593	TP	0.390643838919701	157.79384597062773	2.227600944213553	0.08006437059577783	330.0,176.0,408.0,272.0	20.0,482.0,24.0,639.7938459706277
000020	482	594	TP	0.30036231884057973	76.89783789542977	2.613074869115093	0.08129706179587319	267.0,214.0,327.0,273.0	20.0,482.0,24.0,558.8978378954298
000020	482	595	TP	0.9917927673762503	36.28945547561279	0.47796365925005624	0.07291855513756032	372.0,234.0,440.0,307.0	20.0,482.0,24.0,518.2894554756128
000020	482	596	TP	0.018069815195071868	23.424559340452042	1.789183697171884	0.8463676299392466	340.0,221.0,397.0,274.0	20.0,482.0,24.0,505.42455934045205
000020	491	597	TP	0.8714421252371917	111.69477177361173	2.2713783713082645	0.18388626101859662	351.0,177.0,409.0,276.0	20.0,491.0,24.0,602.6947717736117
000020	491	598	TP	0.04125615763546798	105.78200633268976	1.4219209225111749	0.05854927510394289	278.0,209.0,354.0,267.0	20.0,491.0,24.0,596.7820063326898
000020	491	599	TP	0.9343770105082565	78.5563318344993	1.5392578896072429	0.4866434405462693	258.0,231.0,349.0,302.0	20.0,491.0,24.0,569.5563318344994
000020	491	600	TP	0.3014746040415074	62.20944965789688	1.3667565680941722	0.17515744885649387	404.0,226.0,494.0,283.0	20.0,491.0,24.0,553.2094496578969
