#  Index into NumPy file "pose_data_tless-2-epos.npz".
#  Created at  6:44PM EDT on Sep 11, 2023
#    DATASET:   tless
#    OBJECT:    2
#    ESTIMATOR: epos
#  The errors reported in this file have taken discrete and continuous object symmetries into account.
#  Bounding boxes are recorded in pixel coordinates as ((upper-left x, y), (lower-right x, y)) with the origin in the upper-left.
#
#  When a row is marked as a TP, it does not necessarily mean that the bounding boxes overlap.
#  For each ground-truth instance, the prediction best overlapping that instance belongs to that ground-truth.
#  All TPs are in the corresponding *.npz file.
#
#  When a row is marked as a FN, it means that there is a ground-truth but the predictor failed to make a prediction at all.
#  FNs are NOT recorded in the *.npz at all.
#
#  When a row is marked as a FP, it means the predictor hallucinated; there is no corresponding ground-truth instance.
#  FPs are NOT recorded in the *.npz at all.
#
#  Scene  <t>  Frame  <t>  Index  <t>  Error cat.  <t>  Visibility ratio  <t>  Score  <t>  R_err(degrees)  <t>  t_err(meters)  <t>  Gr.Tr.BBox  <t>  Pred.BBox
000001	1	0	TP	0.9642857142857143	0.0	0.12606216734485384	0.010702744283327516	267.0,345.0,331.0,411.0	1.0,1.0,3.0,1.0
000001	17	1	TP	0.9795373665480427	0.0	0.10762590102424376	0.00956813226665028	205.0,197.0,268.0,262.0	1.0,17.0,3.0,17.0
000001	30	2	TP	0.9874310239117106	0.0	0.036580961613221864	0.01253638091832506	311.0,112.0,370.0,178.0	1.0,30.0,3.0,30.0
000001	38	3	TP	0.9788732394366197	0.0	0.08553692232937211	0.005561279569250274	396.0,126.0,455.0,194.0	1.0,38.0,3.0,38.0
000001	57	4	TP	0.9644816632977188	0.0	0.08619860122788478	0.02643467169491271	434.0,304.0,498.0,371.0	1.0,57.0,3.0,57.0
000001	67	5	TP	0.9711815561959655	0.0	0.1283035068790911	0.006247016355332689	336.0,357.0,400.0,424.0	1.0,67.0,3.0,67.0
000001	76	6	TP	0.9882978723404255	0.0	0.0686918826222163	0.01247426764627526	233.0,309.0,298.0,380.0	1.0,76.0,3.0,76.0
000001	89	7	TP	0.9710720363017583	0.0	0.13515884798091674	0.02161756123463636	208.0,188.0,270.0,259.0	1.0,89.0,3.0,89.0
000001	101	8	TP	0.9634472511144131	0.0	0.0796907470325134	0.013878295818344879	308.0,120.0,366.0,192.0	1.0,101.0,3.0,101.0
000001	109	9	TP	0.9515079834417505	0.0	0.08170302723853388	0.0123204790405673	390.0,130.0,449.0,203.0	1.0,109.0,3.0,109.0
000001	127	10	TP	0.9678985702724575	0.0	0.03944052416031122	0.011323552921746107	444.0,280.0,508.0,352.0	1.0,127.0,3.0,127.0
000001	135	11	TP	0.97639653815893	0.0	0.07845329885411165	0.018556816334602943	377.0,335.0,442.0,407.0	1.0,135.0,3.0,135.0
000001	142	12	TP	0.9722585710546977	0.0	0.05624487080011794	0.008743603737573083	295.0,339.0,360.0,412.0	1.0,142.0,3.0,142.0
000001	157	13	TP	0.9691912708600771	0.0	0.09855048858894176	0.026403635496281844	199.0,220.0,262.0,302.0	1.0,157.0,3.0,157.0
000001	168	14	TP	0.9823232323232324	0.0	0.040040292495443795	0.00938951516431774	260.0,144.0,318.0,224.0	1.0,168.0,3.0,168.0
000001	176	15	TP	0.9629415170816444	0.0	0.018269363734693657	0.01263089604881308	340.0,129.0,396.0,208.0	1.0,176.0,3.0,176.0
000001	181	16	TP	0.9601139601139601	0.0	0.033288279327979946	0.01728080306370541	390.0,139.0,447.0,219.0	1.0,181.0,3.0,181.0
000001	197	17	TP	0.9335332333833083	0.0	0.03712661840455476	0.007782876388947876	451.0,252.0,515.0,333.0	1.0,197.0,3.0,197.0
000001	212	18	TP	0.9574418057841524	0.0	0.018368028196099888	0.02281093415452722	317.0,323.0,383.0,406.0	1.0,212.0,3.0,212.0
000001	220	19	TP	0.9715483017203352	0.0	0.039459853859018686	0.019304221033617487	234.0,278.0,299.0,368.0	1.0,220.0,3.0,220.0
000001	230	20	TP	0.9747836835599506	0.0	0.01580743387945339	0.011445133060126868	202.0,211.0,263.0,298.0	1.0,230.0,3.0,230.0
000001	236	21	TP	0.9208499335989376	0.0	0.02665388126971392	0.01604979819690697	229.0,175.0,287.0,259.0	1.0,236.0,3.0,236.0
000001	246	22	TP	0.986210858948578	0.0	0.0413482245685905	0.00853246951291199	319.0,146.0,374.0,227.0	1.0,246.0,3.0,246.0
000001	252	23	TP	0.9678612059158134	0.0	0.08135361310058588	0.013618833393345535	379.0,151.0,434.0,232.0	1.0,252.0,3.0,252.0
000001	267	24	TP	0.9530798845043311	0.0	0.0406864476800709	0.01520564217040082	456.0,229.0,518.0,316.0	1.0,267.0,3.0,267.0
000001	273	25	TP	0.9786947746131419	0.0	0.023201616645816027	0.010931410632295852	433.0,268.0,498.0,358.0	1.0,273.0,3.0,273.0
000001	283	26	TP	0.9768920924316302	0.0	0.0414918436602292	0.010144447489106945	331.0,303.0,398.0,395.0	1.0,283.0,3.0,283.0
000001	292	27	TP	0.9955956375838926	0.0	0.03663748375547381	0.009448058217813483	233.0,261.0,298.0,356.0	1.0,292.0,3.0,292.0
000001	308	28	TP	0.8355140186915888	0.0	0.04028546731806098	0.002203342915135549	232.0,184.0,289.0,269.0	1.0,308.0,3.0,308.0
000001	314	29	TP	0.9714204058302373	0.0	0.06915642179678344	0.045204666486501045	282.0,168.0,336.0,250.0	1.0,314.0,3.0,314.0
000001	323	30	TP	0.8846265620459168	0.0	0.09949136610929336	0.010168023342766504	370.0,167.0,424.0,249.0	1.0,323.0,3.0,323.0
000001	337	31	TP	0.9778156996587031	0.0	0.04241283500802126	0.02015899842943955	455.0,216.0,516.0,305.0	1.0,337.0,3.0,337.0
000001	347	32	TP	0.981206932553769	0.0	0.054585652159689524	0.021121330767493902	418.0,264.0,483.0,360.0	1.0,347.0,3.0,347.0
000001	356	33	TP	0.9880239520958084	0.0	0.05435371670896968	0.004985718622040761	318.0,281.0,385.0,379.0	1.0,356.0,3.0,356.0
000001	364	34	TP	0.9925450403810313	0.0	0.24403478538345108	0.07243882438027305	238.0,246.0,303.0,342.0	1.0,364.0,3.0,364.0
000001	375	35	TP	0.7465736356840269	0.0	2.2036238493899307	0.35447117157333075	208.0,211.0,267.0,299.0	1.0,375.0,3.0,375.0
000001	384	*	FN	0.6967236880255147	*	*	*	261.0,190.0,315.0,271.0	*
000001	394	*	FN	0.6633181126331811	*	*	*	355.0,186.0,408.0,266.0	*
000001	396	*	FN	0.7065021071643588	*	*	*	375.0,188.0,428.0,268.0	*
000001	402	36	TP	0.5625353706847764	0.0	0.7299257670314753	0.5358361099002806	422.0,198.0,478.0,280.0	1.0,402.0,3.0,402.0
000001	418	37	TP	0.9868000851607409	0.0	0.09088359319130261	0.020812852150379448	429.0,245.0,494.0,340.0	1.0,418.0,3.0,418.0
000001	425	38	TP	0.9903295835800277	0.0	0.0819449903836135	0.0373645046935791	360.0,258.0,426.0,357.0	1.0,425.0,3.0,425.0
000001	434	39	TP	0.998545001039285	0.0	0.1560768253211807	0.09818746255108221	258.0,233.0,323.0,328.0	1.0,434.0,3.0,434.0
000001	442	40	TP	0.9992887624466572	0.0	0.09482832304273396	0.005729484737145604	209.0,222.0,270.0,311.0	1.0,442.0,3.0,442.0
000001	455	*	FN	0.5071450288841594	*	*	*	255.0,208.0,309.0,287.0	*
000001	464	*	FN	0.07147456535737283	*	*	*	337.0,207.0,389.0,283.0	*
000001	474	*	FN	0.5250297973778307	*	*	*	422.0,214.0,476.0,293.0	*
000001	482	41	TP	0.9917547023962896	0.0	0.0703209673155808	0.004109631105856036	453.0,223.0,512.0,308.0	1.0,482.0,3.0,482.0
000001	488	42	TP	0.9906563354603464	0.0	0.03634622848316046	0.03527811114027582	441.0,231.0,504.0,322.0	1.0,488.0,3.0,488.0
000001	493	43	TP	0.9976739268344259	0.0	0.17730082766883382	0.05223814450568759	404.0,235.0,468.0,330.0	1.0,493.0,3.0,493.0
000009	0	44	TP	0.9838854073410922	135.16475649962106	0.15032008785023382	0.013109332584492333	282.0,218.0,343.0,285.0	9.0,0.0,11.0,135.16475649962106
000009	0	45	TP	0.9122306717363752	133.76972756124962	3.0816133941264177	0.07477617197121468	350.0,239.0,409.0,303.0	9.0,0.0,11.0,133.76972756124962
000009	11	46	TP	0.9638771824202288	168.06512926111876	0.06641155268678446	0.022125638083292005	313.0,187.0,374.0,254.0	9.0,11.0,11.0,179.06512926111876
000009	11	47	TP	0.9310453400503779	110.81386394505888	1.5719001388254694	0.17733416827715595	342.0,255.0,401.0,320.0	9.0,11.0,11.0,121.81386394505888
000009	21	48	TP	0.9644471226272974	161.14210021727752	0.07651694434108802	0.020595142171701396	352.0,189.0,413.0,257.0	9.0,21.0,11.0,182.14210021727752
000009	21	49	TP	0.9462094998427178	101.87856725880393	1.8248606750871867	0.1205688469679902	325.0,258.0,384.0,322.0	9.0,21.0,11.0,122.87856725880393
000009	31	50	TP	0.9467544122046067	161.0263327130755	0.05796458606776883	0.018251060964064127	376.0,221.0,438.0,288.0	9.0,31.0,11.0,192.0263327130755
000009	31	51	TP	0.8939873417721519	109.20190512135586	1.911008828965372	0.15318461623418522	312.0,249.0,372.0,313.0	9.0,31.0,11.0,140.20190512135588
000009	45	52	TP	0.9541420118343196	160.9927872892885	0.04332284253286704	0.025038955756620764	353.0,269.0,415.0,336.0	9.0,45.0,11.0,205.9927872892885
000009	45	53	TP	0.90515595162317	113.30332262997013	1.6290940959140252	0.1658272568650425	315.0,227.0,374.0,291.0	9.0,45.0,11.0,158.30332262997013
000009	57	54	TP	0.9525073746312684	203.56185130364523	0.13781015938334398	0.132086107065795	305.0,270.0,367.0,337.0	9.0,57.0,11.0,260.5618513036452
000009	57	55	TP	0.9136781973976515	91.31584452540181	1.34748411704392	0.20660414121921403	335.0,221.0,394.0,285.0	9.0,57.0,11.0,148.31584452540181
000009	64	56	TP	0.9672759433962265	174.70041735703626	0.05495160482429353	0.1398694845322847	285.0,250.0,347.0,316.0	9.0,64.0,11.0,238.70041735703626
000009	64	57	TP	0.9346653980336188	132.17984095523673	3.04337098616856	0.15558473682615667	345.0,227.0,404.0,291.0	9.0,64.0,11.0,196.17984095523673
000009	70	58	TP	0.9771105826397146	130.93861687263455	0.16941639600132097	0.036336610515508676	280.0,226.0,342.0,293.0	9.0,70.0,11.0,200.93861687263455
000009	70	59	TP	0.8995245641838352	91.70498027066229	3.0762633633032093	0.07534448309061678	349.0,235.0,408.0,300.0	9.0,70.0,11.0,161.7049802706623
000009	91	60	TP	0.964398507034166	97.74501116088575	0.19184679787498635	0.13336554955573238	343.0,184.0,403.0,258.0	9.0,91.0,11.0,188.74501116088575
000009	91	61	TP	0.9367749419953596	88.06880445967452	1.8282932009698363	0.08564828735711597	329.0,254.0,389.0,325.0	9.0,91.0,11.0,179.06880445967454
000009	100	62	TP	0.9682766504715633	190.9424440316978	0.03578643821702147	0.11888355738708528	371.0,206.0,432.0,277.0	9.0,100.0,11.0,290.9424440316978
000009	100	63	TP	0.9267441860465117	107.72247206895618	1.4134333944179778	0.3022305140160318	315.0,248.0,374.0,321.0	9.0,100.0,11.0,207.72247206895617
000009	108	64	TP	0.971243304200733	118.84078381624737	0.05068831737934571	0.023945616580369214	376.0,232.0,437.0,304.0	9.0,108.0,11.0,226.84078381624738
000009	108	65	TP	0.7317358270017533	75.08751554950142	1.9826785862664416	0.1386772120869893	310.0,236.0,369.0,309.0	9.0,108.0,11.0,183.0875155495014
000009	118	66	TP	0.9734953064605191	173.81038162770844	0.005349658304823108	0.008753149992356988	351.0,260.0,413.0,332.0	9.0,118.0,11.0,291.81038162770847
000009	118	67	TP	0.7821491485613623	129.741144185818	1.7388600456947814	0.14593947182959255	316.0,222.0,375.0,294.0	9.0,118.0,11.0,247.741144185818
000009	128	68	TP	0.9693989071038251	171.79501833151636	0.06099041672930284	0.011694005633594908	310.0,262.0,373.0,335.0	9.0,128.0,11.0,299.79501833151636
000009	128	69	TP	0.7587822014051522	90.02387418167254	1.2680376809512817	0.171919341469349	333.0,218.0,391.0,290.0	9.0,128.0,11.0,218.02387418167254
000009	136	70	TP	0.9818281938325991	232.22865257819157	0.1257577747780311	0.13113124070153948	285.0,245.0,347.0,316.0	9.0,136.0,11.0,368.2286525781916
000009	136	71	TP	0.9297678518953865	119.24876144319408	3.1115778775072886	0.1421571722918016	344.0,223.0,403.0,296.0	9.0,136.0,11.0,255.2487614431941
000009	147	72	TP	0.9321052631578948	151.67749049654273	0.12826671841313955	0.028801976610219392	287.0,205.0,347.0,285.0	9.0,147.0,11.0,298.67749049654276
000009	147	73	TP	0.9518459069020867	97.6234492584414	2.971394167466907	0.09894111862154617	350.0,232.0,409.0,314.0	9.0,147.0,11.0,244.62344925844138
000009	161	74	TP	0.8902439024390244	171.50570449860572	0.035494490498005196	0.00175722839105155	334.0,185.0,393.0,264.0	9.0,161.0,11.0,332.5057044986057
000009	161	75	TP	0.9202324352879028	72.23718357991588	1.663579218355754	0.09580024718588666	334.0,244.0,394.0,326.0	9.0,161.0,11.0,233.2371835799159
000009	167	76	TP	0.9109496906107075	120.30723181142534	0.24676387037834613	0.13439364950402188	357.0,191.0,416.0,271.0	9.0,167.0,11.0,287.30723181142537
000009	167	77	TP	0.8231274638633377	103.59940265870155	2.077797671499472	0.24466471015844155	324.0,245.0,383.0,326.0	9.0,167.0,11.0,270.59940265870154
000009	179	78	TP	0.9448077426105153	194.23324688714266	0.0661362523278683	0.0975238024569044	377.0,222.0,438.0,303.0	9.0,179.0,11.0,373.2332468871426
000009	179	79	TP	0.5915530606789628	104.48012224371988	2.4386386461703347	0.06627712373376012	311.0,232.0,370.0,313.0	9.0,179.0,11.0,283.48012224371985
000009	195	80	TP	0.94947209653092	140.33585459427388	0.1291686615139686	0.027792605652407976	333.0,256.0,396.0,337.0	9.0,195.0,11.0,335.3358545942739
000009	195	81	TP	0.6075400054244643	137.1458954442696	3.1183390737252585	0.09481320232162276	323.0,215.0,381.0,296.0	9.0,195.0,11.0,332.1458954442696
000009	204	82	TP	0.9427423405323958	211.3148430202075	0.10274565349989467	0.11587943324655237	297.0,247.0,360.0,329.0	9.0,204.0,11.0,415.3148430202075
000009	204	83	TP	0.7768483540205073	40.01842602521303	2.0395114948159074	0.03525781222188797	338.0,215.0,396.0,296.0	9.0,204.0,11.0,244.01842602521305
000009	210	84	TP	0.9325498211548289	92.34241086753521	0.11071912452271776	0.009015526106150881	283.0,232.0,345.0,313.0	9.0,210.0,11.0,302.3424108675352
000009	210	85	TP	0.7642298354464526	87.29871603439851	0.02902811431737582	0.08811980548243034	346.0,220.0,404.0,301.0	9.0,210.0,11.0,297.2987160343985
000009	217	86	TP	0.8825293676580854	75.14896020047334	0.09454673485750471	0.1842219768294274	285.0,208.0,345.0,294.0	9.0,217.0,11.0,292.1489602004733
000009	217	87	TP	0.8144796380090498	68.73952401772169	2.7181699659509424	0.2894309897767704	349.0,225.0,408.0,313.0	9.0,217.0,11.0,285.7395240177217
000009	227	88	TP	0.9506714876033058	76.95885543214489	2.5410064187211026	0.09191690867947788	312.0,190.0,371.0,275.0	9.0,227.0,11.0,303.9588554321449
000009	227	89	TP	0.9560059317844785	68.04846413277993	2.662600939725378	0.13994320161873822	342.0,234.0,401.0,322.0	9.0,227.0,11.0,295.04846413277994
000009	235	90	TP	0.8037066040198382	142.40842772670365	0.1344892177743874	0.12153860018601201	345.0,190.0,403.0,275.0	9.0,235.0,11.0,377.4084277267036
000009	235	91	TP	0.677173110071411	105.21298700597119	2.922709028715426	0.056336819195595585	330.0,238.0,389.0,325.0	9.0,235.0,11.0,340.2129870059712
000009	239	92	TP	0.7786970010341262	104.01914324233964	0.24069294944349548	0.1194199805190464	359.0,195.0,417.0,280.0	9.0,239.0,11.0,343.0191432423396
000009	239	93	TP	0.634056185312962	67.28428965339063	2.176944388783536	0.12346004496170278	323.0,236.0,382.0,324.0	9.0,239.0,11.0,306.2842896533906
000009	248	94	TP	0.8308657465495608	132.98844395016278	0.096963180770971	0.1216018698559576	376.0,213.0,436.0,300.0	9.0,248.0,11.0,380.9884439501628
000009	248	95	TP	0.6308657465495608	75.77477770127079	2.8385062354545445	0.2137935877739061	312.0,229.0,370.0,316.0	9.0,248.0,11.0,323.7747777012708
000009	254	96	TP	0.8788697788697789	140.21393391477207	0.06668799775317971	0.02382151698913435	374.0,229.0,434.0,316.0	9.0,254.0,11.0,394.21393391477204
000009	254	97	TP	0.3190789473684211	93.72720953801262	2.9581248176926316	0.1339330413633458	311.0,223.0,369.0,310.0	9.0,254.0,11.0,347.72720953801263
000009	269	98	TP	0.9280541929455735	155.1149666115763	0.03218493315300009	0.08923932798564697	322.0,247.0,385.0,335.0	9.0,269.0,11.0,424.1149666115763
000009	269	99	TP	0.3843197540353574	124.00918811235431	3.017589670125539	0.06711314014083644	327.0,212.0,385.0,299.0	9.0,269.0,11.0,393.0091881123543
000009	278	100	TP	0.7707838479809976	114.24795984342948	0.03252006954703039	0.11295308754360739	291.0,235.0,353.0,322.0	9.0,278.0,11.0,392.2479598434295
000009	278	101	TP	0.6468486858892575	70.0847693993056	2.8281022323566862	0.14178574594673596	341.0,214.0,400.0,301.0	9.0,278.0,11.0,348.0847693993056
000009	286	102	TP	0.9763067904250122	72.27365172037736	0.7369936706141486	0.034765168212269215	282.0,215.0,343.0,302.0	9.0,286.0,11.0,358.27365172037736
000009	286	103	TP	0.7610956124778088	68.20037696808434	0.5589143936857135	0.12525968360932938	349.0,221.0,408.0,308.0	9.0,286.0,11.0,354.20037696808436
000009	304	104	TP	0.6800208116545265	163.9620874725052	0.07080282605876721	0.07788735858104913	331.0,197.0,388.0,282.0	9.0,304.0,11.0,467.96208747250523
000009	304	105	TP	0.8007100591715977	102.99699703229373	3.0767126918186594	0.07257677693637853	335.0,231.0,394.0,323.0	9.0,304.0,11.0,406.99699703229373
000009	310	106	TP	0.6729576008273009	151.84705397456875	0.12049188897720799	0.11902973811149042	354.0,199.0,411.0,285.0	9.0,310.0,11.0,461.8470539745688
000009	310	107	TP	0.3654030710172745	100.65348864392487	2.5742096690930367	0.23128368862059495	325.0,231.0,384.0,321.0	9.0,310.0,11.0,410.6534886439249
000009	319	108	TP	0.6530765382691346	105.87827040318093	0.026521221457378254	0.10081847801855433	374.0,212.0,433.0,300.0	9.0,319.0,11.0,424.8782704031809
000009	319	109	TP	0.6837231968810916	75.59037208165707	2.449945512533183	0.07048635213811952	313.0,226.0,371.0,316.0	9.0,319.0,11.0,394.59037208165705
000009	329	110	TP	0.8231952662721893	72.24876994038665	0.8756113508931258	0.12628326860005792	368.0,230.0,429.0,320.0	9.0,329.0,11.0,401.24876994038664
000009	329	111	TP	0.4060560933234053	70.80118310529035	2.4956805255246755	0.16294032507722656	312.0,218.0,369.0,308.0	9.0,329.0,11.0,399.80118310529036
000009	344	112	TP	0.8435728859669009	62.60925902001081	0.042602556157703225	0.04425664987791754	313.0,237.0,375.0,329.0	9.0,344.0,11.0,406.6092590200108
000009	344	113	TP	0.3096920747097426	51.05908490121178	3.0638012170597313	0.08540020449898629	332.0,212.0,389.0,300.0	9.0,344.0,11.0,395.0590849012118
000009	356	114	TP	0.72257758824923	80.68030262316884	0.09080188725921198	0.18291359440380067	283.0,219.0,344.0,310.0	9.0,356.0,11.0,436.6803026231688
000009	356	115	TP	0.42488844819038174	80.15947283896622	3.117096428130664	0.10975181169264131	347.0,217.0,406.0,307.0	9.0,356.0,11.0,436.1594728389662
000009	374	116	TP	0.61158117398202	110.53437126465302	0.34015046303732116	0.0713366481371688	326.0,206.0,382.0,291.0	9.0,374.0,11.0,484.53437126465303
000009	374	117	TP	0.6194563662374821	76.97630599500357	2.792823405537629	0.07722289441967074	338.0,226.0,397.0,318.0	9.0,374.0,11.0,450.9763059950036
000009	380	118	TP	0.5927108273476989	135.01736744656654	0.35459453515955913	0.11537507240723285	348.0,207.0,405.0,292.0	9.0,380.0,11.0,515.0173674465666
000009	380	119	TP	0.3224724484906564	107.39413352109581	2.7636114439921835	0.05560658530694866	328.0,227.0,387.0,317.0	9.0,380.0,11.0,487.3941335210958
000009	391	120	TP	0.5973137354282818	119.25185041067733	0.25900304454198897	0.1193156693071801	375.0,216.0,433.0,304.0	9.0,391.0,11.0,510.2518504106773
000009	391	121	TP	0.705435847208619	93.54658461322882	2.8337395191896264	0.11526456644025379	313.0,223.0,371.0,313.0	9.0,391.0,11.0,484.5465846132288
000009	402	122	TP	0.7855621301775148	83.73250167119812	0.6305521015728134	0.4125859282711278	365.0,228.0,426.0,319.0	9.0,402.0,11.0,485.7325016711981
000009	402	123	TP	0.29562136168058717	48.64833195329482	2.5882891639622825	0.05353913162441905	313.0,218.0,371.0,306.0	9.0,402.0,11.0,450.6483319532948
000009	414	124	TP	0.7326373127553336	39.31402933943857	2.8338522060803712	0.08409466653494968	320.0,232.0,382.0,324.0	9.0,414.0,11.0,453.31402933943855
000009	414	125	TP	0.12980402137948588	32.29141898488192	0.054383893241149166	0.09723998681848202	330.0,215.0,387.0,303.0	9.0,414.0,11.0,446.29141898488194
000009	417	126	TP	0.6791248860528715	121.58081566985535	0.17642313335462287	0.09211620477903243	309.0,230.0,370.0,322.0	9.0,417.0,11.0,538.5808156698554
000009	417	127	TP	0.17641077783426537	98.86980707522581	0.1487862676788363	0.0971618092230893	334.0,214.0,392.0,302.0	9.0,417.0,11.0,515.8698070752258
000009	431	128	TP	0.813588422859946	125.0501634959462	0.33887714982270684	0.24948055331786986	285.0,215.0,344.0,304.0	9.0,431.0,11.0,556.0501634959462
000009	431	129	TP	0.42531582858558337	105.0497243887439	2.842816019340765	0.13957272906050497	350.0,220.0,408.0,310.0	9.0,431.0,11.0,536.0497243887439
000009	437	130	TP	0.19252187748607796	125.72182701265076	0.05534223589028495	0.10488624314303663	295.0,217.0,352.0,301.0	9.0,437.0,11.0,562.7218270126508
000009	437	131	TP	0.1532644315603731	91.19028939584621	2.703141210707342	0.10096055302223707	348.0,222.0,407.0,310.0	9.0,437.0,11.0,528.1902893958462
000009	451	132	TP	0.34231731036399	138.95426944502213	0.2684754702432128	0.05461196857907669	343.0,215.0,399.0,298.0	9.0,451.0,11.0,589.9542694450222
000009	451	133	TP	0.1823790720631787	137.40160647764498	2.9629490896608877	0.06741379274755169	330.0,223.0,389.0,311.0	9.0,451.0,11.0,588.4016064776449
000009	465	134	TP	0.616819973718791	118.64057642495212	0.10277519745377578	0.1124478861961985	376.0,221.0,434.0,306.0	9.0,465.0,11.0,583.6405764249521
000009	465	135	TP	0.4881407804131599	110.13957905301548	2.972155119869459	0.10213523500833764	312.0,221.0,370.0,308.0	9.0,465.0,11.0,575.1395790530155
000009	477	136	TP	0.8572815533980582	74.12269614569448	0.1819812773247234	0.06487035686251397	358.0,226.0,418.0,314.0	9.0,477.0,11.0,551.1226961456945
000009	477	137	TP	0.17461153542270214	68.56016257767531	2.974290588093948	0.05616091786674051	316.0,219.0,372.0,304.0	9.0,477.0,11.0,545.5601625776753
000009	484	138	TP	0.5604161740364152	26.081486858800066	2.9774338014427553	0.10541219561456991	331.0,227.0,392.0,316.0	9.0,484.0,11.0,510.0814868588001
000009	484	139	TP	0.09579563597658329	21.797669918520445	0.2256794417653924	0.12182785921649353	326.0,219.0,382.0,304.0	9.0,484.0,11.0,505.79766991852046
000009	490	140	TP	0.562200956937799	117.58436443514162	3.041605152825131	0.06294758128966609	308.0,225.0,368.0,314.0	9.0,490.0,11.0,607.5843644351417
000009	490	141	TP	0.1636219221604448	48.600913349944435	3.0124587762992414	0.16165343981123007	335.0,218.0,392.0,304.0	9.0,490.0,11.0,538.6009133499444
000009	495	142	TP	0.0723620522749274	44.229175695886475	0.13070570339448886	0.12648086927792532	293.0,223.0,353.0,311.0	9.0,495.0,11.0,539.2291756958865
000009	495	143	TP	0.12522971908637437	43.720717338765944	2.8951468142218095	0.13995300404271965	342.0,219.0,399.0,305.0	9.0,495.0,11.0,538.7207173387659
000012	2	144	TP	0.984785972150593	184.69200656759878	1.5425726715554162	0.05741242827338753	228.0,139.0,315.0,209.0	12.0,2.0,14.0,186.69200656759878
000012	2	145	TP	0.9425675675675675	145.0173252172807	1.3489031868770534	0.0703902788861304	274.0,215.0,335.0,280.0	12.0,2.0,14.0,147.0173252172807
000012	7	146	TP	0.981038961038961	187.77337565387683	1.4762635758819396	0.058701671284362725	282.0,109.0,356.0,193.0	12.0,7.0,14.0,194.77337565387683
000012	7	147	TP	0.9504029758214507	129.86056584705102	1.2286610749796731	0.07085820015425871	287.0,194.0,348.0,260.0	12.0,7.0,14.0,136.86056584705102
000012	14	148	TP	0.9665109034267912	180.76287369008847	1.5348701278601076	0.06087669254929146	370.0,109.0,427.0,197.0	12.0,14.0,14.0,194.76287369008847
000012	14	149	TP	0.9514623522090853	142.6706985545222	1.3057674775832844	0.10873939292310494	317.0,179.0,377.0,244.0	12.0,14.0,14.0,156.6706985545222
000012	26	150	TP	0.9629351364888555	183.17159917781058	1.465514335411735	0.06350681670746317	445.0,204.0,534.0,276.0	12.0,26.0,14.0,209.17159917781058
000012	26	151	TP	0.9404096834264432	112.8202212936459	1.3770373401946863	0.07329811496276577	370.0,195.0,430.0,260.0	12.0,26.0,14.0,138.8202212936459
000012	34	152	TP	0.9741871432117151	197.48279094562312	1.5567392109466716	0.10436501242843817	432.0,303.0,521.0,365.0	12.0,34.0,14.0,231.48279094562312
000012	34	153	TP	0.944804193647857	169.3446679773406	1.4854117560476285	0.07913976395468408	385.0,228.0,446.0,294.0	12.0,34.0,14.0,203.3446679773406
000012	43	154	TP	0.9635684259691732	169.87907816735063	1.5721309006623057	0.06694452511092225	364.0,355.0,444.0,445.0	12.0,43.0,14.0,212.87907816735063
000012	43	155	TP	0.9443935227619921	134.57198987900617	1.6413138687879905	0.12403801772795596	370.0,268.0,432.0,333.0	12.0,43.0,14.0,177.57198987900617
000012	49	156	TP	0.9495412844036697	171.03215017568218	1.5389293677597677	0.06472453397507687	299.0,353.0,361.0,445.0	12.0,49.0,14.0,220.03215017568218
000012	49	157	TP	0.9573690621193667	133.3389042099556	1.7804079305490683	0.0716448474600609	345.0,283.0,406.0,349.0	12.0,49.0,14.0,182.3389042099556
000012	60	158	TP	0.9887859580692345	167.0014529239225	0.08086900914355456	0.03251499033095926	188.0,285.0,277.0,367.0	12.0,60.0,14.0,227.0014529239225
000012	60	159	TP	0.9553598542362587	164.24670411770825	1.5834621893786782	0.07803299432267749	293.0,275.0,355.0,340.0	12.0,60.0,14.0,224.24670411770825
000012	66	160	TP	0.9961812627291242	180.25657630523645	1.5742433875988229	0.06117796253080301	185.0,227.0,273.0,288.0	12.0,66.0,14.0,246.25657630523645
000012	66	161	TP	0.9477862595419847	148.3566799832127	1.4740699932307249	0.06318189957654655	275.0,252.0,336.0,318.0	12.0,66.0,14.0,214.3566799832127
000012	73	162	TP	0.9882229782779377	184.99768057912004	1.5580563112112173	0.05717176774206821	218.0,160.0,305.0,224.0	12.0,73.0,14.0,257.99768057912
000012	73	163	TP	0.9656377402446127	135.50400893477214	1.4458378844923607	0.0836338591987346	273.0,215.0,334.0,285.0	12.0,73.0,14.0,208.50400893477214
000012	83	164	TP	0.9680851063829787	172.5266384332877	1.556968393110062	0.05229938975488995	327.0,116.0,387.0,200.0	12.0,83.0,14.0,255.5266384332877
000012	83	165	TP	0.9557732264766993	122.00610262035129	1.257854046658049	0.1410345377603486	302.0,182.0,361.0,253.0	12.0,83.0,14.0,205.00610262035127
000012	100	166	TP	0.8915962207856788	177.7872017648698	1.5753064889956943	0.06288712683495147	447.0,225.0,537.0,291.0	12.0,100.0,14.0,277.7872017648698
000012	100	167	TP	0.9462333825701624	131.2108923995029	1.3346368166478524	0.11069750810626469	376.0,198.0,435.0,268.0	12.0,100.0,14.0,231.2108923995029
000012	108	168	TP	0.9680748919827172	163.35085249841063	0.05876782733306593	0.06461973568392822	424.0,315.0,515.0,380.0	12.0,108.0,14.0,271.35085249841063
000012	108	169	TP	0.9422908772952492	127.37144751149594	1.564351640741808	0.10210335959125232	385.0,229.0,446.0,299.0	12.0,108.0,14.0,235.37144751149594
000012	117	170	TP	0.9396853146853147	134.92909734770967	0.23425163849631925	0.12322194973253162	351.0,353.0,426.0,446.0	12.0,117.0,14.0,251.92909734770967
000012	117	171	TP	0.9392376038979651	131.6825939256417	1.638736985852893	0.07441611155571086	366.0,264.0,427.0,334.0	12.0,117.0,14.0,248.6825939256417
000012	130	172	TP	0.9611804767309875	182.99591201111215	1.4855933292563066	0.07028372183809911	200.0,303.0,284.0,391.0	12.0,130.0,14.0,312.9959120111122
000012	130	173	TP	0.9457473862673071	126.27498917865613	1.775163237643718	0.08063398134944379	304.0,271.0,366.0,341.0	12.0,130.0,14.0,256.27498917865614
000012	137	174	TP	0.9964788732394366	183.4357046014432	0.04649509136747199	0.055668674034912255	182.0,244.0,273.0,308.0	12.0,137.0,14.0,320.4357046014432
000012	137	175	TP	0.9745786918023421	127.97656503770482	1.5287519724187206	0.10698296188406656	279.0,250.0,341.0,320.0	12.0,137.0,14.0,264.9765650377048
000012	142	176	TP	0.9872561768530559	190.0592163629039	1.5690168726364455	0.05874789691140266	199.0,191.0,286.0,250.0	12.0,142.0,14.0,332.0592163629039
000012	142	177	TP	0.9794738363688927	137.1417368766082	1.4291957702382576	0.05880298451096251	272.0,228.0,333.0,299.0	12.0,142.0,14.0,279.1417368766082
000012	148	178	TP	0.9031991174848317	163.93196572491001	1.6229055642333827	0.06340768685566674	252.0,151.0,332.0,219.0	12.0,148.0,14.0,311.93196572491
000012	148	179	TP	0.9304608671938914	108.24616445978947	1.144271904281677	0.20519615816828293	280.0,201.0,340.0,279.0	12.0,148.0,14.0,256.2461644597895
000012	171	180	TP	0.7956827309236948	152.7435978014907	1.6388642124509523	0.0645813818455842	446.0,224.0,536.0,289.0	12.0,171.0,14.0,323.7435978014907
000012	171	181	TP	0.9314840499306519	115.30696496973498	1.1980992064755043	0.07562916939195889	375.0,196.0,434.0,274.0	12.0,171.0,14.0,286.30696496973496
000012	177	182	TP	0.9471247563352827	133.5261521451104	0.037404338676526976	0.07413328536426908	438.0,287.0,526.0,347.0	12.0,177.0,14.0,310.52615214511036
000012	177	183	TP	0.8916417097740267	107.78068354820049	1.4963246739596054	0.08422345106800404	385.0,215.0,445.0,294.0	12.0,177.0,14.0,284.7806835482005
000012	190	184	TP	0.9412758766370933	183.70038333922227	1.5813394649602537	0.06839453003038935	334.0,344.0,404.0,438.0	12.0,190.0,14.0,373.7003833392223
000012	190	185	TP	0.9435441714584423	111.43294778198911	2.051152764275186	0.19338214464843656	359.0,258.0,421.0,338.0	12.0,190.0,14.0,301.4329477819891
000012	199	186	TP	0.967924939995636	169.4958645602014	1.4518071049590464	0.06889590682851522	219.0,314.0,295.0,403.0	12.0,199.0,14.0,368.4958645602014
000012	199	187	TP	0.9389075847786694	115.11873230000175	1.6977738704596839	0.09427148459844739	315.0,263.0,377.0,343.0	12.0,199.0,14.0,314.11873230000174
000012	207	188	TP	0.9757693239641386	183.42079929404377	1.5415363808465183	0.06957419025084659	181.0,259.0,272.0,325.0	12.0,207.0,14.0,390.4207992940438
000012	207	189	TP	0.9565899581589958	163.11136269133505	1.6464893057253331	0.08289345983299459	283.0,248.0,345.0,326.0	12.0,207.0,14.0,370.11136269133505
000012	215	190	TP	0.9483717235901509	161.82040628553102	1.6044391876347581	0.05654960621983711	210.0,185.0,296.0,245.0	12.0,215.0,14.0,376.820406285531
000012	215	191	TP	0.9453522635949638	118.51951171445421	1.348720535793727	0.07163252621690742	272.0,218.0,333.0,297.0	12.0,215.0,14.0,333.5195117144542
000012	221	192	TP	0.6692640692640692	86.09624889191123	1.7451968051094715	0.04794849681871168	259.0,165.0,337.0,230.0	12.0,221.0,14.0,307.0962488919112
000012	221	193	TP	0.926090363019065	26.95211665372394	1.0851934161751713	0.10623675749311703	283.0,200.0,342.0,284.0	12.0,221.0,14.0,247.95211665372395
000012	228	194	TP	0.836212412028151	119.21811315452543	0.8775537377540404	0.2487727890704464	341.0,152.0,398.0,227.0	12.0,228.0,14.0,347.21811315452544
000012	228	195	TP	0.9437449772301099	118.43203259531867	0.0711647188467018	0.04356308442914922	308.0,186.0,366.0,269.0	12.0,228.0,14.0,346.4320325953187
000012	239	196	TP	0.49157776530039304	139.68566295241155	1.5442583612143808	0.07505286693287574	435.0,195.0,511.0,264.0	12.0,239.0,14.0,378.6856629524116
000012	239	197	TP	0.9425040300913488	83.52420476719456	0.817555460404537	0.3389394718682982	358.0,188.0,416.0,271.0	12.0,239.0,14.0,322.52420476719453
000012	249	198	TP	0.9300291545189504	147.38499436026723	0.08124471608857552	0.07246003681557586	440.0,278.0,528.0,337.0	12.0,249.0,14.0,396.3849943602672
000012	249	199	TP	0.8452781371280724	128.0897450551483	1.4529862593015597	0.07740400046392773	384.0,212.0,443.0,297.0	12.0,249.0,14.0,377.08974505514834
000012	260	200	TP	0.9722809987304274	163.35590393876097	1.5840881529710735	0.0644218666852488	359.0,331.0,441.0,416.0	12.0,260.0,14.0,423.355903938761
000012	260	201	TP	0.9195402298850575	118.68828161992606	1.6009849617208585	0.06599353972749783	369.0,243.0,430.0,330.0	12.0,260.0,14.0,378.68828161992604
000012	284	202	TP	0.9776099271648233	120.3669910931684	0.04004777442315208	0.10698562161551196	195.0,222.0,278.0,279.0	12.0,284.0,14.0,404.3669910931684
000012	284	203	TP	0.9660723130262506	117.59752787429811	0.09713523235606088	0.0514812513025559	275.0,226.0,336.0,312.0	12.0,284.0,14.0,401.5975278742981
000012	298	204	TP	0.550624133148405	74.05873042447092	1.5099195147425963	0.19311541495659132	324.0,175.0,381.0,241.0	12.0,298.0,14.0,372.0587304244709
000012	298	205	TP	0.7772486772486773	62.406623560128764	1.7658880338222505	0.06924003414072738	303.0,195.0,360.0,280.0	12.0,298.0,14.0,360.40662356012876
000012	307	206	TP	0.1807348560079444	120.05086610737277	1.3222790077685171	0.08355771170098297	417.0,192.0,477.0,258.0	12.0,307.0,14.0,427.05086610737277
000012	307	207	TP	0.9548629768941429	75.4133986601365	0.11008478801734055	0.11390141511254435	344.0,192.0,400.0,277.0	12.0,307.0,14.0,382.4133986601365
000012	319	208	TP	0.8024993874050478	131.84937175635278	0.19520422010147237	0.07495390667030016	443.0,262.0,532.0,322.0	12.0,319.0,14.0,450.84937175635275
000012	319	209	TP	0.7835609379026024	118.16859580615397	1.399445023262114	0.13046431918202836	383.0,211.0,441.0,297.0	12.0,319.0,14.0,437.168595806154
000012	336	210	TP	0.9635776855693868	126.37698883595905	1.935582382106197	0.33948869579478286	306.0,316.0,375.0,399.0	12.0,336.0,14.0,462.3769888359591
000012	336	211	TP	0.9607524384579657	77.29992143514612	0.07075049084046998	0.04224341794478961	350.0,243.0,412.0,334.0	12.0,336.0,14.0,413.29992143514613
000012	343	212	TP	0.9729114500341453	129.44380057812418	0.12989726313543434	0.01965782262026648	217.0,297.0,294.0,374.0	12.0,343.0,14.0,472.4438005781242
000012	343	213	TP	0.8997482261387045	115.7983277018675	0.1766551133001826	0.0457217548479382	316.0,243.0,377.0,335.0	12.0,343.0,14.0,458.7983277018675
000012	350	214	TP	0.8990136214185064	133.8368079224284	0.3695609484946675	0.09219945581380251	181.0,261.0,273.0,325.0	12.0,350.0,14.0,483.8368079224284
000012	350	215	TP	0.9686109159053643	109.56552850375832	0.09200127209821424	0.019481326289585193	287.0,236.0,348.0,326.0	12.0,350.0,14.0,459.5655285037583
000012	357	216	TP	0.7682660850599782	100.10077841108063	0.18661775115991577	0.15268999655760032	202.0,218.0,286.0,275.0	12.0,357.0,14.0,457.1007784110806
000012	357	217	TP	0.9568923526546518	94.52604931529103	0.2835347107875595	0.11390733608497772	275.0,220.0,334.0,309.0	12.0,357.0,14.0,451.52604931529106
000012	363	218	TP	0.4855403348554033	76.12096818604539	1.5992260329323795	0.12856248345342844	246.0,208.0,325.0,264.0	12.0,363.0,14.0,439.1209681860454
000012	363	219	TP	0.9097705594225316	71.56762198530238	0.26157330508495746	0.18289763282045954	281.0,211.0,339.0,297.0	12.0,363.0,14.0,434.56762198530237
000012	368	220	TP	0.08398856325947104	45.45049846092292	1.5018958744603983	0.13813279220087218	300.0,200.0,364.0,257.0	12.0,368.0,14.0,413.4504984609229
000012	368	221	TP	0.4813532232285562	34.873544616041855	2.4834873280486747	0.20259749754902906	296.0,205.0,353.0,290.0	12.0,368.0,14.0,402.87354461604184
000012	383	222	TP	0.019541984732824428	56.103629695163754	1.4525206915663156	0.08641922897157282	435.0,224.0,511.0,283.0	12.0,383.0,14.0,439.10362969516376
000012	383	223	TP	0.726355955301172	47.31645773537779	0.45723510665718553	0.15988792880733382	361.0,205.0,417.0,289.0	12.0,383.0,14.0,430.3164577353778
000012	387	224	TP	0.204431548404115	27.631828383686614	1.1115490551336247	2.86013894720102	444.0,241.0,531.0,300.0	12.0,387.0,14.0,414.63182838368664
000012	387	225	TP	0.6101604278074866	27.424095559730315	0.6444816411767726	9.643657579584925	374.0,210.0,431.0,294.0	12.0,387.0,14.0,414.4240955597303
000012	393	226	TP	0.879615952732644	154.01079264558072	0.05730736880336523	0.06836700600361827	439.0,268.0,526.0,327.0	12.0,393.0,14.0,547.0107926455808
000012	393	227	TP	0.5213367609254499	123.51333527253134	1.509844061398675	0.06056086963583107	385.0,217.0,443.0,304.0	12.0,393.0,14.0,516.5133352725313
000012	399	228	TP	0.953438701409654	134.41662715524393	0.5039496034250642	0.2119619502060384	399.0,289.0,494.0,356.0	12.0,399.0,14.0,533.416627155244
000012	399	229	TP	0.7829818538499265	73.55999783062046	1.5337585252053643	0.040681777809275496	382.0,227.0,441.0,315.0	12.0,399.0,14.0,472.55999783062043
000012	409	230	TP	0.9899522732981663	111.6198247490585	1.8346599475023442	0.17848374443627057	294.0,297.0,361.0,371.0	12.0,409.0,14.0,520.6198247490585
000012	409	231	TP	0.9792674498963373	66.11551057970821	1.499284384384197	0.10622220401952494	346.0,236.0,407.0,327.0	12.0,409.0,14.0,475.1155105797082
000012	423	232	TP	0.5365025466893039	118.63567020322941	1.5615335168698221	0.11683752656090722	183.0,252.0,273.0,313.0	12.0,423.0,14.0,541.6356702032294
000012	423	233	TP	0.9878163074039362	100.24645468478509	0.43837635448793977	0.08291575073712273	285.0,229.0,345.0,319.0	12.0,423.0,14.0,523.2464546847851
000012	438	234	TP	0.4646017699115044	18.07504057266621	1.0257664144400165	0.27675305915889736	271.0,226.0,344.0,280.0	12.0,438.0,14.0,456.07504057266624
000012	438	235	TP	0.3568294020844761	10.60603554898006	0.19975147571723087	0.08708467438158966	289.0,216.0,345.0,299.0	12.0,438.0,14.0,448.60603554898006
000012	455	*	FN	0.001326259946949602	*	*	*	432.0,236.0,503.0,292.0	*
000012	455	*	FN	0.3761125466551823	*	*	*	358.0,215.0,413.0,296.0	*
000012	471	236	TP	0.9518046250270153	115.81822922332701	0.6436616028593051	0.05287305681044632	403.0,268.0,498.0,332.0	12.0,471.0,14.0,586.818229223327
000012	471	237	TP	0.6165856155618121	113.382785644266	1.5705831115401552	0.040207622654338686	382.0,225.0,440.0,311.0	12.0,471.0,14.0,584.382785644266
000012	482	238	TP	0.9929462832338578	152.86274489080816	1.6965139369367173	0.0638322538412726	291.0,271.0,357.0,340.0	12.0,482.0,14.0,634.8627448908081
000012	482	239	TP	0.9811949535824803	150.55002036066213	0.176739941358117	0.004198201203925244	346.0,228.0,406.0,318.0	12.0,482.0,14.0,632.5500203606621
000012	490	240	TP	0.9952290076335878	116.22999771293208	0.13789665929291942	0.05127656416123884	199.0,260.0,285.0,324.0	12.0,490.0,14.0,606.2299977129321
000012	490	241	TP	0.3465299308371095	43.4529198184589	2.535746353348552	0.6995010618116965	307.0,228.0,367.0,317.0	12.0,490.0,14.0,533.4529198184589
000020	3	242	TP	0.9789325842696629	126.17137891360453	1.470665668783677	0.2687751691152495	457.0,202.0,529.0,265.0	20.0,3.0,22.0,129.17137891360454
000020	3	243	TP	0.9617983367983368	119.30043508527821	2.2795644296441133	0.15639135076570282	452.0,261.0,522.0,333.0	20.0,3.0,22.0,122.30043508527821
000020	3	244	TP	0.9343838193791157	97.46188984455007	1.3180586496672255	0.09997112933785095	224.0,292.0,317.0,368.0	20.0,3.0,22.0,100.46188984455007
000020	3	245	TP	0.3856835049078286	60.67128437444053	2.7257104525339417	0.6147187304916332	361.0,249.0,445.0,336.0	20.0,3.0,22.0,63.67128437444053
000020	3	246	TP	0.5079563182527301	36.87632785862729	2.364366562872969	0.1629464069359648	268.0,181.0,327.0,247.0	20.0,3.0,22.0,39.87632785862729
000020	11	247	TP	0.9591187270501836	99.98965130310877	1.528450071193779	0.3331163349980746	447.0,289.0,528.0,357.0	20.0,11.0,22.0,110.98965130310877
000020	11	248	TP	0.9718175304513972	97.24750905064437	0.4666858199901939	0.15816196856437975	407.0,323.0,473.0,410.0	20.0,11.0,22.0,108.24750905064437
000020	11	249	TP	0.9053860819828408	96.16995665466685	2.2347034311105998	0.09852562013742457	213.0,221.0,281.0,312.0	20.0,11.0,22.0,107.16995665466685
000020	11	250	TP	0.545083932853717	75.39860887617016	1.026011580010652	0.2598638135494316	327.0,279.0,418.0,343.0	20.0,11.0,22.0,86.39860887617016
000020	11	251	TP	0.4490252476829658	63.666011994978646	1.4481712351088571	0.15916021253086035	321.0,157.0,380.0,222.0	20.0,11.0,22.0,74.66601199497865
000020	17	252	TP	0.9533984996590135	127.69270051842578	1.2653949890016594	0.24268115976208313	402.0,340.0,476.0,419.0	20.0,17.0,22.0,144.6927005184258
000020	17	253	TP	0.961655365910685	105.44433154239856	0.1264331040712512	0.06504201391618733	344.0,347.0,407.0,435.0	20.0,17.0,22.0,122.44433154239856
000020	17	254	TP	0.9061964241978937	94.6653039589818	0.7482878517976734	0.08718669256072879	241.0,172.0,303.0,261.0	20.0,17.0,22.0,111.6653039589818
000020	17	255	TP	0.5016339869281046	93.7123970586426	2.2472498292702183	0.0909206149302743	303.0,286.0,396.0,352.0	20.0,17.0,22.0,110.7123970586426
000020	17	256	TP	0.44741074300418143	88.18406270952286	2.4357059755351895	0.1410838765918955	364.0,164.0,424.0,228.0	20.0,17.0,22.0,105.18406270952286
000020	21	257	TP	0.9715294636945486	88.0614012764554	1.3797999435185682	0.2895364106749972	356.0,357.0,427.0,446.0	20.0,21.0,22.0,109.0614012764554
000020	21	258	TP	0.9492565494453623	64.29877615633502	2.3498173231486343	0.167523607766178	296.0,346.0,362.0,433.0	20.0,21.0,22.0,85.29877615633502
000020	21	259	TP	0.9136762860727728	53.37474155851236	1.156732872670015	0.18255117755332395	264.0,144.0,336.0,233.0	20.0,21.0,22.0,74.37474155851237
000020	21	260	TP	0.5067036523347203	50.703660849988914	2.6486270452152714	0.061054020914683454	293.0,272.0,381.0,352.0	20.0,21.0,22.0,71.70366084998892
000020	21	261	TP	0.44047619047619047	49.46490136430631	1.054719229752683	1.1308607457004507	388.0,179.0,449.0,242.0	20.0,21.0,22.0,70.46490136430631
000020	28	262	TP	0.9718647764449291	107.9154658826874	1.1459273139980983	0.15800687161126417	274.0,351.0,338.0,444.0	20.0,28.0,22.0,135.91546588268739
000020	28	263	TP	0.949169602415702	88.04668553465001	1.2827027446568378	0.19304089610629274	225.0,316.0,296.0,388.0	20.0,28.0,22.0,116.04668553465001
000020	28	264	TP	0.9258872651356994	85.70310317185259	0.090149149238176	0.022744522808504312	312.0,130.0,401.0,199.0	20.0,28.0,22.0,113.70310317185259
000020	28	265	TP	0.42857142857142855	59.10878257952363	1.1144917676376176	0.10376461909945518	287.0,242.0,352.0,333.0	20.0,28.0,22.0,87.10878257952362
000020	28	266	TP	0.5047984644913628	41.82636017436486	0.7146009396486822	0.29580144972229777	414.0,222.0,475.0,285.0	20.0,28.0,22.0,69.82636017436485
000020	41	267	TP	0.9975734045134677	146.9559772943574	0.8239655105794009	0.22592488353161333	181.0,234.0,257.0,307.0	20.0,41.0,22.0,187.9559772943574
000020	41	268	TP	0.924668107440568	110.9148621970548	1.1776382172114164	0.21146528743284848	207.0,191.0,274.0,250.0	20.0,41.0,22.0,151.9148621970548
000020	41	269	TP	0.8802628376733999	103.6487620639625	1.2217400728428884	0.1500677142496003	412.0,190.0,500.0,264.0	20.0,41.0,22.0,144.6487620639625
000020	41	270	TP	0.31290555155010813	98.29297535785501	2.2056064609220067	0.09872535952788176	279.0,206.0,366.0,284.0	20.0,41.0,22.0,139.29297535785503
000020	41	271	TP	0.6208927464352139	54.246442929357734	1.5376144258507796	0.3212990471540971	382.0,306.0,442.0,370.0	20.0,41.0,22.0,95.24644292935773
000020	51	272	TP	0.9846895378508648	104.81425290982395	0.9197625114352259	0.22809814885536225	228.0,139.0,302.0,199.0	20.0,51.0,22.0,155.81425290982395
000020	51	273	TP	0.8835942818243703	88.1552009654142	2.0445103818159254	0.2550953557947118	293.0,123.0,351.0,184.0	20.0,51.0,22.0,139.1552009654142
000020	51	274	TP	0.9029081749484772	75.85449895986174	2.1568961157861404	0.11070944271747298	430.0,264.0,493.0,355.0	20.0,51.0,22.0,126.85449895986174
000020	51	275	TP	0.11044025157232705	74.23646873639144	2.00504241471075	0.14592664156219373	318.0,192.0,407.0,255.0	20.0,51.0,22.0,125.23646873639144
000020	51	276	TP	0.7241172950329144	63.29513570639205	2.1854297076633378	0.18786729252765813	307.0,321.0,370.0,387.0	20.0,51.0,22.0,114.29513570639205
000020	58	277	TP	0.9957002457002457	135.40182137930046	1.211763956345962	0.1729900265117099	308.0,104.0,373.0,168.0	20.0,58.0,22.0,193.40182137930046
000020	58	278	TP	0.9049039098740888	117.48505201774269	2.0785760685722825	0.17409305055468283	367.0,124.0,429.0,184.0	20.0,58.0,22.0,175.4850520177427
000020	58	279	TP	0.9005990681162636	81.98131644074313	2.469274316349875	0.11168588616090183	375.0,317.0,453.0,407.0	20.0,58.0,22.0,139.98131644074311
000020	58	280	TP	0.07857672349888807	78.31614401668531	2.1960523284718616	0.12493938900381885	341.0,189.0,427.0,274.0	20.0,58.0,22.0,136.3161440166853
000020	58	281	TP	0.7252158380470378	46.112038077890816	1.1518593393405105	0.15606756401332686	262.0,294.0,324.0,360.0	20.0,58.0,22.0,104.11203807789082
000020	67	282	TP	0.9950769230769231	117.05399970457454	1.4314709858230579	0.08885597599787508	409.0,126.0,471.0,192.0	20.0,67.0,22.0,184.05399970457455
000020	67	283	TP	0.9371866705986435	94.31968333030063	1.488040736482475	0.22606135683032005	439.0,181.0,509.0,243.0	20.0,67.0,22.0,161.31968333030062
000020	67	284	TP	0.9197656073923822	88.92911628700776	0.2808804270897091	0.10512198022067053	292.0,344.0,384.0,409.0	20.0,67.0,22.0,155.92911628700776
000020	67	285	TP	0.2980561555075594	75.07164594737424	2.0282932886104343	0.32172520732046805	376.0,220.0,436.0,309.0	20.0,67.0,22.0,142.07164594737424
000020	67	286	TP	0.6429004854368932	51.69384739033567	1.3431807146837378	0.0626119194763086	243.0,232.0,303.0,298.0	20.0,67.0,22.0,118.69384739033566
000020	81	287	TP	0.9396170839469808	100.23937468552047	1.0074004562646386	0.22632345461923364	459.0,255.0,538.0,323.0	20.0,81.0,22.0,181.2393746855205
000020	81	288	TP	0.9850779510022272	95.15708116016734	0.9409490702054083	0.2936018206911932	428.0,293.0,495.0,384.0	20.0,81.0,22.0,176.15708116016734
000020	81	289	TP	0.9006928406466512	93.87298049641166	2.95946532436006	0.16340529154870925	209.0,241.0,286.0,330.0	20.0,81.0,22.0,174.87298049641166
000020	81	290	TP	0.6120361560418649	47.81677996133037	2.472205237478951	0.05019696697807442	337.0,267.0,430.0,336.0	20.0,81.0,22.0,128.81677996133038
000020	81	291	TP	0.3565914489311164	43.57976368697089	1.3619772743523186	0.2263106600508541	304.0,160.0,363.0,233.0	20.0,81.0,22.0,124.57976368697089
000020	88	292	TP	0.9811158798283262	96.29958730525182	0.207362216642608	0.014210957370447828	414.0,316.0,494.0,401.0	20.0,88.0,22.0,184.2995873052518
000020	88	293	TP	0.9802379940501488	85.16571983393582	2.7797968798402772	0.11790406791144542	361.0,328.0,424.0,424.0	20.0,88.0,22.0,173.16571983393584
000020	88	294	TP	0.8506699147381243	76.981459645852	2.1445268988764803	0.28141982995394876	234.0,186.0,294.0,276.0	20.0,88.0,22.0,164.981459645852
000020	88	295	TP	0.6945404284727021	61.82144753057955	2.0928756818619765	0.05470641966430753	308.0,282.0,400.0,346.0	20.0,88.0,22.0,149.82144753057955
000020	88	296	TP	0.2756838905775076	60.77495868755659	2.7445146211854343	0.26187355243647864	353.0,161.0,412.0,234.0	20.0,88.0,22.0,148.7749586875566
000020	94	297	TP	0.9796084828711256	112.21894291984921	1.3687916913613352	0.27126804709835567	348.0,347.0,420.0,443.0	20.0,94.0,22.0,206.2189429198492
000020	94	298	TP	0.9641553981541103	90.72052714103619	2.5633698089542296	0.15092295737032796	287.0,330.0,355.0,424.0	20.0,94.0,22.0,184.7205271410362
000020	94	299	TP	0.8494159471813103	87.57958854795919	0.2426195928868653	0.0794701259036467	268.0,150.0,342.0,237.0	20.0,94.0,22.0,181.5795885479592
000020	94	300	TP	0.6359068067610781	62.53067997020304	2.7999464024564555	0.07557910165661985	292.0,270.0,379.0,350.0	20.0,94.0,22.0,156.53067997020304
000020	94	301	TP	0.3371880706025563	49.88625683978244	1.204132862664865	0.29338809671719945	391.0,183.0,451.0,253.0	20.0,94.0,22.0,143.88625683978245
000020	104	302	TP	0.9941690962099126	142.03650874585398	0.09410053788315717	0.06055659470728344	233.0,320.0,301.0,415.0	20.0,104.0,22.0,246.03650874585398
000020	104	303	TP	0.8689688954200343	97.07469217003414	1.3483581981461914	0.06420217801653916	203.0,277.0,276.0,352.0	20.0,104.0,22.0,201.07469217003415
000020	104	304	TP	0.8671385788184046	93.53570171519125	2.108897389721544	0.16752553402600667	342.0,149.0,427.0,210.0	20.0,104.0,22.0,197.53570171519124
000020	104	305	TP	0.5420158008139814	41.51478639782518	1.854068095092509	0.0645174535199969	281.0,231.0,342.0,320.0	20.0,104.0,22.0,145.5147863978252
000020	104	306	TP	0.5561497326203209	39.307576837131535	2.3092371892540138	0.2854393615301332	416.0,244.0,476.0,312.0	20.0,104.0,22.0,143.30757683713153
000020	126	307	TP	0.9907235621521335	100.01648967449857	1.5453882970688657	0.1675613278381447	259.0,128.0,326.0,188.0	20.0,126.0,22.0,226.0164896744986
000020	126	308	TP	0.8704930095658573	87.64254391476516	1.7907667129214409	0.19102679740073833	321.0,130.0,380.0,188.0	20.0,126.0,22.0,213.64254391476516
000020	126	309	TP	0.8502262443438914	84.51647781353562	2.0324870181555337	0.1744696893126331	415.0,283.0,480.0,375.0	20.0,126.0,22.0,210.51647781353563
000020	126	310	TP	0.05124302384576357	69.56360205709896	2.142947318289544	0.1776399437760383	326.0,192.0,416.0,259.0	20.0,126.0,22.0,195.56360205709896
000020	126	311	TP	0.7534908700322234	68.25515977142672	1.417354666737183	0.14376788500490006	288.0,303.0,351.0,378.0	20.0,126.0,22.0,194.25515977142672
000020	133	312	TP	0.9887024991441288	154.1403299174513	1.3494665020136556	0.17431458048212276	339.0,114.0,400.0,173.0	20.0,133.0,22.0,287.1403299174513
000020	133	313	TP	0.9223880597014925	125.15174147380463	1.4750869926082233	0.1883329053707666	392.0,143.0,454.0,203.0	20.0,133.0,22.0,258.15174147380463
000020	133	314	TP	0.9232917920068758	104.95164895740018	0.4250612555778083	0.03880157698575585	350.0,328.0,439.0,409.0	20.0,133.0,22.0,237.95164895740018
000020	133	315	TP	0.12216320618058908	93.42695254324428	1.6860055053146643	0.19867518514774124	352.0,198.0,428.0,286.0	20.0,133.0,22.0,226.42695254324428
000020	133	316	TP	0.6672060409924487	83.87527297567657	1.1468746303775883	0.40951963933102953	251.0,268.0,313.0,345.0	20.0,133.0,22.0,216.87527297567658
000020	160	317	TP	0.978531997546514	120.98970691123279	0.9072926942206093	0.25162336228169874	411.0,305.0,491.0,398.0	20.0,160.0,22.0,280.9897069112328
000020	160	318	TP	0.978353226785353	104.19849301122541	2.500230213471067	0.051017633703206645	355.0,312.0,419.0,411.0	20.0,160.0,22.0,264.1984930112254
000020	160	319	TP	0.7178643724696356	84.98320724944789	0.5330439867384854	0.08883369128676237	239.0,188.0,299.0,275.0	20.0,160.0,22.0,244.9832072494479
000020	160	320	TP	0.6847256999772365	65.09588424615849	2.144615426966351	0.11841642890393193	306.0,278.0,399.0,342.0	20.0,160.0,22.0,225.0958842461585
000020	160	321	TP	0.2151680551565642	47.968621951330796	2.387893791469225	0.19287963196074992	358.0,165.0,416.0,245.0	20.0,160.0,22.0,207.9686219513308
000020	167	322	TP	0.9980326578792051	117.32860334558977	2.53631492871726	0.07583449398619829	331.0,334.0,402.0,434.0	20.0,167.0,22.0,284.3286033455898
000020	167	323	TP	0.9649051214037951	89.83554679795499	1.0620110919329533	0.38652911443193205	269.0,308.0,339.0,405.0	20.0,167.0,22.0,256.835546797955
000020	167	324	TP	0.7457983193277311	89.56805694694958	2.6792077650278876	0.1572718936055254	277.0,157.0,356.0,237.0	20.0,167.0,22.0,256.5680569469496
000020	167	325	TP	0.7140864714086471	85.7607157985764	2.619345175653158	0.06805711694754302	291.0,264.0,373.0,343.0	20.0,167.0,22.0,252.7607157985764
000020	167	326	TP	0.3519410597903089	78.15311034283116	2.3860563584069805	0.15258711173869113	398.0,190.0,457.0,268.0	20.0,167.0,22.0,245.15311034283116
000020	174	327	TP	0.9929121101660592	198.56297560651618	0.26279390837780703	0.12562509662390098	247.0,317.0,315.0,415.0	20.0,174.0,22.0,372.56297560651615
000020	174	328	TP	0.8415153553015019	121.65309424192598	2.2812993488590254	0.10325407404587594	208.0,274.0,283.0,360.0	20.0,174.0,22.0,295.653094241926
000020	174	329	TP	0.7707927677329625	109.20102834579924	0.11550779152363101	0.04064403439233239	330.0,158.0,415.0,220.0	20.0,174.0,22.0,283.2010283457993
000020	174	330	TP	0.6350877192982456	59.611353994032996	2.6511881280700536	0.24100320307146944	284.0,239.0,345.0,324.0	20.0,174.0,22.0,233.61135399403298
000020	174	331	TP	0.553390063134779	42.869984103537895	2.13626627617099	0.22291368012693263	415.0,228.0,475.0,307.0	20.0,174.0,22.0,216.8699841035379
000020	189	332	TP	0.99375	132.73021446089282	0.657129692243067	0.1806286070893641	189.0,188.0,268.0,262.0	20.0,189.0,22.0,321.73021446089285
000020	189	333	TP	0.755868544600939	90.98553052901615	1.625923475587276	0.36659939268918645	240.0,170.0,301.0,231.0	20.0,189.0,22.0,279.98553052901616
000020	189	334	TP	0.6860865290068829	72.63796099504034	1.5098160205276927	0.10638296497521893	431.0,227.0,509.0,304.0	20.0,189.0,22.0,261.6379609950403
000020	189	335	TP	0.24276001007302947	67.39215531334811	1.9124331231191012	0.14529429996085502	295.0,210.0,383.0,271.0	20.0,189.0,22.0,256.3921553133481
000020	189	336	TP	0.5927669061184048	58.50327173045253	2.0962052096930934	0.1245896966912143	354.0,294.0,416.0,375.0	20.0,189.0,22.0,247.50327173045252
000020	197	337	TP	0.974009900990099	125.31064643390287	1.0704079469484389	0.24467726757059652	255.0,139.0,321.0,201.0	20.0,197.0,22.0,322.3106464339029
000020	197	338	TP	0.8030746705710102	120.31928911736887	2.561937083128516	0.08051185838553701	317.0,144.0,373.0,203.0	20.0,197.0,22.0,317.31928911736884
000020	197	339	TP	0.7886524822695036	105.92147825765814	1.3118621398332901	0.07957463733835182	419.0,278.0,483.0,366.0	20.0,197.0,22.0,302.9214782576581
000020	197	340	TP	0.05330929693535926	104.80440142625753	1.7666503724193126	0.21009362166818402	324.0,200.0,414.0,263.0	20.0,197.0,22.0,301.8044014262575
000020	197	341	TP	0.7050359712230215	37.34326138294593	1.532531548725181	0.1740952994789122	291.0,289.0,355.0,375.0	20.0,197.0,22.0,234.34326138294594
000020	208	342	TP	0.9556135770234987	128.32209515609827	1.3961227891035821	0.1623681009868338	379.0,133.0,437.0,191.0	20.0,208.0,22.0,336.32209515609827
000020	208	343	TP	0.8248417244498041	116.30519269275247	1.998980615904461	0.1371518979500144	420.0,171.0,485.0,236.0	20.0,208.0,22.0,324.3051926927525
000020	208	344	TP	0.957584621813623	107.42571511582122	0.47207496860056014	0.06885119088605256	316.0,331.0,412.0,400.0	20.0,208.0,22.0,315.4257151158212
000020	208	345	TP	0.1590631861429617	86.84360953293663	1.2246307655672204	0.10861764825750853	367.0,211.0,431.0,300.0	20.0,208.0,22.0,294.8436095329366
000020	208	346	TP	0.5156210947263185	51.8115057662873	0.7223019186630942	0.22775117838740333	243.0,236.0,304.0,322.0	20.0,208.0,22.0,259.81150576628727
000020	217	347	TP	0.7786633966891477	100.15151795941041	1.036880264459077	0.15420756747038888	445.0,184.0,511.0,248.0	20.0,217.0,22.0,317.1515179594104
000020	217	348	TP	0.8143469971401335	98.8807613393375	2.5952314713802385	0.2362322768854826	452.0,220.0,522.0,306.0	20.0,217.0,22.0,315.8807613393375
000020	217	349	TP	0.9639600521059488	87.87374512404327	2.1657739594728564	0.14828943441834908	237.0,289.0,335.0,358.0	20.0,217.0,22.0,304.87374512404324
000020	217	350	TP	0.34559884559884557	74.00064081671675	1.6217017875344404	0.13109046780801256	372.0,237.0,444.0,321.0	20.0,217.0,22.0,291.0006408167168
000020	217	351	TP	0.44922680412371135	70.51090907086339	1.3971261502927725	0.2136866717227421	259.0,190.0,317.0,278.0	20.0,217.0,22.0,287.51090907086336
000020	223	352	TP	0.87693822298794	145.9621690142221	0.9787659072074327	0.14006059227212106	460.0,226.0,537.0,297.0	20.0,223.0,22.0,368.9621690142221
000020	223	353	TP	0.9569336778639104	129.80838777313772	2.7899330262873727	0.14723964733866757	441.0,255.0,511.0,351.0	20.0,223.0,22.0,352.8083877731377
000020	223	354	TP	0.864326160815402	84.07936429366718	1.7600139755980253	0.07405771906697466	210.0,250.0,295.0,333.0	20.0,223.0,22.0,307.0793642936672
000020	223	355	TP	0.4350011423349326	61.56679129245996	1.9484167691840164	0.10612106301183696	345.0,254.0,438.0,326.0	20.0,223.0,22.0,284.56679129246
000020	223	356	TP	0.26448294531672983	35.408432918567925	2.490516854798623	0.2675383742370301	292.0,173.0,349.0,258.0	20.0,223.0,22.0,258.40843291856794
000020	230	357	TP	0.9943890274314214	119.1888733656993	2.5894500536547054	0.03772141096388235	431.0,273.0,515.0,364.0	20.0,230.0,22.0,349.1888733656993
000020	230	358	TP	0.9890577507598785	94.06502926482466	2.5568800238955385	0.07516494548466515	383.0,288.0,449.0,387.0	20.0,230.0,22.0,324.06502926482466
000020	230	359	TP	0.6497912317327766	90.28251075649592	0.797889729536775	0.1589680286444866	228.0,208.0,287.0,293.0	20.0,230.0,22.0,320.2825107564959
000020	230	360	TP	0.5346350534635054	64.14437849635604	0.9778549607424091	0.11555805604917577	316.0,271.0,406.0,332.0	20.0,230.0,22.0,294.144378496356
000020	230	361	TP	0.10104914411927111	61.581662003265535	1.5725082119829095	0.35428245918198903	340.0,169.0,398.0,253.0	20.0,230.0,22.0,291.58166200326554
000020	234	362	TP	0.9936	146.40849039901713	2.5662889517743164	0.04706636407588479	397.0,296.0,475.0,394.0	20.0,234.0,22.0,380.4084903990171
000020	234	363	TP	0.9934131736526947	126.94616027991347	2.846754094085991	0.17060107952396952	335.0,295.0,402.0,394.0	20.0,234.0,22.0,360.94616027991344
000020	234	364	TP	0.6226364127498649	57.12370147692336	2.2340272988955827	0.026841268504063688	249.0,188.0,310.0,271.0	20.0,234.0,22.0,291.1237014769234
000020	234	365	TP	0.5312711673063897	51.99200558407157	2.230910533619998	0.22746233238191393	301.0,271.0,394.0,336.0	20.0,234.0,22.0,285.9920055840716
000020	234	366	TP	0.15681943677526228	46.83976181363782	2.0824925147690596	0.13077191495900867	368.0,175.0,425.0,258.0	20.0,234.0,22.0,280.83976181363784
000020	240	367	TP	0.9938382031405287	93.96332738958273	0.7364170102495056	0.36013912432798884	324.0,315.0,395.0,414.0	20.0,240.0,22.0,333.96332738958273
000020	240	368	TP	0.9578883739673585	91.97467817989568	0.5072103645952983	0.04680012679321937	263.0,287.0,333.0,386.0	20.0,240.0,22.0,331.9746781798957
000020	240	369	TP	0.42002743484224964	76.39688610545608	0.8986627255780572	0.3108491888168373	281.0,171.0,360.0,244.0	20.0,240.0,22.0,316.3968861054561
000020	240	370	TP	0.6659393939393939	66.01116045569552	0.9563991688045712	0.1808388916085529	291.0,262.0,371.0,335.0	20.0,240.0,22.0,306.0111604556955
000020	240	371	TP	0.33171521035598706	57.4860618974876	1.5453116606900539	0.43655557128201083	399.0,194.0,458.0,278.0	20.0,240.0,22.0,297.4860618974876
000020	260	372	TP	0.9968461911693353	118.0621826357302	0.2381237219614711	0.08591617472334667	185.0,200.0,263.0,281.0	20.0,260.0,22.0,378.0621826357302
000020	260	373	TP	0.6401869158878505	111.17834885125946	2.369315186237565	0.05814806457323124	230.0,185.0,291.0,252.0	20.0,260.0,22.0,371.17834885125944
000020	260	374	TP	0.5713549716640907	103.60804160650713	1.6257206205488792	0.08548463148569298	423.0,227.0,505.0,294.0	20.0,260.0,22.0,363.60804160650713
000020	260	375	TP	0.2263719512195122	48.493638781290606	1.9731963634795422	0.10307349907546082	289.0,218.0,377.0,279.0	20.0,260.0,22.0,308.4936387812906
000020	260	376	TP	0.4746459570580174	33.721333430409295	2.4472239384613768	0.1900128989191101	364.0,274.0,426.0,364.0	20.0,260.0,22.0,293.7213334304093
000020	269	377	TP	0.9642098877767667	108.46510898172741	0.9371954659548674	0.1597877532173381	251.0,152.0,318.0,216.0	20.0,269.0,22.0,377.46510898172744
000020	269	378	TP	0.670353193007492	105.42001636520985	1.8203724991299264	0.11723433037732624	312.0,159.0,367.0,220.0	20.0,269.0,22.0,374.42001636520985
000020	269	379	TP	0.6432404804497828	102.17129594784537	1.712666652653445	0.17357314795626683	423.0,274.0,485.0,353.0	20.0,269.0,22.0,371.17129594784535
000020	269	380	TP	0.04001046025104602	82.41007171772671	2.7936182622219934	0.21788717098637053	323.0,207.0,411.0,269.0	20.0,269.0,22.0,351.41007171772674
000020	269	381	TP	0.6252216312056738	70.57362839645533	1.1785097643828106	0.18939371314606512	294.0,273.0,358.0,366.0	20.0,269.0,22.0,339.5736283964553
000020	277	382	TP	0.8848791050162397	134.03780020908764	1.587403029615375	0.13513958247852323	340.0,142.0,399.0,201.0	20.0,277.0,22.0,411.03780020908766
000020	277	383	TP	0.5331421287444232	110.4055303412712	1.8542935236640443	0.13643991968350858	391.0,166.0,451.0,233.0	20.0,277.0,22.0,387.4055303412712
000020	277	384	TP	0.8863054607508533	93.34793611535378	0.5528185015737799	0.09407625603392045	350.0,312.0,440.0,386.0	20.0,277.0,22.0,370.3479361153538
000020	277	385	TP	0.10285569876168815	81.47545652537636	1.6774255547680887	0.10178237680184408	353.0,208.0,428.0,289.0	20.0,277.0,22.0,358.47545652537633
000020	277	386	TP	0.4507332722273144	76.90372136848872	0.7300630888904182	0.1057841497920012	251.0,245.0,313.0,337.0	20.0,277.0,22.0,353.90372136848873
000020	288	387	TP	0.6537037037037037	128.17769862636348	1.7595781495883254	0.1992289965517219	438.0,185.0,501.0,252.0	20.0,288.0,22.0,416.1776986263635
000020	288	388	TP	0.7263464337700145	125.74035820921084	2.739680807020893	0.23150728186681135	449.0,212.0,519.0,299.0	20.0,288.0,22.0,413.74035820921085
000020	288	389	TP	0.9838813668600903	80.43542762961901	1.5512738895611595	0.16447738357291858	246.0,281.0,343.0,350.0	20.0,288.0,22.0,368.435427629619
000020	288	390	TP	0.23695198329853862	76.78630317007467	1.8764914886803339	0.14022853677483563	377.0,237.0,443.0,313.0	20.0,288.0,22.0,364.7863031700747
000020	288	391	TP	0.36608276212236607	74.46607975276714	0.6948421864489958	0.19210325328497968	256.0,197.0,314.0,286.0	20.0,288.0,22.0,362.46607975276714
000020	298	392	TP	0.9459941977237224	144.46683636254787	2.467211910670287	0.045519952276732015	455.0,237.0,536.0,322.0	20.0,298.0,22.0,442.46683636254784
000020	298	393	TP	0.9933218440327445	124.47281426936411	2.9028528239441584	0.12099996914494261	421.0,256.0,490.0,353.0	20.0,298.0,22.0,422.4728142693641
000020	298	394	TP	0.7417959806664971	106.06356919986018	2.355682118346732	0.15274082764980695	213.0,232.0,283.0,311.0	20.0,298.0,22.0,404.0635691998602
000020	298	395	TP	0.33241124942369754	95.76456266312377	2.257075325495447	0.19813995263054754	333.0,257.0,426.0,322.0	20.0,298.0,22.0,393.7645626631238
000020	298	396	TP	0.1457990115321252	52.11530893994655	2.2827480560730105	0.1830378311321002	313.0,179.0,369.0,265.0	20.0,298.0,22.0,350.11530893994654
000020	305	397	TP	0.9849577580877807	161.49647386664753	2.4992201889876045	0.06391009802102256	407.0,272.0,488.0,370.0	20.0,305.0,22.0,466.49647386664753
000020	305	398	TP	0.9997933457325894	152.13248835483512	0.06310383001400945	0.01396698499885094	349.0,274.0,414.0,369.0	20.0,305.0,22.0,457.1324883548351
000020	305	399	TP	0.44653349001175086	134.28100111216628	1.0597793749962714	0.1515631267976234	244.0,204.0,303.0,280.0	20.0,305.0,22.0,439.2810011121663
000020	305	400	TP	0.305265546981389	118.22072268682219	1.4872987508568107	0.07662895959673513	304.0,265.0,397.0,327.0	20.0,305.0,22.0,423.22072268682217
000020	305	401	TP	0.19763930826242107	64.64882246527748	0.5464466310528604	0.09096360194099061	360.0,182.0,417.0,268.0	20.0,305.0,22.0,369.6488224652775
000020	310	402	TP	0.9873392282958199	125.97563182258281	2.617451360095216	0.04141784815024386	350.0,287.0,423.0,388.0	20.0,310.0,22.0,435.97563182258284
000020	310	403	TP	0.9791967044284243	111.1110876653242	0.08422031449309889	0.005815572589845279	286.0,271.0,356.0,370.0	20.0,310.0,22.0,421.1110876653242
000020	310	404	TP	0.28679464805119254	109.62990475742049	0.6234439929280089	0.17787687086703494	271.0,191.0,342.0,261.0	20.0,310.0,22.0,419.6299047574205
000020	310	405	TP	0.3158147348212143	109.14979036235128	1.55595677692365	0.10761948612297031	293.0,261.0,379.0,327.0	20.0,310.0,22.0,419.14979036235127
000020	310	406	TP	0.15208613728129206	54.258531720771124	2.3561403779599157	0.21737495815403696	390.0,192.0,447.0,278.0	20.0,310.0,22.0,364.25853172077115
000020	314	407	TP	0.9907297830374754	142.13819608293394	0.0614756056051429	0.06342525405076661	301.0,288.0,369.0,387.0	20.0,314.0,22.0,456.138196082934
000020	314	408	TP	0.9172557172557173	106.284523958727	0.21288878947932166	0.019811410861407114	241.0,261.0,315.0,359.0	20.0,314.0,22.0,420.284523958727
000020	314	409	TP	0.04252873563218391	89.10350525879886	0.9689828734065865	0.1307448454089537	296.0,186.0,377.0,250.0	20.0,314.0,22.0,403.10350525879886
000020	314	410	TP	0.41127292340884575	77.97185242289679	1.1138313374682844	0.03932670930491728	292.0,255.0,363.0,322.0	20.0,314.0,22.0,391.9718524228968
000020	314	411	TP	0.3147089397089397	64.60402939883006	0.43643605594196255	0.1868710244081665	407.0,203.0,465.0,290.0	20.0,314.0,22.0,378.60402939883005
000020	327	412	TP	0.9863929889298892	141.9627831602107	0.2588874556288635	0.0037558314060817796	185.0,229.0,264.0,321.0	20.0,327.0,22.0,468.96278316021073
000020	327	413	TP	0.38214101904271747	141.6847171873173	2.480689126236982	0.058112794576073004	203.0,208.0,272.0,288.0	20.0,327.0,22.0,468.6847171873173
000020	327	414	TP	0.40538336052202284	120.25600477691222	1.2335508362868903	0.17559079972032676	394.0,212.0,478.0,269.0	20.0,327.0,22.0,447.2560047769122
000020	327	415	TP	0.1835236541598695	80.72889639803157	2.099663990661941	0.15897148443628456	277.0,231.0,355.0,295.0	20.0,327.0,22.0,407.72889639803157
000020	327	416	TP	0.20963364993215738	66.53892358349113	2.8509732976927085	0.1193063599793012	396.0,246.0,456.0,340.0	20.0,327.0,22.0,393.5389235834911
000020	339	417	TP	0.9265294453973699	120.46544719422674	0.737279026080067	0.12481199422136402	233.0,171.0,304.0,242.0	20.0,339.0,22.0,459.4654471942267
000020	339	418	TP	0.4540522210918956	101.05458028703221	1.9761145510487987	0.10386778155770404	294.0,173.0,349.0,242.0	20.0,339.0,22.0,440.0545802870322
000020	339	419	TP	0.4885236610937943	61.800448217574086	0.607358340688357	0.11155819859630821	432.0,263.0,497.0,331.0	20.0,339.0,22.0,400.80044821757406
000020	339	420	TP	0.010101010101010102	46.74798055384116	0.9727544957065334	0.42412037808191405	318.0,216.0,403.0,276.0	20.0,339.0,22.0,385.74798055384116
000020	339	421	TP	0.534588533953882	43.69469378197509	0.8344009459357321	0.13370303162378297	310.0,258.0,374.0,355.0	20.0,339.0,22.0,382.6946937819751
000020	346	422	TP	0.7405498281786942	127.56968350343254	1.7234126920535313	0.11042362381846105	308.0,160.0,368.0,221.0	20.0,346.0,22.0,473.56968350343254
000020	346	423	TP	0.07322654462242563	108.36659851006145	1.3994522423857316	0.06677996360495124	362.0,172.0,419.0,243.0	20.0,346.0,22.0,454.36659851006146
000020	346	424	TP	0.7709591688813723	86.16265467021472	1.440279381761187	0.15033670730946144	380.0,290.0,456.0,361.0	20.0,346.0,22.0,432.1626546702147
000020	346	425	TP	0.04149377593360996	84.30314967576835	2.2089941220215925	0.2400925208782985	340.0,214.0,424.0,282.0	20.0,346.0,22.0,430.30314967576834
000020	346	426	TP	0.41828921461387003	83.31871793814425	1.3869423159333725	0.16506568956034795	263.0,244.0,326.0,339.0	20.0,346.0,22.0,429.31871793814423
000020	358	427	TP	0.6593987446316485	121.31633557738118	1.167088182284302	0.17130686529776804	426.0,177.0,485.0,242.0	20.0,358.0,22.0,479.3163355773812
000020	358	428	TP	0.6180765357502518	90.97312492762767	1.189261260847986	0.09861189151398295	444.0,204.0,514.0,288.0	20.0,358.0,22.0,448.9731249276277
000020	358	429	TP	0.9883268482490273	88.50778418884649	1.3734155805953732	0.2239862755680951	266.0,289.0,361.0,356.0	20.0,358.0,22.0,446.5077841888465
000020	358	430	TP	0.1308843537414966	71.48887767824391	0.9135131618502487	0.09277522076292148	377.0,232.0,439.0,310.0	20.0,358.0,22.0,429.4888776782439
000020	358	431	TP	0.3550706669972725	65.92377862258648	0.8262643757480249	0.06652339230444149	250.0,204.0,308.0,293.0	20.0,358.0,22.0,423.9237786225865
000020	372	432	TP	0.9213164777680907	150.10804502859858	2.62896853692466	0.049067001657729745	442.0,237.0,526.0,329.0	20.0,372.0,22.0,522.1080450285986
000020	372	433	TP	0.9686183656276327	113.94092988092794	2.6090675766388713	0.12638361675236795	398.0,245.0,466.0,341.0	20.0,372.0,22.0,485.9409298809279
000020	372	434	TP	0.5106124924196482	82.74681524125644	0.8822467110982325	0.19857931517588792	224.0,226.0,285.0,296.0	20.0,372.0,22.0,454.74681524125646
000020	372	435	TP	0.2184431137724551	70.81019551829402	1.5828860732356884	0.1433391965327507	323.0,254.0,413.0,317.0	20.0,372.0,22.0,442.810195518294
000020	372	436	TP	0.013246899661781286	69.55243572923264	0.4534063450096436	0.10824560290374269	330.0,191.0,386.0,276.0	20.0,372.0,22.0,441.5524357292326
000020	378	437	TP	0.9695296523517383	136.2411933598322	2.562413504903103	0.06614753237321767	393.0,253.0,471.0,354.0	20.0,378.0,22.0,514.2411933598322
000020	378	438	TP	0.9638748738647831	131.2827032929495	2.576672059353511	0.08852282892759612	330.0,250.0,398.0,348.0	20.0,378.0,22.0,509.28270329294946
000020	378	439	TP	0.4244393890152746	124.79923582238364	1.2004293028249788	0.15424211265379703	254.0,213.0,315.0,278.0	20.0,378.0,22.0,502.79923582238365
000020	378	440	TP	0.13735381793166704	100.26608821166211	1.6977056387771041	0.13831756977034065	300.0,257.0,393.0,318.0	20.0,378.0,22.0,478.2660882116621
000020	378	441	TP	0.05708716235032024	55.24120490786753	0.317628464414526	0.07237753439759481	370.0,195.0,426.0,280.0	20.0,378.0,22.0,433.24120490786754
000020	398	442	TP	0.9807058823529412	82.60330165070025	2.8438239137059083	0.053762548459039904	187.0,223.0,266.0,316.0	20.0,398.0,22.0,480.60330165070025
000020	398	443	TP	0.23191328459793295	54.989198100060776	0.8239966652985368	0.03554820078867944	202.0,209.0,272.0,294.0	20.0,398.0,22.0,452.9891981000608
000020	398	444	TP	0.0484097945398255	54.85618775440357	2.2838043326393858	0.1460315677864182	390.0,223.0,473.0,278.0	20.0,398.0,22.0,452.85618775440355
000020	398	445	TP	0.034195402298850576	44.669969053311306	1.7780571703509536	0.17009929038967259	277.0,235.0,353.0,296.0	20.0,398.0,22.0,442.6699690533113
000020	398	446	TP	0.11101123595505619	41.782464419399616	2.5732361543068416	0.1881724371535585	398.0,234.0,458.0,328.0	20.0,398.0,22.0,439.7824644193996
000020	407	447	TP	0.9101425881086898	104.34140137449091	0.1383253464895804	0.11620568897202788	205.0,194.0,281.0,272.0	20.0,407.0,22.0,511.34140137449094
000020	407	448	TP	0.35831526788479406	100.9161467707412	2.199121698824704	0.17633553077671854	261.0,191.0,318.0,267.0	20.0,407.0,22.0,507.9161467707412
000020	407	449	TP	0.09718144450968878	81.0742852082249	1.2000594503396622	0.2082475488759719	436.0,247.0,506.0,309.0	20.0,407.0,22.0,488.07428520822486
000020	407	450	TP	0.02010869565217391	68.30026902547922	2.5073414748937135	0.073830000039023	306.0,227.0,390.0,284.0	20.0,407.0,22.0,475.3002690254792
000020	407	451	TP	0.3846317581949766	50.01188439766184	1.8206781238474314	0.11762674477494431	338.0,243.0,402.0,339.0	20.0,407.0,22.0,457.01188439766185
000020	413	452	TP	0.8318042813455657	146.1610997885018	1.6875434911813385	0.1521821573863224	260.0,182.0,324.0,252.0	20.0,413.0,22.0,559.1610997885018
000020	413	453	TP	0.06225554106910039	90.97513843543763	1.1893893942741744	0.09526450816440839	319.0,185.0,372.0,259.0	20.0,413.0,22.0,503.97513843543766
000020	413	454	TP	0.44778761061946903	75.6633655327074	1.954481634354303	0.2951114936139422	420.0,264.0,483.0,330.0	20.0,413.0,22.0,488.6633655327074
000020	413	455	TP	0.011761561079925154	64.26271164204742	2.6732829937715104	0.14108436526709434	326.0,223.0,412.0,283.0	20.0,413.0,22.0,477.2627116420474
000020	413	456	TP	0.39260525753366105	40.54142411618675	0.16523053560093554	0.11637357213511834	292.0,239.0,355.0,335.0	20.0,413.0,22.0,453.54142411618676
000020	431	457	TP	0.47856491334752205	116.46496241157053	0.8854436688976196	0.12775044110421163	434.0,193.0,495.0,265.0	20.0,431.0,22.0,547.4649624115705
000020	431	458	TP	0.5867066466766616	88.26567024314144	1.1445629576252252	0.08659511891373947	447.0,211.0,517.0,299.0	20.0,431.0,22.0,519.2656702431415
000020	431	459	TP	0.9652881937004499	87.9130046858255	1.456055696275282	0.18157203698824628	251.0,267.0,347.0,334.0	20.0,431.0,22.0,518.9130046858255
000020	431	460	TP	0.06343713956170703	71.78492058218643	1.4323456581578295	0.024457247143368763	376.0,237.0,441.0,305.0	20.0,431.0,22.0,502.78492058218643
000020	431	461	TP	0.5479204339963833	70.42410843757894	1.4344638232148235	0.08053244726296008	254.0,203.0,312.0,290.0	20.0,431.0,22.0,501.4241084375789
000020	442	462	TP	0.7526706920575941	136.82698653325187	2.6844875583889705	0.07339278289417887	451.0,221.0,533.0,311.0	20.0,442.0,22.0,578.8269865332519
000020	442	463	TP	0.8587834963845172	105.32708500806886	0.8679584806885429	0.4426060443887363	417.0,225.0,485.0,321.0	20.0,442.0,22.0,547.3270850080688
000020	442	464	TP	0.59206106870229	94.49609858253473	2.103721292895069	0.16703459784229133	217.0,235.0,283.0,298.0	20.0,442.0,22.0,536.4960985825347
000020	442	465	TP	0.06575857209957726	81.87579409823059	2.1363869667168296	0.11691212456473998	331.0,246.0,423.0,308.0	20.0,442.0,22.0,523.8757940982306
000020	442	466	TP	0.0005880623346074683	52.931833254891906	2.4321336297134244	0.16090949305321042	316.0,206.0,372.0,287.0	20.0,442.0,22.0,494.9318332548919
000020	450	467	TP	0.8898678414096917	131.7325071272369	2.5567067737216456	0.13641872747673478	392.0,230.0,471.0,329.0	20.0,450.0,22.0,581.7325071272369
000020	450	468	TP	0.8644710578842315	112.52858153107438	2.2455575000520813	0.05317448637850641	330.0,228.0,397.0,327.0	20.0,450.0,22.0,562.5285815310743
000020	450	469	TP	0.05640842556229918	107.34506948629786	1.3743174575265713	0.16923464087959714	255.0,228.0,315.0,286.0	20.0,450.0,22.0,557.3450694862979
000020	450	470	TP	0.01189365671641791	100.04041599546285	1.129562686835438	0.05165780877117133	300.0,248.0,392.0,309.0	20.0,450.0,22.0,550.0404159954628
000020	450	471	TP	0.179732868757259	79.81393065450793	1.8836044968015022	0.21013011806220874	369.0,209.0,424.0,291.0	20.0,450.0,22.0,529.8139306545079
000020	463	472	TP	0.9765497553017944	115.40819497840948	0.5006386709345513	0.11346214743401513	239.0,225.0,308.0,322.0	20.0,463.0,22.0,578.4081949784095
000020	463	473	TP	0.38265185535334434	100.54402128465125	2.7628948532990996	0.06259671791832835	206.0,217.0,283.0,310.0	20.0,463.0,22.0,563.5440212846513
000020	463	474	TP	0.03782945736434108	97.45033311147421	0.9948336604903949	0.0871631611526743	339.0,227.0,418.0,282.0	20.0,463.0,22.0,560.4503331114743
000020	463	475	TP	0.08409250175192712	56.27152504842973	1.6060465259682428	0.12995629918921298	284.0,243.0,343.0,302.0	20.0,463.0,22.0,519.2715250484297
000020	463	476	TP	0.2706061374587877	40.00838388214661	3.0262340832812007	0.26015130445571766	414.0,218.0,472.0,306.0	20.0,463.0,22.0,503.00838388214663
000020	474	477	TP	0.9100052938062467	55.58511259666039	0.06877887423409827	0.16793572036662588	185.0,210.0,264.0,294.0	20.0,474.0,22.0,529.5851125966603
000020	474	478	TP	0.20915945266685285	51.16861647424668	2.6434493535526817	0.22030195909362818	224.0,206.0,286.0,288.0	20.0,474.0,22.0,525.1686164742467
000020	474	479	TP	0.06013986013986014	41.095067628252075	2.380457400242116	0.17793171871457794	413.0,239.0,495.0,295.0	20.0,474.0,22.0,515.0950676282521
000020	474	480	TP	0.03596924766611752	34.875609993121444	1.3745317144148315	0.11747899301271256	287.0,236.0,370.0,292.0	20.0,474.0,22.0,508.87560999312143
000020	474	481	TP	0.10505050505050505	25.904140450586567	2.199363638920895	0.26448132846268674	376.0,226.0,437.0,319.0	20.0,474.0,22.0,499.90414045058657
000020	482	482	TP	0.7817969661610268	70.37817000672558	0.40476240720356105	0.10047690508075834	230.0,201.0,301.0,277.0	20.0,482.0,22.0,552.3781700067256
000020	482	483	TP	0.20465994962216624	55.386763012437925	0.9260107162318267	0.1789400827211622	290.0,202.0,343.0,279.0	20.0,482.0,22.0,537.3867630124379
000020	482	484	TP	0.07192211055276382	48.781149704056524	1.4619772209675412	0.16955234795802662	433.0,250.0,498.0,310.0	20.0,482.0,22.0,530.7811497040565
000020	482	485	TP	0.009085746734809767	42.37183602279814	2.221943542860903	0.13181444813810303	317.0,233.0,400.0,291.0	20.0,482.0,22.0,524.3718360227981
000020	482	486	TP	0.2898518682290515	39.36724852831316	2.529087841724833	0.2440496217414032	316.0,226.0,379.0,319.0	20.0,482.0,22.0,521.3672485283132
000020	491	487	TP	0.005361930294906166	114.03755478304073	2.065533283259399	0.13899209762380785	324.0,198.0,380.0,269.0	20.0,491.0,22.0,605.0375547830407
000020	491	488	TP	0.18660140715815235	94.38038331138364	0.627804993823532	0.22624442156926003	374.0,203.0,430.0,282.0	20.0,491.0,22.0,585.3803833113836
000020	491	489	TP	0.5131610722047815	86.65299486876803	1.238885668686551	0.12799480904700616	366.0,257.0,449.0,322.0	20.0,491.0,22.0,577.652994868768
000020	491	490	TP	0.06328751431844215	62.790746534063494	1.5202264455361605	0.11542234253155477	346.0,233.0,425.0,293.0	20.0,491.0,22.0,553.7907465340635
000020	491	491	TP	0.11322081575246132	49.735681979527534	1.0286372575135887	0.10794634097796107	258.0,220.0,319.0,309.0	20.0,491.0,22.0,540.7356819795275
