#  Index into NumPy file "pose_data_tless-7-epos.npz".
#  Created at  6:44PM EDT on Sep 11, 2023
#    DATASET:   tless
#    OBJECT:    7
#    ESTIMATOR: epos
#  The errors reported in this file have taken discrete and continuous object symmetries into account.
#  Bounding boxes are recorded in pixel coordinates as ((upper-left x, y), (lower-right x, y)) with the origin in the upper-left.
#
#  When a row is marked as a TP, it does not necessarily mean that the bounding boxes overlap.
#  For each ground-truth instance, the prediction best overlapping that instance belongs to that ground-truth.
#  All TPs are in the corresponding *.npz file.
#
#  When a row is marked as a FN, it means that there is a ground-truth but the predictor failed to make a prediction at all.
#  FNs are NOT recorded in the *.npz at all.
#
#  When a row is marked as a FP, it means the predictor hallucinated; there is no corresponding ground-truth instance.
#  FPs are NOT recorded in the *.npz at all.
#
#  Scene  <t>  Frame  <t>  Index  <t>  Error cat.  <t>  Visibility ratio  <t>  Score  <t>  R_err(degrees)  <t>  t_err(meters)  <t>  Gr.Tr.BBox  <t>  Pred.BBox
000002	3	0	TP	0.9500032528787977	0.0	3.0780547417791246	0.0020276645495146822	273.0,259.0,520.0,454.0	2.0,3.0,9.0,3.0
000002	13	1	TP	0.9444952331200209	0.0	1.5295511781797477	0.0011829847019611242	185.0,238.0,436.0,465.0	2.0,13.0,9.0,13.0
000002	24	2	TP	0.9496545591353718	0.0	4.2702689972015	0.005986698500196219	195.0,163.0,332.0,393.0	2.0,24.0,9.0,24.0
000002	36	3	TP	0.9677474344550134	0.0	1.1574819880311564	0.006956814709862597	182.0,86.0,422.0,308.0	2.0,36.0,9.0,36.0
000002	55	4	TP	0.9421018653800415	0.0	2.920617222356439	0.0053911020155784145	339.0,99.0,549.0,345.0	2.0,55.0,9.0,55.0
000002	65	5	TP	0.954117807472048	0.0	4.295509627208786	0.006702249848761494	356.0,174.0,549.0,424.0	2.0,65.0,9.0,65.0
000002	76	6	TP	0.9523291644009425	0.0	2.1009027665930318	0.00581596497417314	270.0,256.0,518.0,450.0	2.0,76.0,9.0,76.0
000002	92	7	TP	0.936655768024043	0.0	2.029948113453914	0.0015754607311885107	173.0,188.0,376.0,439.0	2.0,92.0,9.0,92.0
000002	106	8	TP	0.9642579904822978	0.0	1.958137754440933	0.004525331643539282	170.0,103.0,401.0,332.0	2.0,106.0,9.0,106.0
000002	117	9	TP	0.9643359594822735	0.0	2.010361196509349	0.008170961325530206	257.0,106.0,478.0,269.0	2.0,117.0,9.0,117.0
000002	122	10	TP	0.9455316819488162	0.0	3.026767601960797	0.0038299256790693243	291.0,94.0,526.0,309.0	2.0,122.0,9.0,122.0
000002	130	11	TP	0.9412991452991453	0.0	2.540559338181806	0.005481539238424916	363.0,127.0,545.0,362.0	2.0,130.0,9.0,130.0
000002	142	12	TP	0.9303761931499158	0.0	2.9163073785299236	0.007396943190979143	314.0,206.0,554.0,454.0	2.0,142.0,9.0,142.0
000002	145	13	TP	0.961544111166603	0.0	1.3523535828091928	0.0082179753327382	293.0,224.0,546.0,450.0	2.0,145.0,9.0,145.0
000002	153	14	TP	0.9629715950473415	0.0	0.7201984795404164	0.0085468560346113	229.0,263.0,469.0,435.0	2.0,153.0,9.0,153.0
000002	166	15	TP	0.981743653336089	0.0	2.1205220449563997	0.006898113903086042	181.0,183.0,359.0,417.0	2.0,166.0,9.0,166.0
000002	173	16	TP	0.9852683882706977	0.0	2.314061668969307	0.005174406621409235	169.0,143.0,356.0,367.0	2.0,173.0,9.0,173.0
000002	178	17	TP	0.9783719878994401	0.0	2.3006621466063644	0.0052059688729094505	171.0,120.0,397.0,336.0	2.0,178.0,9.0,178.0
000002	191	18	TP	0.9512844840169319	0.0	2.195790941589563	0.006664012290296235	268.0,116.0,492.0,287.0	2.0,191.0,9.0,191.0
000002	201	19	TP	0.975783776184451	0.0	2.0248431011898362	0.004575821533842556	349.0,130.0,547.0,352.0	2.0,201.0,9.0,201.0
000002	209	20	TP	0.9825648973266176	0.0	1.641142337269164	0.005825407567885368	364.0,176.0,539.0,408.0	2.0,209.0,9.0,209.0
000002	214	21	TP	0.9638824796185202	0.0	1.9776637518764164	0.009649479453695826	319.0,203.0,555.0,443.0	2.0,214.0,9.0,214.0
000002	235	22	TP	0.974694820191356	0.0	2.022260419762784	0.003228560715564116	175.0,200.0,386.0,423.0	2.0,235.0,9.0,235.0
000002	242	23	TP	0.9653949903660887	0.0	2.5450828894449016	0.005715963977741772	181.0,165.0,336.0,369.0	2.0,242.0,9.0,242.0
000002	248	24	TP	0.9709021084893468	0.0	1.5520188014671157	0.003984908642879659	169.0,144.0,385.0,342.0	2.0,248.0,9.0,248.0
000002	255	25	TP	0.937553298705326	0.0	3.2206159754870747	0.005413710587592788	214.0,139.0,436.0,298.0	2.0,255.0,9.0,255.0
000002	276	26	TP	0.9697853476434904	0.0	2.0487805566873005	0.004235597538037871	380.0,160.0,537.0,362.0	2.0,276.0,9.0,276.0
000002	286	27	TP	0.9678217821782178	0.0	1.5688979247411088	0.0035943519139736207	313.0,209.0,553.0,430.0	2.0,286.0,9.0,286.0
000002	295	28	TP	0.9609536973047685	0.0	0.594981168970344	0.00815030102333406	256.0,251.0,492.0,393.0	2.0,295.0,9.0,295.0
000002	306	29	TP	0.9675799548411014	0.0	1.1959667877748152	0.004377870438384209	175.0,210.0,401.0,406.0	2.0,306.0,9.0,306.0
000002	316	30	TP	0.9776399611863478	0.0	1.6213384136375821	0.00471901164325636	174.0,173.0,348.0,353.0	2.0,316.0,9.0,316.0
000002	327	31	TP	0.8387412290027642	0.0	3.5605688903312154	0.005546286518967586	212.0,162.0,431.0,303.0	2.0,327.0,9.0,327.0
000002	338	32	TP	0.8662113466856616	0.0	1.5404868441232888	0.005479803302694423	291.0,157.0,513.0,311.0	2.0,338.0,9.0,338.0
000002	348	33	TP	0.968207343412527	0.0	0.7007750959220219	0.005660181876279078	375.0,172.0,539.0,350.0	2.0,348.0,9.0,348.0
000002	358	34	TP	0.9600401606425703	0.0	1.5346111207922501	0.0041768349424048945	317.0,212.0,551.0,406.0	2.0,358.0,9.0,358.0
000002	374	35	TP	0.9801603618421053	0.0	0.7267941507919478	0.005122305596260297	183.0,222.0,433.0,383.0	2.0,374.0,9.0,374.0
000002	387	36	TP	0.9815691158156912	0.0	1.9998579554872533	0.004633445172306904	178.0,189.0,344.0,339.0	2.0,387.0,9.0,387.0
000002	399	37	TP	0.7087174588010509	0.0	2.9885050354848977	0.006844976428405759	219.0,183.0,432.0,301.0	2.0,399.0,9.0,399.0
000002	416	38	TP	0.9480032290232204	0.0	1.1186734466979005	0.00577980361893395	344.0,184.0,542.0,330.0	2.0,416.0,9.0,416.0
000002	423	39	TP	0.987602215774202	0.0	0.7850639191696998	0.005228544807470444	378.0,197.0,520.0,353.0	2.0,423.0,9.0,423.0
000002	434	40	TP	0.9552060904337127	0.0	0.5901651534242148	0.014081722754834086	283.0,224.0,535.0,344.0	2.0,434.0,9.0,434.0
000002	439	41	TP	0.9198755807543901	0.0	1.9633899230184215	0.0066195041851000915	250.0,226.0,485.0,340.0	2.0,439.0,9.0,439.0
000002	446	42	TP	0.9677230276269001	0.0	1.1846039356162115	0.0058865755614224205	184.0,220.0,433.0,347.0	2.0,446.0,9.0,446.0
000002	455	43	TP	0.9674514344525923	0.0	1.8558080657936065	0.0074769455572146265	202.0,209.0,346.0,328.0	2.0,455.0,9.0,455.0
000002	459	44	TP	0.9781764379508046	0.0	2.11829842369493	0.007317020874800385	180.0,207.0,344.0,322.0	2.0,459.0,9.0,459.0
000002	463	45	TP	0.8850919810033299	0.0	3.0519344943045534	0.02515234751876032	174.0,205.0,375.0,316.0	2.0,463.0,9.0,463.0
000002	470	46	TP	0.5599527466036621	0.0	3.433180321206668	0.0663561890185534	212.0,205.0,425.0,302.0	2.0,470.0,9.0,470.0
000002	478	47	TP	0.5084726867335563	0.0	3.3076031921371776	0.07002570853813969	270.0,204.0,476.0,303.0	2.0,478.0,9.0,478.0
000002	489	48	TP	0.9207926479035037	0.0	1.4837999628829546	0.01222023163967758	353.0,207.0,541.0,320.0	2.0,489.0,9.0,489.0
000002	494	49	TP	0.9678684464015412	0.0	1.1806928323425654	0.010362789817192753	386.0,211.0,522.0,330.0	2.0,494.0,9.0,494.0
000006	2	50	TP	0.6103302060031385	0.0	2.8199519804399493	0.015428052302590041	255.0,115.0,491.0,292.0	6.0,2.0,13.0,2.0
000006	11	51	TP	0.6180791706560137	0.0	5.357851372060766	0.016140781594146992	291.0,116.0,541.0,342.0	6.0,11.0,13.0,11.0
000006	23	52	TP	0.5880733009213613	0.0	28.54161114428344	0.03710765462061339	350.0,178.0,488.0,409.0	6.0,23.0,13.0,23.0
000006	32	53	TP	0.5362581815825287	0.0	13.601228159900336	0.030151201346416134	255.0,203.0,506.0,448.0	6.0,32.0,13.0,32.0
000006	39	54	TP	0.5720955517891977	0.0	87.1299424339811	0.4611151785521313	224.0,245.0,458.0,409.0	6.0,39.0,13.0,39.0
000006	45	55	TP	0.5655502083266044	0.0	45.52045618880399	0.04269902922341868	181.0,204.0,435.0,414.0	6.0,45.0,13.0,45.0
000006	58	56	TP	0.545341011586762	0.0	117.2937161388816	0.23579906307533915	232.0,130.0,364.0,357.0	6.0,58.0,13.0,58.0
000006	65	57	TP	0.5510272368332999	0.0	97.30823033291415	0.43213701751507627	208.0,88.0,432.0,336.0	6.0,65.0,13.0,65.0
000006	72	58	TP	0.6371093104018521	0.0	2.324051734820592	0.004808456972359999	238.0,106.0,480.0,308.0	6.0,72.0,13.0,72.0
000006	80	59	TP	0.6546991546494282	0.0	4.612279173126628	0.009308433073734048	281.0,126.0,518.0,310.0	6.0,80.0,13.0,80.0
000006	87	60	TP	0.6577677709874558	0.0	4.683712417364469	0.0041140639412397435	308.0,127.0,544.0,369.0	6.0,87.0,13.0,87.0
000006	96	61	TP	0.5981866956433156	0.0	3.7084095576785647	0.00389499420476671	343.0,177.0,490.0,411.0	6.0,96.0,13.0,96.0
000006	105	62	TP	0.6073226961111449	0.0	5.683210903128493	0.016266930933782328	250.0,201.0,504.0,443.0	6.0,105.0,13.0,105.0
000006	119	63	TP	0.6143953345610804	0.0	91.31298567531226	0.5444931699549873	175.0,186.0,430.0,412.0	6.0,119.0,13.0,119.0
000006	128	64	TP	0.5416230549159166	0.0	90.31460282276868	0.24132774610614177	210.0,137.0,381.0,375.0	6.0,128.0,13.0,128.0
000006	134	65	TP	0.5390686391745533	0.0	2.117005185603547	0.0057149729741900685	213.0,110.0,395.0,346.0	6.0,134.0,13.0,134.0
000006	139	66	TP	0.6007412064458489	0.0	28.251389918423527	0.0352522405764104	212.0,94.0,445.0,331.0	6.0,139.0,13.0,139.0
000006	145	67	TP	0.6909159184788175	0.0	1.8351730784669817	0.004137386506966529	244.0,121.0,481.0,305.0	6.0,145.0,13.0,145.0
000006	156	68	TP	0.700198085176626	0.0	2.2054144480095736	0.0035523644138070803	293.0,132.0,537.0,340.0	6.0,156.0,13.0,156.0
000006	170	69	TP	0.6674103312167496	0.0	4.84899973491337	0.006096969984916563	326.0,181.0,496.0,413.0	6.0,170.0,13.0,170.0
000006	177	70	TP	0.6848921724045105	0.0	1.9235083077769062	0.010689983658245902	254.0,199.0,506.0,433.0	6.0,177.0,13.0,177.0
000006	194	71	TP	0.6573045939473111	0.0	7.219574392338715	0.043222631988071324	176.0,171.0,421.0,401.0	6.0,194.0,13.0,194.0
000006	206	72	TP	0.5764536453645365	0.0	4.599895144640427	0.024544031753055723	215.0,125.0,388.0,345.0	6.0,206.0,13.0,206.0
000006	214	73	TP	0.6707155701828792	0.0	4.246230292104577	0.006040556735975506	223.0,111.0,462.0,319.0	6.0,214.0,13.0,214.0
000006	231	74	TP	0.7893921129671087	0.0	3.1830354812180737	0.005457553433795443	311.0,151.0,542.0,356.0	6.0,231.0,13.0,231.0
000006	248	75	TP	0.7501232285890327	0.0	1.3465883505556477	0.0059087484416971295	258.0,198.0,505.0,415.0	6.0,248.0,13.0,248.0
000006	259	76	TP	0.7193141641375427	0.0	1.3563905373420126	0.009346377673807776	196.0,214.0,439.0,382.0	6.0,259.0,13.0,259.0
000006	273	77	TP	0.5330118545308419	0.0	2.0273655029337956	0.02824159746405366	226.0,155.0,375.0,358.0	6.0,273.0,13.0,273.0
000006	282	78	TP	0.6236224508475817	0.0	5.148715084963886	0.04123335035823062	213.0,129.0,432.0,328.0	6.0,282.0,13.0,282.0
000006	289	79	TP	0.7254768118851637	0.0	10.644053588724534	0.03725754127187027	249.0,158.0,478.0,302.0	6.0,289.0,13.0,289.0
000006	298	80	TP	0.7257742453310364	0.0	1.3767989526552693	0.005568159835908295	290.0,164.0,521.0,316.0	6.0,298.0,13.0,298.0
000006	315	81	TP	0.777176852352623	0.0	1.8843653800260451	0.012868634438950428	314.0,193.0,496.0,384.0	6.0,315.0,13.0,315.0
000006	321	82	TP	0.8129886341239078	0.0	0.4077130657113543	0.005287672010890483	256.0,203.0,504.0,390.0	6.0,321.0,13.0,321.0
000006	329	83	TP	0.7929648925664862	0.0	1.5989702654499731	0.004162941141253106	221.0,226.0,451.0,357.0	6.0,329.0,13.0,329.0
000006	354	84	TP	0.6010098953455226	0.0	2.9313577987804504	0.04629473326380137	214.0,151.0,425.0,322.0	6.0,354.0,13.0,354.0
000006	361	*	FN	0.6174199150025134	*	*	*	255.0,182.0,478.0,301.0	*
000006	367	85	TP	0.6050851411243293	0.0	8.139854812036928	0.2786691545280922	285.0,186.0,498.0,305.0	6.0,367.0,13.0,367.0
000006	374	86	TP	0.7730593412227111	0.0	4.357080079623359	0.04912856385684219	308.0,186.0,537.0,328.0	6.0,374.0,13.0,374.0
000006	388	87	TP	0.8533644820825164	0.0	1.1532110422343957	0.009255546353316602	298.0,204.0,500.0,363.0	6.0,388.0,13.0,388.0
000006	402	88	TP	0.8261529480443666	0.0	3.4699442370078666	0.0059197153129313795	208.0,217.0,438.0,341.0	6.0,402.0,13.0,402.0
000006	409	89	TP	0.8604143096789295	0.0	3.006586535176702	0.005550757799875965	183.0,198.0,422.0,346.0	6.0,409.0,13.0,409.0
000006	426	90	TP	0.613237825015117	0.0	83.63477597816093	0.692123204973853	217.0,176.0,428.0,314.0	6.0,426.0,13.0,426.0
000006	434	91	TP	0.4867960547247852	0.0	95.04414112671098	0.05488581880200798	265.0,207.0,479.0,301.0	6.0,434.0,13.0,434.0
000006	442	92	TP	0.5834550123357334	0.0	142.9668006618503	0.29295418853479943	293.0,206.0,517.0,311.0	6.0,442.0,13.0,442.0
000006	462	93	TP	0.9056146241372878	0.0	1.7548478635140732	0.009252131206794531	280.0,216.0,501.0,336.0	6.0,462.0,13.0,462.0
000006	469	94	TP	0.8836817262306136	0.0	2.390278393791393	0.01749295113802748	237.0,220.0,481.0,328.0	6.0,469.0,13.0,469.0
000006	475	95	TP	0.8574495115433478	0.0	2.391209904296476	0.008861522054944256	203.0,215.0,436.0,325.0	6.0,475.0,13.0,475.0
000006	485	96	TP	0.8831492885963049	0.0	2.0305589281857865	0.04167475584764164	203.0,208.0,401.0,325.0	6.0,485.0,13.0,485.0
000006	496	97	TP	0.6196765185012799	0.0	77.93126779716859	0.2704471777497479	219.0,203.0,409.0,312.0	6.0,496.0,13.0,496.0
000006	501	98	TP	0.5227463312368973	0.0	110.24149735816995	0.19238730224642814	230.0,203.0,451.0,306.0	6.0,501.0,13.0,501.0
000012	2	99	TP	0.9716529333051623	0.0	0.8608323547812353	0.010144774432967692	314.0,77.0,550.0,280.0	12.0,2.0,19.0,2.0
000012	7	100	TP	0.9597257332825432	0.0	0.19104944560832945	0.008963417333006266	355.0,96.0,582.0,336.0	12.0,7.0,19.0,7.0
000012	14	101	TP	0.9509215230293985	0.0	3.272284231611161	0.015212439585979105	407.0,167.0,559.0,397.0	12.0,14.0,19.0,14.0
000012	26	102	TP	0.9536761011555853	0.0	2.804924753208473	0.012174790739200896	282.0,262.0,531.0,494.0	12.0,26.0,19.0,26.0
000012	34	103	TP	0.9442111180925296	0.0	2.4197050195135685	0.004832756767045856	204.0,304.0,433.0,457.0	12.0,34.0,19.0,34.0
000012	43	104	TP	0.9476139465772833	0.0	2.8124119433493724	0.01245084900987827	135.0,201.0,366.0,447.0	12.0,43.0,19.0,43.0
000012	49	105	TP	0.9529432561428319	0.0	3.4694530198055236	0.019358953284210265	160.0,147.0,317.0,380.0	12.0,49.0,19.0,49.0
000012	60	106	TP	0.9350389555695936	0.0	2.727102601595422	0.017659102097054936	179.0,58.0,407.0,292.0	12.0,60.0,19.0,60.0
000012	66	107	TP	0.9632835503210472	0.0	0.8744525985435985	0.010658996909116926	239.0,66.0,467.0,246.0	12.0,66.0,19.0,66.0
000012	73	108	TP	0.9480752014324082	0.0	1.4474489244094864	0.011228391023567012	305.0,88.0,531.0,269.0	12.0,73.0,19.0,73.0
000012	83	109	TP	0.9287436742179805	0.0	1.4064492815024836	0.006626712942855084	382.0,132.0,582.0,372.0	12.0,83.0,19.0,83.0
000012	100	110	TP	0.9290758553512724	0.0	1.3761660994292435	0.009545940751732864	266.0,267.0,520.0,491.0	12.0,100.0,19.0,100.0
000012	108	111	TP	0.9492242595204513	0.0	0.6625233308397093	0.009414001479865357	181.0,278.0,425.0,462.0	12.0,108.0,19.0,108.0
000012	117	112	TP	0.9168518892705597	0.0	1.386212857430954	0.008716947083460928	138.0,185.0,353.0,433.0	12.0,117.0,19.0,117.0
000012	130	113	TP	0.9490018276395332	0.0	1.2300664520992737	0.01298578555542111	167.0,82.0,379.0,315.0	12.0,130.0,19.0,130.0
000012	137	114	TP	0.9501307634435567	0.0	2.65816687204831	0.013476790525980182	225.0,73.0,454.0,263.0	12.0,137.0,19.0,137.0
000012	142	115	TP	0.9460688758934372	0.0	1.0226878256196203	0.005094396934830198	284.0,97.0,493.0,238.0	12.0,142.0,19.0,142.0
000012	148	116	TP	0.9227058319039451	0.0	0.5362459640162066	0.008756620836435117	332.0,109.0,562.0,311.0	12.0,148.0,19.0,148.0
000012	171	117	TP	0.9371364070504472	0.0	1.1990305701419979	0.008954699270441685	270.0,256.0,525.0,481.0	12.0,171.0,19.0,171.0
000012	177	118	TP	0.9578091169758324	0.0	0.9264792722615284	0.004991100388341133	212.0,290.0,444.0,441.0	12.0,177.0,19.0,177.0
000012	190	119	TP	0.9620987179935027	0.0	2.070969680207011	0.013973840653988772	146.0,176.0,340.0,411.0	12.0,190.0,19.0,190.0
000012	199	120	TP	0.9646963741229198	0.0	1.118121349454481	0.014824033317289648	162.0,114.0,351.0,331.0	12.0,199.0,19.0,199.0
000012	207	121	TP	0.9302799170616114	0.0	1.064092343655092	0.009573220424680595	212.0,90.0,438.0,280.0	12.0,207.0,19.0,207.0
000012	215	122	TP	0.9126761630550083	0.0	1.9095782461473432	0.009512510135286	295.0,108.0,508.0,262.0	12.0,215.0,19.0,215.0
000012	221	123	TP	0.844431038383229	0.0	1.4218221928627883	0.005024712750177362	336.0,131.0,563.0,317.0	12.0,221.0,19.0,221.0
000012	228	124	TP	0.9670777361814579	0.0	0.5038791181524893	0.006132631621549755	389.0,161.0,578.0,370.0	12.0,228.0,19.0,228.0
000012	239	125	TP	0.9469584569732937	0.0	0.6049696796803713	0.006534815787372147	322.0,225.0,553.0,455.0	12.0,239.0,19.0,239.0
000012	249	126	TP	0.9583835061235279	0.0	0.8927512296273867	0.007842318953222375	220.0,276.0,455.0,430.0	12.0,249.0,19.0,249.0
000012	260	127	TP	0.9624660438613927	0.0	2.500440565560041	0.0025140874393046594	139.0,198.0,361.0,418.0	12.0,260.0,19.0,260.0
000012	284	128	TP	0.8558543649151841	0.0	1.3380906455834702	0.010258761107294592	270.0,126.0,475.0,262.0	12.0,284.0,19.0,284.0
000012	298	129	TP	0.9144881700628528	0.0	0.39643536863900897	0.004904592849845565	377.0,169.0,580.0,351.0	12.0,298.0,19.0,298.0
000012	307	130	TP	0.9505320353180892	0.0	0.9837452170262694	0.009757746507446588	367.0,208.0,550.0,409.0	12.0,307.0,19.0,307.0
000012	319	131	TP	0.954457035230185	0.0	1.1738259379191154	0.0030110899417850816	235.0,260.0,477.0,417.0	12.0,319.0,19.0,319.0
000012	336	132	TP	0.9643514864509339	0.0	2.059435746267096	0.003435434896289307	167.0,178.0,322.0,364.0	12.0,336.0,19.0,336.0
000012	343	133	TP	0.9298337937990615	0.0	0.9623510812980444	0.015264583368168341	166.0,151.0,351.0,324.0	12.0,343.0,19.0,343.0
000012	350	134	TP	0.8530100624566274	0.0	1.1021523827504722	0.010258967186863624	208.0,143.0,425.0,295.0	12.0,350.0,19.0,350.0
000012	357	135	TP	0.7227281089036056	0.0	0.6910095759940184	0.009693787280990773	286.0,153.0,484.0,269.0	12.0,357.0,19.0,357.0
000012	363	136	TP	0.4975369458128079	0.0	5.0378102378122485	0.0138002148832296	325.0,175.0,542.0,306.0	12.0,363.0,19.0,363.0
000012	368	137	TP	0.7481250564742026	0.0	1.3782736738161676	0.004401899677362587	362.0,182.0,575.0,330.0	12.0,368.0,19.0,368.0
000012	383	138	TP	0.9410921085654871	0.0	1.5029012451695358	0.0042707500835757195	316.0,225.0,549.0,396.0	12.0,383.0,19.0,383.0
000012	387	139	TP	0.9550661663045625	0.0	1.3413143151989677	0.0038167362918376064	270.0,238.0,526.0,397.0	12.0,387.0,19.0,387.0
000012	393	140	TP	0.9487881692455156	0.0	0.8670854843899206	0.002904151872709321	212.0,248.0,448.0,377.0	12.0,393.0,19.0,393.0
000012	399	141	TP	0.9544067679079121	0.0	1.3356642291133078	0.0028226198826271504	150.0,226.0,399.0,384.0	12.0,399.0,19.0,399.0
000012	409	142	TP	0.9655209919512726	0.0	0.7578457235943815	0.004712876563659456	179.0,188.0,315.0,340.0	12.0,409.0,19.0,409.0
000012	423	143	TP	0.6896939473941527	0.0	3.0845787684447634	0.019468278395456052	221.0,169.0,434.0,294.0	12.0,423.0,19.0,423.0
000012	438	144	TP	0.4129855193684981	0.0	12.369025344181598	0.009876235759698967	342.0,202.0,559.0,313.0	12.0,438.0,19.0,438.0
000012	455	145	TP	0.9468578296703297	0.0	1.9932300169560453	0.004145639153404295	323.0,222.0,548.0,354.0	12.0,455.0,19.0,455.0
000012	471	146	TP	0.9436160298229264	0.0	1.713839777525631	0.011144404874103161	154.0,221.0,403.0,348.0	12.0,471.0,19.0,471.0
000012	482	147	TP	0.891357851065326	0.0	1.169860571859574	0.005635911748545642	184.0,203.0,314.0,320.0	12.0,482.0,19.0,482.0
000012	490	148	TP	0.6096803862957002	0.0	19.48577144635004	0.09236289044410206	178.0,198.0,374.0,307.0	12.0,490.0,19.0,490.0
000017	3	149	TP	0.9535727239753355	0.0	5.582005731415327	0.0058057430683321224	142.0,164.0,287.0,398.0	17.0,3.0,24.0,3.0
000017	10	150	TP	0.9589013898080742	0.0	2.5079039464583874	0.0031028035518263436	121.0,78.0,341.0,326.0	17.0,10.0,24.0,10.0
000017	14	151	TP	0.9664312142616885	0.0	3.640812644222196	0.01352432004852309	145.0,51.0,384.0,282.0	17.0,14.0,24.0,14.0
000017	22	152	TP	0.9569369801115941	0.0	1.270648521656832	0.0092305124499498	250.0,64.0,463.0,203.0	17.0,22.0,24.0,22.0
000017	29	153	TP	0.9489768169148141	0.0	1.662483420883542	0.008814070139501178	321.0,46.0,559.0,270.0	17.0,29.0,24.0,29.0
000017	41	154	TP	0.9569546414563009	0.0	5.621058178152038	0.013534707777077808	431.0,158.0,575.0,391.0	17.0,41.0,24.0,41.0
000017	50	155	TP	0.9563492063492064	0.0	4.977984982941233	0.014791458526128884	334.0,252.0,584.0,496.0	17.0,50.0,24.0,50.0
000017	60	156	TP	0.9550502379693284	0.0	2.818242844651854	0.00445435745686371	213.0,320.0,457.0,495.0	17.0,60.0,24.0,60.0
000017	72	157	TP	0.9748597950106362	0.0	2.428430600115185	0.009886884881307657	125.0,194.0,322.0,448.0	17.0,72.0,24.0,72.0
000017	85	158	TP	0.9541299875206584	0.0	3.444247454968281	0.0048982918922882805	137.0,72.0,368.0,302.0	17.0,85.0,24.0,85.0
000017	92	159	TP	0.945562426278729	0.0	2.209282165196423	0.012874763325585915	219.0,66.0,439.0,234.0	17.0,92.0,24.0,92.0
000017	107	160	TP	0.9201302887388457	0.0	1.7349986010733003	0.008256740797074934	382.0,93.0,591.0,328.0	17.0,107.0,24.0,107.0
000017	121	161	TP	0.9383933719765712	0.0	3.148341111661768	0.008255367508625938	351.0,229.0,594.0,483.0	17.0,121.0,24.0,121.0
000017	128	162	TP	0.9501885067976694	0.0	2.791304940401734	0.007049347544001143	273.0,302.0,525.0,493.0	17.0,128.0,24.0,128.0
000017	136	163	TP	0.9401716738197425	0.0	2.3130923341159173	0.004325773667654725	159.0,273.0,420.0,504.0	17.0,136.0,24.0,136.0
000017	151	164	TP	0.9425948760104124	0.0	3.6839038263323425	0.011948349378452516	123.0,132.0,308.0,357.0	17.0,151.0,24.0,151.0
000017	159	165	TP	0.919929718875502	0.0	2.2203669368209193	0.015832811725709047	158.0,85.0,388.0,286.0	17.0,159.0,24.0,159.0
000017	168	166	TP	0.9120908845009467	0.0	1.897866201852369	0.013261504750910817	268.0,89.0,478.0,236.0	17.0,168.0,24.0,168.0
000017	184	167	TP	0.9579597814051506	0.0	1.4740946163372188	0.01290461640009818	430.0,149.0,583.0,366.0	17.0,184.0,24.0,184.0
000017	189	168	TP	0.9734172553483544	0.0	1.799634523522995	0.014386030516828173	397.0,192.0,591.0,433.0	17.0,189.0,24.0,189.0
000017	195	169	TP	0.9474365832371406	0.0	3.001469381548877	0.01193082390215621	327.0,243.0,584.0,482.0	17.0,195.0,24.0,195.0
000017	200	170	TP	0.9557020399305556	0.0	2.1101213156974317	0.007542134184761032	272.0,289.0,528.0,480.0	17.0,200.0,24.0,200.0
000017	215	171	TP	0.9704904666332163	0.0	0.7975922296511723	0.008357253887095007	125.0,201.0,335.0,450.0	17.0,215.0,24.0,215.0
000017	224	172	TP	0.9035294117647059	0.0	2.1699731103892224	0.013070749476505798	123.0,142.0,312.0,347.0	17.0,224.0,24.0,224.0
000017	231	173	TP	0.8378077351461382	0.0	3.5044429217571276	0.023159236779650295	158.0,112.0,383.0,293.0	17.0,231.0,24.0,231.0
000017	240	174	TP	0.8389198858554453	0.0	2.54410514308538	0.005949165394002707	265.0,116.0,467.0,246.0	17.0,240.0,24.0,240.0
000017	256	175	TP	0.9231245885132257	0.0	1.2913603322495217	0.007600167628368976	424.0,156.0,586.0,355.0	17.0,256.0,24.0,256.0
000017	268	176	TP	0.963179001093693	0.0	0.6751254750265977	0.006253715998699607	320.0,242.0,581.0,462.0	17.0,268.0,24.0,268.0
000017	278	177	TP	0.9622186495176849	0.0	0.9787399657917373	0.008280378990691496	188.0,268.0,450.0,464.0	17.0,278.0,24.0,278.0
000017	297	178	TP	0.822156838707041	0.0	3.6144214752061328	0.02696116366961863	127.0,151.0,330.0,327.0	17.0,297.0,24.0,297.0
000017	302	179	TP	0.7006880733944955	0.0	6.684404774993153	0.039606288772176375	160.0,140.0,380.0,296.0	17.0,302.0,24.0,302.0
000017	308	180	TP	0.7302005838591205	0.0	5.053028719694983	0.004554936836104243	233.0,141.0,436.0,263.0	17.0,308.0,24.0,308.0
000017	324	181	TP	0.8006081110016702	0.0	1.7593719777094554	0.01249345994182837	392.0,156.0,587.0,328.0	17.0,324.0,24.0,324.0
000017	332	182	TP	0.9570596797671034	0.0	0.6319335202948729	0.003853542929067761	407.0,195.0,581.0,388.0	17.0,332.0,24.0,332.0
000017	341	183	TP	0.9497198719414589	0.0	0.4627824677091364	0.006970304840589098	301.0,247.0,566.0,432.0	17.0,341.0,24.0,341.0
000017	358	184	TP	0.9645106468059582	0.0	1.5981352097901933	0.008922191728655533	129.0,206.0,344.0,411.0	17.0,358.0,24.0,358.0
000017	360	185	TP	0.9732757174022487	0.0	1.307236528316436	0.005426208795686057	138.0,199.0,321.0,367.0	17.0,360.0,24.0,360.0
000017	369	186	TP	0.7184008297581443	0.0	6.9015759902407	0.06007838574472358	130.0,172.0,327.0,318.0	17.0,369.0,24.0,369.0
000017	386	187	TP	0.7605193180040669	0.0	1.4513798278712022	0.0373615284564023	291.0,167.0,496.0,280.0	17.0,386.0,24.0,386.0
000017	397	188	TP	0.6787588067755959	0.0	1.7744889019077634	0.004995048860966313	398.0,179.0,585.0,322.0	17.0,397.0,24.0,397.0
000017	404	189	TP	0.9554910498306725	0.0	1.5380594133521914	0.0033340407249049173	410.0,202.0,575.0,360.0	17.0,404.0,24.0,404.0
000017	411	190	TP	0.942883616267911	0.0	0.3188412533939332	0.01046689752895339	326.0,228.0,582.0,391.0	17.0,411.0,24.0,411.0
000017	415	191	TP	0.9623473541383989	0.0	1.998433944986782	0.008442689554537829	283.0,240.0,547.0,390.0	17.0,415.0,24.0,415.0
000017	427	192	TP	0.9642670328233294	0.0	0.7045867224996079	0.007566118256974154	136.0,219.0,386.0,392.0	17.0,427.0,24.0,427.0
000017	437	193	TP	0.813598548820917	0.0	1.9774478939299518	0.04853694197131455	138.0,199.0,291.0,316.0	17.0,437.0,24.0,437.0
000017	446	194	TP	0.40288519554604796	0.0	156.05029011332013	0.8439976355394646	164.0,193.0,376.0,296.0	17.0,446.0,24.0,446.0
000017	453	195	TP	0.3864323157570151	0.0	2.217871359327232	0.01031668174929409	249.0,195.0,439.0,282.0	17.0,453.0,24.0,453.0
000017	462	196	TP	0.5263097754670628	0.0	8.26419783085012	0.09884755787733003	330.0,197.0,540.0,297.0	17.0,462.0,24.0,462.0
000017	468	197	TP	0.5420637722084951	0.0	5.331878420841237	0.07711418935303806	388.0,201.0,580.0,309.0	17.0,468.0,24.0,468.0
000017	485	198	TP	0.9604744499390812	0.0	0.8641580669018163	0.006730909318559419	304.0,224.0,567.0,348.0	17.0,485.0,24.0,485.0
000018	2	199	TP	0.9186586531894549	0.0	2.0671349332474653	0.0052151917152138535	294.0,113.0,482.0,359.0	18.0,2.0,25.0,2.0
000018	13	200	TP	0.9267036581719108	0.0	2.4766012786011697	0.005961166761117852	287.0,145.0,514.0,396.0	18.0,13.0,25.0,13.0
000018	19	201	TP	0.9380974055530269	0.0	3.5315870013257147	0.012918075146101387	271.0,184.0,519.0,394.0	18.0,19.0,25.0,19.0
000018	30	202	TP	0.9568137573004543	0.0	0.36074595066114973	0.009620873075025745	234.0,193.0,484.0,420.0	18.0,30.0,25.0,30.0
000018	35	203	TP	0.9483836813023194	0.0	2.6069815582525973	0.0012845282939253017	230.0,177.0,454.0,431.0	18.0,35.0,25.0,35.0
000018	43	204	TP	0.9548129608333897	0.0	2.7720372184846163	0.009210531163734987	241.0,165.0,395.0,400.0	18.0,43.0,25.0,43.0
000018	49	205	TP	0.9306350773280685	0.0	4.7963092126672615	0.013303233977576384	202.0,139.0,429.0,389.0	18.0,49.0,25.0,49.0
000018	55	206	TP	0.9301498435698996	0.0	2.132796166238703	0.010444370838411677	202.0,140.0,446.0,348.0	18.0,55.0,25.0,55.0
000018	67	207	TP	0.9007059291419481	0.0	4.177107342246604	0.005414733516734237	242.0,113.0,485.0,343.0	18.0,67.0,25.0,67.0
000018	86	208	TP	0.9222649667758243	0.0	2.5430846988639617	0.004032546858848989	281.0,155.0,518.0,397.0	18.0,86.0,25.0,86.0
000018	92	209	TP	0.9002614867388868	0.0	2.4860140034306375	0.015326005192203894	271.0,194.0,514.0,386.0	18.0,92.0,25.0,92.0
000018	106	210	TP	0.9362820714623012	0.0	2.988788715602662	0.006771541336301998	231.0,177.0,460.0,428.0	18.0,106.0,25.0,106.0
000018	112	211	TP	0.9604508335020584	0.0	2.8369908132635158	0.006862348818710412	254.0,169.0,403.0,405.0	18.0,112.0,25.0,112.0
000018	130	212	TP	0.8590253767369039	0.0	2.655616969138666	0.010543072215944436	225.0,156.0,448.0,316.0	18.0,130.0,25.0,130.0
000018	139	213	TP	0.8601489576218818	0.0	2.3778343527725005	0.010575895275843253	246.0,118.0,486.0,346.0	18.0,139.0,25.0,139.0
000018	151	214	TP	0.9097078784302154	0.0	2.110127789255475	0.01874552469250082	321.0,140.0,466.0,361.0	18.0,151.0,25.0,151.0
000018	162	215	TP	0.7917662765065665	0.0	4.778229646685676	0.03183596566632639	273.0,179.0,520.0,388.0	18.0,162.0,25.0,162.0
000018	174	216	TP	0.8065793481571734	0.0	2.3807214977137128	0.01440440940953807	235.0,191.0,485.0,409.0	18.0,174.0,25.0,174.0
000018	190	217	TP	0.9477606951871658	0.0	1.9972021820438155	0.005588059415426352	216.0,158.0,413.0,390.0	18.0,190.0,25.0,190.0
000018	195	218	TP	0.875915470237135	0.0	3.688550145826778	0.013189324057276299	199.0,148.0,436.0,372.0	18.0,195.0,25.0,195.0
000018	206	219	TP	0.799218434173292	0.0	4.104622861167762	0.007053267846207078	229.0,151.0,457.0,318.0	18.0,206.0,25.0,206.0
000018	229	220	TP	0.8573698024589032	0.0	0.8018457130309	0.0048854236631513965	290.0,164.0,506.0,375.0	18.0,229.0,25.0,229.0
000018	236	221	TP	0.5922046206741428	0.0	12.725904914536986	0.0445629858801	273.0,193.0,517.0,373.0	18.0,236.0,25.0,236.0
000018	246	222	TP	0.6158898771174456	0.0	2.3062440622714013	0.011026206342771497	238.0,196.0,485.0,393.0	18.0,246.0,25.0,246.0
000018	266	223	TP	0.863462979361079	0.0	1.809252749149111	0.007293474845919578	202.0,161.0,429.0,368.0	18.0,266.0,25.0,266.0
000018	272	224	TP	0.737362561371966	0.0	3.4615537953821547	0.03782210923076606	210.0,164.0,445.0,336.0	18.0,272.0,25.0,272.0
000018	279	225	TP	0.6980104637505784	0.0	1.1852455427455904	0.00313969636053123	231.0,159.0,459.0,320.0	18.0,279.0,25.0,279.0
000018	291	226	TP	0.7291397014410217	0.0	2.4937668737892777	0.011291428000072339	309.0,160.0,478.0,339.0	18.0,291.0,25.0,291.0
000018	309	227	TP	0.38598333683399844	0.0	158.08964978766468	0.4411369653557084	275.0,205.0,511.0,352.0	18.0,309.0,25.0,309.0
000018	316	228	TP	0.3268214517063857	0.0	175.267116717577	0.2104835340887161	244.0,204.0,487.0,368.0	18.0,316.0,25.0,316.0
000018	324	229	TP	0.9014706419005218	0.0	2.159408095159502	0.005196292060917021	240.0,189.0,448.0,380.0	18.0,324.0,25.0,324.0
000018	336	230	TP	0.8408429958076822	0.0	0.8706069663799915	0.003321616332047467	208.0,175.0,421.0,358.0	18.0,336.0,25.0,336.0
000018	342	231	TP	0.6160181029046259	0.0	2.7455827354084748	0.03231538521140585	207.0,176.0,442.0,335.0	18.0,342.0,25.0,342.0
000018	350	232	TP	0.5763521716993695	0.0	2.2518915651951965	0.025202466896624885	233.0,173.0,455.0,314.0	18.0,350.0,25.0,350.0
000018	357	233	TP	0.5689415041782729	0.0	6.9060897826448135	0.09148349415787875	261.0,162.0,484.0,334.0	18.0,357.0,25.0,357.0
000018	373	234	TP	0.7570364596864987	0.0	7.297498838923396	0.008108610504799552	291.0,189.0,500.0,341.0	18.0,373.0,25.0,373.0
000018	391	235	TP	0.3898808405067098	0.0	4.974968062823561	0.02643381515092008	238.0,203.0,481.0,353.0	18.0,391.0,25.0,391.0
000018	399	236	TP	0.9599963257245212	0.0	1.832276612957647	0.008395639022997921	252.0,193.0,426.0,350.0	18.0,399.0,25.0,399.0
000018	407	237	TP	0.8248380612016976	0.0	1.8606685476995564	0.008134582818714915	217.0,188.0,412.0,341.0	18.0,407.0,25.0,407.0
000018	415	238	TP	0.4452648608288049	0.0	46.78654975986305	0.0920393749824829	211.0,188.0,442.0,321.0	18.0,415.0,25.0,415.0
000018	426	239	TP	0.3684277910549676	0.0	34.69375689408317	0.9175582385858002	244.0,181.0,472.0,318.0	18.0,426.0,25.0,426.0
000018	439	*	FN	0.494267053701016	*	*	*	326.0,199.0,458.0,313.0	*
000018	452	*	FN	0.27505265005265006	*	*	*	276.0,210.0,512.0,317.0	*
000018	461	*	FN	0.20279540387583606	*	*	*	245.0,208.0,484.0,323.0	*
000018	466	240	TP	0.6529071344606203	0.0	5.698603616168586	0.009267743878098166	238.0,205.0,466.0,327.0	18.0,466.0,25.0,466.0
000018	473	241	TP	0.9669356425900413	0.0	1.4118960810948848	0.009199701591206552	263.0,203.0,405.0,320.0	18.0,473.0,25.0,473.0
000018	480	242	TP	0.6833745874587459	0.0	1.4638031989053466	0.01036610185693336	213.0,202.0,416.0,318.0	18.0,480.0,25.0,480.0
000018	487	243	TP	0.2690865954922894	0.0	82.21277393603523	0.9596189845128974	213.0,202.0,441.0,307.0	18.0,487.0,25.0,487.0
000018	491	*	FN	0.23108301040179482	*	*	*	236.0,203.0,444.0,299.0	*
000018	496	244	TP	0.25671479966487604	0.0	76.74985297473555	0.16990825719121816	237.0,199.0,459.0,305.0	18.0,496.0,25.0,496.0
